2.265032071926999322e+02 2.344192834138486319e+02 2.355267579173376191e+02
2.263285963499731679e+02 2.342623590982286714e+02 2.353782608695652243e+02
2.263649758454106404e+02 2.342978260869565190e+02 2.354135265700483046e+02
2.261016237251744485e+02 2.340542807300053596e+02 2.351510466988727899e+02
2.257916935050992890e+02 2.340130837359098166e+02 2.348712828770799774e+02
2.252246108427267757e+02 2.343614063338700930e+02 2.343664787976382229e+02
2.246324610842726770e+02 2.347166532474503526e+02 2.339013553408480846e+02
2.247231481481481410e+02 2.349599973161567448e+02 2.333656333870102060e+02
2.247330917874396050e+02 2.351782608695652073e+02 2.328523081052066459e+02
2.248618089103596276e+02 2.351984702093397743e+02 2.324809715512614048e+02
2.249372785829307588e+02 2.352440150295222736e+02 2.321860976918947870e+02
2.249814412238325190e+02 2.353122785829307588e+02 2.321253220611916390e+02
2.250067230273751875e+02 2.353353462157809872e+02 2.320944578636607503e+02
2.247855206655931397e+02 2.352781400966183583e+02 2.323041062801932242e+02
2.245097423510466967e+02 2.352291733762748152e+02 2.326618491680085867e+02
2.244226516371443836e+02 2.351827160493827193e+02 2.327459205582393906e+02
2.242811325818572072e+02 2.351163580246913511e+02 2.327746913580246826e+02
2.242616612989801297e+02 2.350975577026301551e+02 2.324352254428341382e+02
2.243129495437466403e+02 2.351202898550724569e+02 2.322297772410091170e+02
2.243609098228663470e+02 2.351083870101986122e+02 2.321250268384326318e+02
2.243580112721417095e+02 2.350343666129897997e+02 2.319689881910896361e+02
2.243328099838969365e+02 2.349910091250671087e+02 2.319144390767579296e+02
2.247463499731615570e+02 2.347538110574342340e+02 2.320425389157273344e+02
2.250016774020397179e+02 2.346245705850778336e+02 2.321683172302737432e+02
2.251960950080515431e+02 2.344485909822866461e+02 2.322544015029522200e+02
2.253763821792807391e+02 2.344782474503489027e+02 2.323944981213097094e+02
2.255303945249597461e+02 2.344944176060118082e+02 2.324682367149758591e+02
2.251223564143853935e+02 2.345526301663982736e+02 2.324282608695652073e+02
2.247413580246913511e+02 2.346617283950617150e+02 2.324133923778851454e+02
2.246632045088566940e+02 2.347875469672571001e+02 2.324821524422973766e+02
2.246628421900161072e+02 2.348798577563070182e+02 2.325949275362318929e+02
2.245850778314546403e+02 2.349665593129361127e+02 2.325907407407407277e+02
2.251018518518518476e+02 2.348444310252281184e+02 2.327048174986580875e+02
2.254869833601717630e+02 2.347434648416532355e+02 2.328098899624261833e+02
2.257079978529253879e+02 2.346459339774557122e+02 2.327672571121846374e+02
2.259026167471819520e+02 2.345953837895866911e+02 2.327653247450348886e+02
2.260114600107353624e+02 2.345837224906065615e+02 2.327970611916263977e+02
2.260249194847020817e+02 2.345553005904455119e+02 2.328160762211486770e+02
2.259510198604401410e+02 2.344796833064949055e+02 2.327595813204508772e+02
2.258508051529790635e+02 2.344006977992485190e+02 2.326521068169618900e+02
2.258196725711218562e+02 2.343852120236178109e+02 2.326700214707461214e+02
2.258648148148148209e+02 2.344172571121846431e+02 2.326959608158883555e+02
2.259537842190016192e+02 2.343941358024691226e+02 2.326027106816961805e+02
2.261006172839506121e+02 2.343920424047235542e+02 2.324506575415995826e+02
2.262193505099302229e+02 2.343473564143853878e+02 2.323421900161030464e+02
2.263478663446054782e+02 2.343623456790123498e+02 2.322900429414922030e+02
2.264046027911969929e+02 2.343433977455716501e+02 2.322045222758990803e+02
2.263478395061728463e+02 2.344047504025764965e+02 2.318870638754696643e+02
2.262177938808373483e+02 2.344745437466451961e+02 2.317688539989264598e+02
2.261524691358024768e+02 2.345641170155662962e+02 2.316339774557165754e+02
2.260725711218464937e+02 2.345589371980676390e+02 2.314981481481481467e+02
2.260817096081588886e+02 2.345960815888352045e+02 2.315479871175523385e+02
2.261525093934514246e+02 2.345883252818035487e+02 2.314790123456790241e+02
2.262544954374664599e+02 2.345556763285024147e+02 2.313073805689747644e+02
2.263452361782071875e+02 2.344130166398282427e+02 2.311478663446054611e+02
2.262982823403113173e+02 2.343313875469672496e+02 2.310132850241545839e+02
2.262536634460547589e+02 2.342647879763821663e+02 2.309164922168545218e+02
2.259308910359634979e+02 2.341338835212023639e+02 2.312788244766505557e+02
2.258178609769189507e+02 2.340504830917874415e+02 2.315421631776704317e+02
2.257533279656468039e+02 2.339765700483091848e+02 2.317769726247987023e+02
2.254969806763284907e+02 2.338008185721953964e+02 2.320552469135802482e+02
2.255416935050992890e+02 2.338843397745571622e+02 2.321806897477187306e+02
2.254814143853998871e+02 2.339522946859903243e+02 2.323770665593129365e+02
2.254358695652173878e+02 2.340013016639828152e+02 2.324692968330649592e+02
2.255143317230273681e+02 2.340924315619967899e+02 2.326448201825013484e+02
2.255664251207729478e+02 2.342184380032205979e+02 2.327840848094471369e+02
2.256840177133655345e+02 2.343113929146537942e+02 2.328994229736983357e+02
2.257754965110037517e+02 2.344810252281266685e+02 2.328813204508856813e+02
2.259191894793344204e+02 2.346182232957595204e+02 2.327999463231347193e+02
2.259520531400966092e+02 2.346644256575416136e+02 2.326762077294685866e+02
2.260047235641438590e+02 2.347498121309715486e+02 2.326903918411164796e+02
2.259939076757917462e+02 2.347433172302737603e+02 2.326467122920021495e+02
2.258725174449812130e+02 2.346457461084272609e+02 2.324320182501342060e+02
2.257056494900697885e+02 2.345475442834138562e+02 2.326134192163177659e+02
2.255250805152979012e+02 2.346166532474503583e+02 2.329050858829844231e+02
2.253888754696725698e+02 2.346124396135265613e+02 2.329929012345679098e+02
2.253369296833064936e+02 2.345856682769726262e+02 2.330362855609232327e+02
2.252265029522275768e+02 2.346240874932904035e+02 2.332219672571121976e+02
2.252144122383252807e+02 2.345949677938808406e+02 2.334377079978529252e+02
2.251953166935051058e+02 2.345529253891572807e+02 2.334722893183038082e+02
2.251218464841653315e+02 2.344746108427267757e+02 2.335574610842726884e+02
2.251467659688674132e+02 2.344866076221148603e+02 2.336816559312936192e+02
2.253811728395061778e+02 2.344143183038110578e+02 2.336544954374664655e+02
2.255196591519055289e+02 2.344201154052603329e+02 2.337092324208266234e+02
2.257651637144390691e+02 2.344064546430488463e+02 2.336996779388083780e+02
2.258447128287708097e+02 2.343656870638754697e+02 2.336823671497584485e+02
2.259209205582394020e+02 2.342136876006441355e+02 2.336163043478260875e+02
2.255691089640365021e+02 2.341537707997852920e+02 2.333815485775630805e+02
2.254448738593666235e+02 2.341526972624798759e+02 2.333297906602254557e+02
2.252974369296833004e+02 2.341249329039184204e+02 2.332676731078904879e+02
2.251930085882984542e+02 2.340874396135265840e+02 2.331669484702093484e+02
2.251718062265163667e+02 2.341105206655931283e+02 2.331268518518518533e+02
2.251498792270531339e+02 2.342197665056360734e+02 2.330264761137949563e+02
2.251757514761137884e+02 2.343035963499731622e+02 2.330220611916264204e+02
2.252242216854535570e+02 2.344135131508319887e+02 2.330181293612453146e+02
2.253314546430488576e+02 2.345264358561460085e+02 2.330650295222758928e+02
2.254525093934514359e+02 2.346220746108427306e+02 2.331330112721417152e+02
2.257384460547503977e+02 2.347088432635534048e+02 2.334631105743424655e+02
2.259800724637681242e+02 2.346854267310789055e+02 2.336849168008588435e+02
2.260822463768115824e+02 2.346921765968867533e+02 2.338363794954374555e+02
2.261187734836285586e+02 2.346370101986044006e+02 2.338495303274288801e+02
2.261443639291465502e+02 2.345464975845410720e+02 2.338509125067096193e+02
2.261827160493827193e+02 2.344998658078368123e+02 2.338823000536768575e+02
2.261255233494364063e+02 2.344867552334943639e+02 2.338325013419216418e+02
2.261082662372517404e+02 2.345609232420826515e+02 2.337556360708534555e+02
2.261075550187869112e+02 2.346066022544283385e+02 2.336949409554482031e+02
2.261064278046162030e+02 2.346684111647879831e+02 2.336786366076221100e+02
2.262214036500268435e+02 2.347159688674181552e+02 2.339178609769189450e+02
2.263911701556629055e+02 2.347782474503488856e+02 2.340947799248523893e+02
2.265298711755233398e+02 2.347714304884594867e+02 2.342790391841116389e+02
2.266044954374664542e+02 2.348115807836822455e+02 2.343503488996242652e+02
2.266436124530327447e+02 2.348612989801395656e+02 2.344406468062265105e+02
2.267010466988727728e+02 2.348352388620504598e+02 2.344467525496511087e+02
2.263267176596886827e+02 2.348602388620504655e+02 2.341402844873859408e+02
2.260583064949007053e+02 2.348772007514761242e+02 2.339792136339237913e+02
2.259053140096618222e+02 2.348707461084272552e+02 2.338202227589908659e+02
2.257410493827160565e+02 2.348701959205582455e+02 2.337165458937197968e+02
2.256777106816961975e+02 2.348308507783145558e+02 2.332587359098228603e+02
2.256503891572732243e+02 2.348031132581857321e+02 2.329404052603327955e+02
2.257183977455716501e+02 2.348774691358024711e+02 2.327105743424583864e+02
2.254490069779924966e+02 2.346891572732152440e+02 2.321660762211486713e+02
2.254267310789049930e+02 2.346533145464304937e+02 2.321049248523886206e+02
2.249566693505099408e+02 2.347794283413848575e+02 2.322307165861513738e+02
2.246013150831991538e+02 2.349113526570048407e+02 2.323534084809447222e+02
2.244268652710681806e+02 2.349432367149758534e+02 2.324835480407944317e+02
2.242657809983896868e+02 2.349645464304884683e+02 2.325258454106280226e+02
2.242792807300053539e+02 2.350282877079978618e+02 2.325730676328502398e+02
2.243129495437466403e+02 2.351179146537842257e+02 2.326388754696725698e+02
2.242640230810520734e+02 2.350178609769189393e+02 2.330062801932367051e+02
2.241820316693505220e+02 2.348940284487385952e+02 2.332485775630703131e+02
2.241638486312399436e+02 2.348293612453032608e+02 2.334067096081588772e+02
2.241756307031669451e+02 2.348049919484702173e+02 2.334691089640365078e+02
2.246751207729468547e+02 2.346850509930220028e+02 2.333428878153515882e+02
2.251664787976382058e+02 2.345559312936124456e+02 2.331230005367686431e+02
2.254761674718196502e+02 2.345199946323134839e+02 2.330267444981213032e+02
2.255925120772946855e+02 2.345047504025764908e+02 2.329264224369296699e+02
2.256510466988727899e+02 2.343962157809984035e+02 2.328857622114868491e+02
2.257373859366612976e+02 2.344528448738593625e+02 2.329053676865271143e+02
2.255587895866881354e+02 2.345637815351583413e+02 2.329523886205045642e+02
2.253414922168545331e+02 2.346950483091787305e+02 2.329629898013955938e+02
2.251674181427804626e+02 2.347978126677402031e+02 2.329975711218464767e+02
2.251486312399355825e+02 2.348246645195920621e+02 2.329998255501878646e+02
2.251323805689747815e+02 2.348773215244229675e+02 2.330079039184111593e+02
2.252767444981213032e+02 2.347911030595813315e+02 2.331098094471282991e+02
2.253676328502415345e+02 2.347086151368760056e+02 2.332484299516908095e+02
2.254048174986580761e+02 2.346644524959742455e+02 2.332542002147074527e+02
2.254650831991411621e+02 2.345892109500805134e+02 2.332934648416532468e+02
2.254057971014492807e+02 2.344480139559849761e+02 2.332707997852925530e+02
2.252158749329039154e+02 2.343546162104133259e+02 2.331842592592592496e+02
2.251332796564680621e+02 2.343157004830917742e+02 2.330905394524959604e+02
2.249930622651637009e+02 2.342816827697262454e+02 2.330048309178743864e+02
2.247725174449812187e+02 2.341314680622651565e+02 2.328442834138486432e+02
2.244641170155663019e+02 2.340470611916263977e+02 2.325478529253891509e+02
2.243532742887815346e+02 2.340282474503488856e+02 2.323345410628019465e+02
2.242114197530864317e+02 2.339322463768116052e+02 2.321718196457326826e+02
2.240608829844337038e+02 2.338652039720880396e+02 2.320365136876006318e+02
2.239976784755770325e+02 2.338641572732152554e+02 2.319427133655394471e+02
2.240406602254428208e+02 2.339008319914117067e+02 2.319503757380568914e+02
2.241754159957058619e+02 2.340230273752012806e+02 2.315623188405797066e+02
2.244827160493827023e+02 2.341488459473966657e+02 2.315384057971014613e+02
2.246571256038647277e+02 2.342715110037573822e+02 2.315197396672034245e+02
2.248368357487922822e+02 2.343596215780998477e+02 2.315007514761138054e+02
2.249553811057434132e+02 2.344430085882984542e+02 2.315089506172839435e+02
2.251250805152978955e+02 2.344340579710144823e+02 2.322887949543746515e+02
2.252487654320987644e+02 2.343680891035963612e+02 2.327893719806763215e+02
2.252600509930220198e+02 2.342826221148685022e+02 2.330896403650026798e+02
2.252972758990874809e+02 2.342218733225979577e+02 2.332440552871712214e+02
2.252913043478260988e+02 2.341826355340847954e+02 2.332905260332796615e+02
2.255092860976918985e+02 2.341484970477724232e+02 2.332843666129897997e+02
2.257650697799248576e+02 2.340776435856145952e+02 2.331567901234568012e+02
2.259388620504562653e+02 2.341056629092861101e+02 2.331533950617283892e+02
2.260759393451422454e+02 2.341897879763821777e+02 2.332048174986580875e+02
2.260972088030059126e+02 2.343467122920021382e+02 2.335324879227053145e+02
2.260526972624798816e+02 2.344336151368760000e+02 2.337416532474503583e+02
2.259654589371980649e+02 2.344908346752549733e+02 2.338406333870102003e+02
2.259610976918947927e+02 2.345543344068706517e+02 2.339334943639291566e+02
2.260030998389694048e+02 2.346202630166398251e+02 2.340697262479871199e+02
2.259927267847557744e+02 2.346192297369833568e+02 2.340785024154589280e+02
2.262560118089103582e+02 2.346262211486849196e+02 2.340823000536768745e+02
2.264944444444444400e+02 2.346243156199678026e+02 2.340228797638218055e+02
2.269207997852925303e+02 2.345946054750402539e+02 2.338238191089640452e+02
2.269882716049382623e+02 2.345379495437466346e+02 2.339104669887278476e+02
2.269700348899624203e+02 2.345148550724637744e+02 2.340498121309715600e+02
2.269916264090177265e+02 2.344681696188942510e+02 2.341723027375201411e+02
2.269930891035963612e+02 2.343974637681159550e+02 2.343234567901234584e+02
2.269672839506172863e+02 2.343404186795491171e+02 2.343669887278582848e+02
2.269494632313472948e+02 2.342584675254965134e+02 2.343813741277509450e+02
2.272845544820182511e+02 2.343862587224905951e+02 2.336867418142780366e+02
2.275383923778851454e+02 2.345265029522275881e+02 2.331451690821255909e+02
2.277243022007514810e+02 2.345021470746108321e+02 2.327452898550724569e+02
2.278549785292538843e+02 2.345690821256038703e+02 2.326778717122919886e+02
2.280152173913043612e+02 2.346968599033816361e+02 2.325095008051529817e+02
2.281296833064949112e+02 2.347483896940418617e+02 2.325709608158883555e+02
2.277594471282877180e+02 2.348823671497584655e+02 2.332154589371980649e+02
2.274184245840042990e+02 2.349063607085346348e+02 2.337233896940418560e+02
2.271966049382716051e+02 2.349483091787439548e+02 2.339752818035426856e+02
2.271305555555555600e+02 2.350158078368223187e+02 2.341806226516371510e+02
2.269203435319377320e+02 2.349375201288244739e+02 2.341624396135265727e+02
2.269483091787439548e+02 2.348927133655394641e+02 2.339687466451959210e+02
2.270432098765432158e+02 2.348831857219538506e+02 2.338388888888889028e+02
2.271277106816961862e+02 2.349297369833601579e+02 2.337693102522812580e+02
2.271300724637681299e+02 2.349555958132044964e+02 2.337663043478260931e+02
2.270578368223295627e+02 2.349741143317230296e+02 2.336279790660225331e+02
2.269329441760601185e+02 2.350933843263553342e+02 2.336095142243692919e+02
2.268619833601717630e+02 2.351076355340848067e+02 2.335083333333333258e+02
2.268174181427804683e+02 2.351556494900697771e+02 2.334761540526033343e+02
2.268568303811057376e+02 2.352796833064948885e+02 2.335555823939882032e+02
2.270171765968867419e+02 2.353245034889962426e+02 2.336968062265163724e+02
2.272077563070316728e+02 2.352435319377348435e+02 2.337942431561996841e+02
2.272283682232957460e+02 2.352206521739130380e+02 2.338245705850778222e+02
2.272766908212560395e+02 2.351811594202898448e+02 2.338189881910896304e+02
2.273205314009661890e+02 2.351563338701019745e+02 2.338340177133655402e+02
2.276043075684380028e+02 2.350134326355340875e+02 2.339657809983897039e+02
2.278048845947396615e+02 2.348967257112184654e+02 2.341148416532474528e+02
2.279888083735909845e+02 2.348715244229736925e+02 2.342587090713902285e+02
2.280122517444981156e+02 2.347698872785829280e+02 2.342204911433172185e+02
2.279285829307568463e+02 2.346189076757917462e+02 2.341392646269457885e+02
2.279116747181964513e+02 2.345172168545356897e+02 2.340949006977992610e+02
2.273886070853462229e+02 2.345689210950080508e+02 2.339260869565217433e+02
2.270162506709608294e+02 2.345589506172839549e+02 2.338367418142780423e+02
2.267331454643048971e+02 2.346900697799248405e+02 2.338306494900697885e+02
2.266120772946860029e+02 2.346981615673644797e+02 2.338090713902307982e+02
2.267386607622114809e+02 2.347274557165861495e+02 2.337388754696725641e+02
2.269066290928609817e+02 2.347822597960279154e+02 2.335354804079441635e+02
2.270583601717659690e+02 2.348823134728931734e+02 2.334442968330649535e+02
2.271716049382715994e+02 2.349853730542136248e+02 2.334292404723564118e+02
2.272894793344068773e+02 2.350360976918947813e+02 2.334395866881374104e+02
2.273149490069779972e+02 2.350187198067632721e+02 2.333740203972087954e+02
2.274657407407407277e+02 2.351418276972624710e+02 2.331658480944712721e+02
2.275104804079441863e+02 2.351691760601180761e+02 2.330013285024154470e+02
2.275472893183038252e+02 2.351305958132045077e+02 2.328617015566291002e+02
2.274769323671497716e+02 2.350312399355877631e+02 2.326416398282340197e+02
2.277429817498658053e+02 2.349439747718733145e+02 2.324606951154052581e+02
2.279315888352120112e+02 2.348579710144927617e+02 2.323799516908212581e+02
2.280282474503488856e+02 2.347909957058507757e+02 2.323090579710144823e+02
2.280883923778851283e+02 2.347592726784755826e+02 2.322875603864734160e+02
2.281131776704240508e+02 2.347399624261942961e+02 2.321966988727858165e+02
2.280455716586151311e+02 2.347660091250670860e+02 2.323677133655394584e+02
2.279151234567901270e+02 2.347371980676328462e+02 2.325661567364466009e+02
2.278730273752012749e+02 2.347407407407407334e+02 2.326706253354803948e+02
2.277995705850778450e+02 2.348035829307568463e+02 2.329515700483091791e+02
2.277186392914653652e+02 2.347268384326355317e+02 2.328820316693505106e+02
2.278071256038647334e+02 2.346357085346215854e+02 2.329050590445517912e+02
2.278885802469135911e+02 2.345721551261406432e+02 2.330632313472893316e+02
2.279864868491680170e+02 2.345249865807836898e+02 2.331862318840579746e+02
2.279799382716049365e+02 2.343885668276972751e+02 2.331652442297369703e+02
2.280257380568974668e+02 2.343010601180891115e+02 2.332466854535695120e+02
2.278716183574879324e+02 2.340382447665056418e+02 2.334743290391841128e+02
2.277329575952764458e+02 2.338419484702093314e+02 2.336761272141706911e+02
2.275342995169082201e+02 2.336459205582393963e+02 2.336970611916264033e+02
2.273602388620504655e+02 2.335112050456253314e+02 2.335751341921631763e+02
2.272151502952227702e+02 2.333593800322061327e+02 2.334830917874396050e+02
2.271250000000000000e+02 2.334449677938808350e+02 2.329096752549651228e+02
2.271102791196994133e+02 2.335172839506172977e+02 2.325349302200751538e+02
2.271287305421363385e+02 2.335982957595276446e+02 2.323312801932367222e+02
2.271628824476650550e+02 2.336966183574879210e+02 2.321417606011808914e+02
2.272214170692431594e+02 2.337812667740203949e+02 2.321565083199141100e+02
2.271919753086419860e+02 2.337919484702093484e+02 2.321648953301127278e+02
2.272009259259259295e+02 2.338805018786902963e+02 2.320662775093934442e+02
2.271624932903918364e+02 2.339705716586151425e+02 2.320030461621041411e+02
2.270923644659151819e+02 2.339703972088030071e+02 2.319430622651637179e+02
2.270164787976382286e+02 2.339426999463231311e+02 2.318996779388083667e+02
2.265644927536231990e+02 2.339796564680622737e+02 2.318056629092860987e+02
2.261570853462157800e+02 2.341227858293075599e+02 2.317288244766505727e+02
2.259341921631776700e+02 2.341306226516371396e+02 2.316593934514224316e+02
2.257895866881374047e+02 2.340511272141706911e+02 2.315951690821256079e+02
2.256912104133118646e+02 2.340379629629629505e+02 2.316048711755233569e+02
2.259159420289855120e+02 2.339494095544820311e+02 2.314495705850778222e+02
2.262374798711755375e+02 2.339163848631239944e+02 2.313317364465915205e+02
2.264189076757917292e+02 2.339222490606548490e+02 2.312565351583467645e+02
2.265718464841653201e+02 2.339475577026301778e+02 2.312359634997316107e+02
2.266585480407944146e+02 2.339632716049382850e+02 2.312299114331723047e+02
2.265298443370907080e+02 2.339178609769189450e+02 2.318797235641438590e+02
2.262875603864734160e+02 2.338970880300590522e+02 2.322217793880837462e+02
2.261458132045088689e+02 2.337476650563607166e+02 2.325557434245839943e+02
2.260404455179817376e+02 2.337135936661298956e+02 2.327318303811057376e+02
2.259405797101449309e+02 2.336867418142780366e+02 2.328334406870638702e+02
2.261832930756843894e+02 2.337264492753623131e+02 2.322419216317767052e+02
2.264679146537842200e+02 2.336594202898550634e+02 2.319099838969404175e+02
2.267031266774020537e+02 2.335909822866344712e+02 2.317857085346215911e+02
2.267555018786902963e+02 2.335825952764358533e+02 2.316557702630166489e+02
2.267951154052603329e+02 2.335157675791733709e+02 2.315646001073537263e+02
2.266994095544820311e+02 2.334120772946859859e+02 2.316747181964573201e+02
2.265536366076221100e+02 2.333417069243156163e+02 2.317821792807299914e+02
2.264603193773483554e+02 2.332848765432098901e+02 2.318417069243156163e+02
2.264269860440150239e+02 2.332685319377348492e+02 2.319640499194846939e+02
2.263956790123456813e+02 2.332656065485775514e+02 2.319847691894793229e+02
2.263852388620504428e+02 2.333355877616747307e+02 2.320421900161030635e+02
2.265955314009661947e+02 2.332549785292538900e+02 2.321072061191626403e+02
2.267082528180354188e+02 2.332049382716049308e+02 2.321873322597960225e+02
2.270003086419752947e+02 2.332420021470746008e+02 2.324033816425120733e+02
2.271839237788513230e+02 2.333373456790123441e+02 2.325466317767042312e+02
2.271023617820719380e+02 2.334774959742350973e+02 2.324785963499731736e+02
2.267721148684916841e+02 2.337977455716586235e+02 2.323130703166935120e+02
2.266397342995169026e+02 2.339231884057971058e+02 2.322550187869028377e+02
2.266056092324208180e+02 2.340514358561460142e+02 2.322553945249597405e+02
2.265204643048845981e+02 2.341343263553408462e+02 2.322539989264626854e+02
2.262712828770799831e+02 2.341467122920021495e+02 2.326883521202361749e+02
2.260312801932367108e+02 2.341112318840579576e+02 2.330574074074073962e+02
2.258221148684916670e+02 2.340538647342995091e+02 2.334355877616747250e+02
2.255003891572732186e+02 2.337955448201824993e+02 2.335653650026838477e+02
2.255081857219538506e+02 2.338369296833064936e+02 2.336201825013419295e+02
2.254996779388083610e+02 2.339405797101449309e+02 2.337770933977455741e+02
2.255169753086419746e+02 2.340448872785829337e+02 2.339032340311325697e+02
2.255078904991948434e+02 2.341180891035963612e+02 2.339504965110037631e+02
2.255004294149221664e+02 2.341904723564143751e+02 2.340097423510466967e+02
2.254589506172839606e+02 2.342131642512077292e+02 2.340124798711755147e+02
2.254711621041331284e+02 2.342249865807836784e+02 2.340188808373590916e+02
2.254963768115941889e+02 2.341704643048846037e+02 2.341830515297906743e+02
2.255247987117552384e+02 2.341096886741814274e+02 2.343362721417069281e+02
2.256258856682769647e+02 2.341463633923778787e+02 2.345951154052603442e+02
2.256766908212560452e+02 2.341680354267310804e+02 2.346579039184111650e+02
2.257240069779924738e+02 2.341844471282877009e+02 2.347448738593666064e+02
2.253669216317767052e+02 2.341999865807836727e+02 2.344039720880300592e+02
2.250913580246913455e+02 2.343098497047772355e+02 2.342147208803006038e+02
2.247906199677938730e+02 2.342747718733226066e+02 2.340481213097155262e+02
2.246472088030058956e+02 2.342565888352120282e+02 2.339077428878153455e+02
2.262748792270531339e+02 2.336678207192699972e+02 2.337911298980139634e+02
2.271126543209876445e+02 2.335619296833064880e+02 2.336358561460010606e+02
2.276488996242619294e+02 2.334436124530327561e+02 2.335567498658078307e+02
2.279567767042404682e+02 2.334154186795491057e+02 2.334880703166934950e+02
2.282232957595276446e+02 2.334079039184111650e+02 2.334196994095544824e+02
2.281177804616210381e+02 2.336462828770799831e+02 2.335326489533011340e+02
2.279602522812667758e+02 2.337289855072463638e+02 2.335956387546967221e+02
2.277626945786365980e+02 2.338144256575415909e+02 2.336428341384863074e+02
2.277250402576489421e+02 2.338693505099302286e+02 2.336565351583467418e+02
2.277109634997316050e+02 2.339319645732689139e+02 2.337039855072463865e+02
2.277401502952227474e+02 2.339504965110037631e+02 2.337115539452495909e+02
2.276223027375201298e+02 2.340255367686526995e+02 2.335589506172839549e+02
2.275260466988727899e+02 2.342073537305421382e+02 2.334196323134729028e+02
2.274077160493827137e+02 2.342842860976919042e+02 2.331944041867954809e+02
2.272674315619967729e+02 2.342586956521739125e+02 2.330862453032742962e+02
2.272407944176060255e+02 2.342449141170155542e+02 2.331975711218464937e+02
2.271834004294149167e+02 2.342064412238325417e+02 2.332772141706924174e+02
2.271964573268921015e+02 2.342032742887815289e+02 2.334407004830917742e+02
2.271153247450348829e+02 2.341894122383252750e+02 2.334594605475040225e+02
2.270978260869565304e+02 2.341844873859366487e+02 2.335388888888888914e+02
2.273426731078905050e+02 2.342136876006441355e+02 2.334134460547504091e+02
2.275392377885131623e+02 2.342069779924852355e+02 2.332439479334406940e+02
2.276333333333333258e+02 2.341698336017176700e+02 2.331671631776704317e+02
2.277360708534621665e+02 2.341622383252818054e+02 2.330552603327965642e+02
2.278371578099838928e+02 2.342137546967257151e+02 2.330876677402039832e+02
2.279779388083735796e+02 2.342594739667203498e+02 2.331553811057434302e+02
2.278291331186258617e+02 2.341351986044014950e+02 2.332793075684380142e+02
2.276379898013956051e+02 2.340314680622651622e+02 2.334143183038110578e+02
2.275324879227053145e+02 2.339836956521739069e+02 2.335261137949543695e+02
2.273214304884594696e+02 2.338283682232957688e+02 2.334520799785292411e+02
2.272881910896403781e+02 2.336186527106816868e+02 2.332081320450885755e+02
2.272924315619967786e+02 2.334191760601180761e+02 2.329233225979602651e+02
2.273609769189479266e+02 2.333029388083735967e+02 2.328021604938271594e+02
2.274658615136875994e+02 2.332403515834675147e+02 2.327055287171229168e+02
2.275033816425120676e+02 2.332049114331722990e+02 2.326113660762211452e+02
2.271378019323671538e+02 2.333095813204508886e+02 2.329029119699409591e+02
2.267893048845947419e+02 2.334303005904455119e+02 2.331820987654321016e+02
2.265955582393988266e+02 2.334646806226516276e+02 2.334123993558776249e+02
2.265333199141170155e+02 2.335435587761674583e+02 2.335931293612453032e+02
2.265718599033816361e+02 2.336780059044551763e+02 2.338286366076221157e+02
2.265207326892109450e+02 2.338572597960279040e+02 2.340080381105743470e+02
2.264930354267310690e+02 2.339502147074610718e+02 2.341466720343532018e+02
2.264525899087493315e+02 2.339853596349973088e+02 2.341905797101449309e+02
2.259945115405260196e+02 2.339005501878690154e+02 2.341207192699946233e+02
2.258747718733226009e+02 2.337799785292538957e+02 2.339840177133655459e+02
2.257057165861513681e+02 2.335833735909822906e+02 2.338738459473966600e+02
2.256904991948470069e+02 2.335011003757380479e+02 2.339018786902844909e+02
2.256957192699946404e+02 2.334904723564143865e+02 2.338870772946859802e+02
2.257412506709608238e+02 2.335145464304884513e+02 2.339332930756843894e+02
2.257650026838432495e+02 2.335634057971014386e+02 2.340171900161030578e+02
2.255091787439613427e+02 2.336830246913580140e+02 2.339119833601717744e+02
2.252788110574342397e+02 2.338459608158883611e+02 2.338869028448738732e+02
2.252301261406333879e+02 2.339608561460010776e+02 2.338577160493827023e+02
2.251136741814277968e+02 2.339975442834138448e+02 2.337737922705314020e+02
2.250544685990338110e+02 2.340010466988727842e+02 2.337510198604401523e+02
2.250291733762748265e+02 2.339758722490606431e+02 2.337392780461620987e+02
2.245384057971014613e+02 2.340873456790123441e+02 2.336749329039184033e+02
2.243098094471282877e+02 2.341015029522275768e+02 2.336468733225979690e+02
2.241660762211486713e+02 2.341452764358561467e+02 2.336357353730542172e+02
2.239793478260869506e+02 2.341022007514761185e+02 2.335819108964036559e+02
2.240794551798175007e+02 2.340805421363392327e+02 2.336364197530864146e+02
2.241563472893182904e+02 2.339627214170692469e+02 2.338692834138486205e+02
2.242162640901771340e+02 2.339431561996779294e+02 2.339630703166935177e+02
2.242484433709071254e+02 2.339196859903381664e+02 2.340332393988191200e+02
2.242607622114868491e+02 2.338593531937734724e+02 2.340292270531400902e+02
2.244083735909822792e+02 2.338178743961352666e+02 2.339188405797101495e+02
2.245087090713902285e+02 2.337796027911969929e+02 2.338117954911433287e+02
2.246270799785292525e+02 2.338408749329039154e+02 2.338305555555555486e+02
2.248319377348362877e+02 2.338412372517445021e+02 2.338793612453032722e+02
2.249833467525496644e+02 2.338805421363392441e+02 2.339244632313472891e+02
2.249606414385399944e+02 2.342715512614063300e+02 2.332918142780461608e+02
2.248965378421900141e+02 2.345610171765968914e+02 2.327322061191626403e+02
2.249340848094471141e+02 2.347663714439076728e+02 2.324575415995705896e+02
2.249115673644659239e+02 2.348841921631776586e+02 2.323992216854535684e+02
2.248658212560386573e+02 2.349268786902844965e+02 2.323486312399355995e+02
2.248803005904455290e+02 2.346056494900697658e+02 2.334105206655931397e+02
2.248111513687600507e+02 2.344083601717659633e+02 2.339724771873322595e+02
2.247861379495437575e+02 2.343019189479334443e+02 2.342634863123993512e+02
2.247094739667203385e+02 2.341378958668813652e+02 2.345000000000000000e+02
2.247174718196457377e+02 2.340858024691358139e+02 2.346307568438003273e+02
2.247758722490606544e+02 2.341632179280730099e+02 2.342830112721417208e+02
2.249056092324208294e+02 2.342387681159420367e+02 2.341343397745571622e+02
2.249821121846484289e+02 2.342966586151368631e+02 2.341169887278582848e+02
2.249952227589908773e+02 2.343183843263553285e+02 2.340319645732689082e+02
2.250413848631239944e+02 2.343268250134192101e+02 2.340186124530327447e+02
2.250560520665593174e+02 2.342912775093934385e+02 2.339254294149221778e+02
2.251453569511540422e+02 2.342259661835748830e+02 2.340115405260332864e+02
2.253302737520128858e+02 2.341495571658615233e+02 2.342167337627482482e+02
2.253945517981749731e+02 2.341048845947396728e+02 2.342776033279656360e+02
2.254590445517981721e+02 2.341434514224369252e+02 2.343984567901234470e+02
2.255818169618894160e+02 2.341823134728931848e+02 2.342789720880300592e+02
2.256119162640901834e+02 2.341378958668813652e+02 2.341696323134729028e+02
2.255860440150295290e+02 2.341089506172839378e+02 2.339839908749329140e+02
2.256152710681696192e+02 2.341031803542673231e+02 2.338550993022007560e+02
2.255000670960815796e+02 2.340257514761137827e+02 2.337453435319377206e+02
2.253574745034889872e+02 2.338614197530864089e+02 2.337336688137412750e+02
2.253548577563070410e+02 2.338675791733762708e+02 2.337593934514224259e+02
2.253609232420826629e+02 2.338392780461620930e+02 2.338241948470209479e+02
2.253525899087493372e+02 2.338480273752012977e+02 2.338152710681696078e+02
2.254005367686526995e+02 2.338875738056897546e+02 2.338744766505635937e+02
2.256022141706924344e+02 2.339975577026301607e+02 2.336539049919484796e+02
2.259854133118626009e+02 2.341915593129361355e+02 2.333797772410091227e+02
2.262054616210413371e+02 2.343076221148684795e+02 2.332010198604401410e+02
2.264142377885131623e+02 2.343411701556629225e+02 2.329555018786902849e+02
2.264222088030059012e+02 2.342898819108964119e+02 2.329026435856146122e+02
2.263434245840042820e+02 2.342321658615136926e+02 2.332629361245303414e+02
2.262428609769189620e+02 2.341331052066559266e+02 2.336529388083735910e+02
2.261866210413311933e+02 2.340301932367149789e+02 2.338795491143317236e+02
2.260772410091250606e+02 2.339982018250134104e+02 2.339994632313472778e+02
2.259872249060654781e+02 2.339509527643585614e+02 2.339678207192700086e+02
2.257608964036500367e+02 2.339969538378958589e+02 2.338995437466452074e+02
2.255590445517981664e+02 2.341178743961352779e+02 2.338387546967257151e+02
2.254644122383252807e+02 2.341998121309715373e+02 2.338086419753086318e+02
2.254564680622651736e+02 2.342362453032743019e+02 2.337776704240472441e+02
2.254198738593666178e+02 2.342561728395061778e+02 2.337981884057971058e+02
2.253078770799785389e+02 2.342814412238325303e+02 2.337365136876006488e+02
2.252907004830917970e+02 2.342013955984970437e+02 2.336725040257649084e+02
2.252936661298980141e+02 2.341555018786902735e+02 2.336755367686527052e+02
2.253337493290391933e+02 2.341043612453032665e+02 2.336609366612989902e+02
2.253815083199141043e+02 2.341425523349436446e+02 2.337097691894793456e+02
2.252120370370370495e+02 2.342916800858829731e+02 2.331825684380032158e+02
2.250182098765432102e+02 2.344258185721953964e+02 2.326612050456253371e+02
2.248174449812131002e+02 2.345691089640365021e+02 2.323658078368223414e+02
2.246509930220075262e+02 2.345517444981213089e+02 2.320836553945249534e+02
2.245564278046162201e+02 2.344886205045625331e+02 2.318880971551261325e+02
2.243934782608695571e+02 2.341780327428878081e+02 2.324876811594202763e+02
2.243388888888889028e+02 2.340053542673107927e+02 2.329525764895330155e+02
2.242629763821792892e+02 2.338831454643048744e+02 2.331153918411164909e+02
2.242500134192163159e+02 2.338817498658078478e+02 2.332193505099302229e+02
2.242561862587224937e+02 2.338779119699409534e+02 2.333386339237788434e+02
2.244383521202361749e+02 2.339719538378958532e+02 2.333011943102522707e+02
2.245759796027911932e+02 2.340150026838432495e+02 2.332746779388083667e+02
2.247011540526033286e+02 2.340753757380568914e+02 2.333283816425120847e+02
2.248252683843263640e+02 2.341062801932367279e+02 2.333403784219001693e+02
2.249311862587224766e+02 2.341740740740740705e+02 2.333615539452495966e+02
2.251065888352120226e+02 2.340314143853998985e+02 2.333452630166398194e+02
2.252126677402039832e+02 2.339735507246376756e+02 2.333331186258722596e+02
2.253269994632313455e+02 2.338988459473966657e+02 2.333652308105206714e+02
2.253749329039184204e+02 2.338664653784219070e+02 2.333515163714439211e+02
2.254142780461621101e+02 2.338521068169618786e+02 2.333925120772946968e+02
2.253135265700483103e+02 2.339637278582930833e+02 2.331734165324745049e+02
2.251535292538915769e+02 2.341016505636070804e+02 2.329631910896403610e+02
2.250575550187868998e+02 2.342011540526033286e+02 2.328181696188942453e+02
2.249751610305958138e+02 2.342404455179817546e+02 2.327047772410091113e+02
2.249686661298980255e+02 2.342655394524959718e+02 2.326582259796028040e+02
2.249586017176596897e+02 2.343263285024154641e+02 2.326355877616747136e+02
2.257051529790660140e+02 2.339579441760601242e+02 2.326076757917337545e+02
2.263565351583467589e+02 2.337084004294149224e+02 2.326237788513150804e+02
2.267273483628556221e+02 2.336131910896403667e+02 2.327127750939345106e+02
2.269150429414922030e+02 2.336012882447664936e+02 2.327374396135265613e+02
2.264352925389157178e+02 2.337985641438540085e+02 2.326715512614063357e+02
2.259948336017176587e+02 2.339923242082662398e+02 2.326826086956521635e+02
2.256261808910359719e+02 2.341063741277509394e+02 2.326595813204508829e+02
2.253218062265163724e+02 2.341167740203972016e+02 2.326679683306495008e+02
2.251501744498121411e+02 2.340635265700483103e+02 2.325820048309178674e+02
2.249899490069779802e+02 2.339681159420289873e+02 2.325048309178743864e+02
2.248196859903381721e+02 2.339855206655931283e+02 2.325920289855072554e+02
2.245464975845410720e+02 2.338894793344068717e+02 2.325767444981213146e+02
2.244029924852388547e+02 2.338961621041331114e+02 2.326491143317230410e+02
2.243329710144927560e+02 2.338948201825013484e+02 2.326998926462694612e+02
2.245521873322597912e+02 2.338813607085346291e+02 2.328102388620504541e+02
2.247831723027375119e+02 2.338734433709071254e+02 2.329015566290928518e+02
2.249839506172839378e+02 2.338985104669887392e+02 2.330212560386473513e+02
2.255890633387010098e+02 2.339330246913580140e+02 2.334423778851315205e+02
2.256201959205582455e+02 2.339649758454106347e+02 2.334494229736983471e+02
2.251375469672571228e+02 2.341778582930756727e+02 2.334638352120236107e+02
2.247967659688674189e+02 2.342841116478797687e+02 2.334118625872249027e+02
2.245997987117552270e+02 2.343493961352656925e+02 2.333827026301663921e+02
2.244470611916264033e+02 2.343937332259796165e+02 2.334036634460547646e+02
2.244246511003757405e+02 2.344603998926462793e+02 2.334112587224906008e+02
2.245944176060118025e+02 2.344835748792270635e+02 2.335287707997852920e+02
2.247143719806763329e+02 2.344717257112184541e+02 2.335235909822866347e+02
2.249158212560386403e+02 2.345852657004830917e+02 2.336006977992485361e+02
2.251012614063338617e+02 2.346892914653784317e+02 2.336596484165324625e+02
2.252096215780998421e+02 2.347038647342995148e+02 2.337008454106280055e+02
2.253058507783145501e+02 2.347735373054213710e+02 2.337613123993558872e+02
2.254107219538379070e+02 2.348371041331186291e+02 2.337966183574879153e+02
2.253965780998389619e+02 2.347864063338701044e+02 2.338331320450885755e+02
2.254113123993558645e+02 2.347532206119162765e+02 2.338133655394524908e+02
2.253960279119699521e+02 2.347096349973161580e+02 2.337971014492753739e+02
2.253800456253354696e+02 2.346960279119699351e+02 2.334865673644659125e+02
2.253822463768115938e+02 2.346892646269457998e+02 2.333033145464304994e+02
2.254725442834138391e+02 2.348076892109500875e+02 2.332142109500805134e+02
2.255105340848094500e+02 2.348345008051529703e+02 2.331581857219538279e+02
2.253490203972087897e+02 2.347453569511540650e+02 2.329944712828770719e+02
2.252257648953301157e+02 2.346394122383252920e+02 2.328228126677402088e+02
2.245558105206656023e+02 2.344852925389157292e+02 2.330183038110574216e+02
2.240597155126140763e+02 2.345320048309178844e+02 2.333776972624798702e+02
2.238047906602254500e+02 2.345180354267310747e+02 2.335132984433708998e+02
2.237525496511003666e+02 2.345132179280730043e+02 2.336624932903918364e+02
2.246518652710681749e+02 2.346133655394525022e+02 2.324599302200751367e+02
2.252856146001073512e+02 2.348001207729468547e+02 2.317523349436392834e+02
2.257444176060118082e+02 2.348069377348362821e+02 2.314522275899087447e+02
2.260982420826623809e+02 2.348844202898550861e+02 2.311696054750402709e+02
2.263234165324745106e+02 2.349914117015566433e+02 2.311319108964036388e+02
2.263206521739130324e+02 2.350707729468599041e+02 2.318399624261943188e+02
2.263162506709608124e+02 2.350818974771873400e+02 2.322574610842726770e+02
2.262333735909822963e+02 2.351152710681696192e+02 2.324555958132044964e+02
2.261162506709608238e+02 2.350722490606548547e+02 2.324418679549114302e+02
2.260309849704777321e+02 2.350655394524959831e+02 2.325177402039720960e+02
2.256503354804079322e+02 2.351991277509393399e+02 2.323505367686527165e+02
2.254595142243692862e+02 2.352522544283413879e+02 2.322506441223832496e+02
2.251900161030595768e+02 2.352784353193773370e+02 2.320233225979602878e+02
2.250954643048845867e+02 2.352851046698872892e+02 2.319798443370907250e+02
2.250136070853462229e+02 2.352886473429951764e+02 2.318685990338164231e+02
2.249954374664519605e+02 2.353013285024154584e+02 2.318383789586688124e+02
2.252640767579173371e+02 2.351811325818572129e+02 2.318404723564143808e+02
2.255779522275899183e+02 2.351697396672034301e+02 2.319222356414385331e+02
2.257778582930756954e+02 2.351947128287708040e+02 2.320118089103596333e+02
2.259331052066559380e+02 2.351867418142780366e+02 2.320575952764358476e+02
2.259887815351583527e+02 2.351509796027912103e+02 2.321202093397745614e+02
2.261354133118625782e+02 2.350883387010198646e+02 2.321927938808373710e+02
2.261412506709608294e+02 2.349547101449275317e+02 2.322045491143317122e+02
2.261866344605475092e+02 2.349554213633923894e+02 2.322725174449812187e+02
2.262325281803542794e+02 2.349206387546967392e+02 2.322679683306494951e+02
2.250036097691894668e+02 2.350024557165861552e+02 2.322235909822866233e+02
2.241824879227053202e+02 2.350154052603327841e+02 2.323339506172839606e+02
2.237029924852388660e+02 2.350109232420826686e+02 2.324046296296296248e+02
2.233826086956521806e+02 2.348574610842726713e+02 2.323396403650026798e+02
2.231438942565754076e+02 2.347611513687600677e+02 2.323059312936124456e+02
2.234849436392914583e+02 2.347778180354267192e+02 2.322248658078368351e+02
2.237791599570585106e+02 2.347469001610305952e+02 2.321791465378422004e+02
2.240154723564143922e+02 2.347349436392914583e+02 2.320992216854535570e+02
2.243008454106280283e+02 2.345958534621578053e+02 2.319742216854535570e+02
2.242835614600107306e+02 2.346427402039720960e+02 2.319860574342458506e+02
2.243413311862587136e+02 2.347596618357488012e+02 2.320546698872785782e+02
2.243581052066559209e+02 2.347995974235104768e+02 2.320705716586151368e+02
2.243529656468062399e+02 2.348501744498121298e+02 2.320975040257648914e+02
2.243893585614599999e+02 2.349204374664519719e+02 2.321838969404186912e+02
2.243761406333870241e+02 2.349461218464841750e+02 2.321855072463768010e+02
2.243205179817498731e+02 2.348734970477724175e+02 2.322151637144390861e+02
2.242717659688674132e+02 2.348465512614063471e+02 2.322726918947933541e+02
2.242757917337627589e+02 2.348631374127751030e+02 2.323107756307031764e+02
2.242243022007514810e+02 2.347997450348899520e+02 2.323159151905528859e+02
2.240429146537842087e+02 2.347085480407944260e+02 2.321913580246913682e+02
2.239920960815888407e+02 2.346276033279656588e+02 2.321507917337627589e+02
2.240139291465378335e+02 2.347034621578099802e+02 2.323884057971014556e+02
2.239589640365002765e+02 2.346976382179280733e+02 2.326509527643585500e+02
2.239026972624798759e+02 2.346458937198067645e+02 2.327624530327428829e+02
2.239025228126677405e+02 2.346493156199677799e+02 2.328535426731078815e+02
2.239724235104669958e+02 2.346001207729468661e+02 2.330311594202898675e+02
2.241220746108427306e+02 2.346147074610842651e+02 2.330791062801932298e+02
2.242161969940955544e+02 2.346384192163177715e+02 2.330943505099302229e+02
2.242677133655394641e+02 2.346714975845410720e+02 2.331773349436392948e+02
2.243174584004294161e+02 2.346276435856146065e+02 2.331670289855072440e+02
2.241185050993022116e+02 2.345723295759527502e+02 2.334309581320450775e+02
2.238970746108427363e+02 2.344355206655931170e+02 2.335154052603327841e+02
2.237014224369296755e+02 2.343657944176060255e+02 2.335498658078368237e+02
2.235605609232420932e+02 2.342521470746108321e+02 2.335461755233494330e+02
2.234077160493827137e+02 2.341632447665056418e+02 2.335671229200214611e+02
2.234545356951153963e+02 2.341622517444981213e+02 2.330633789586688067e+02
2.235638888888888971e+02 2.341471685453569478e+02 2.324858158883521071e+02
2.235938942565754246e+02 2.340561460010735289e+02 2.321740338164251227e+02
2.236721551261406375e+02 2.340630032206119040e+02 2.319776301663982849e+02
2.237505233494364063e+02 2.341259661835748886e+02 2.319122114868491735e+02
2.238079441760601185e+02 2.340883118625872328e+02 2.320262345679012412e+02
2.238488191089640225e+02 2.340835614600107419e+02 2.322860305958132017e+02
2.239929280730005416e+02 2.341985507246376699e+02 2.324275764895330099e+02
2.241542404723564061e+02 2.342595813204508772e+02 2.325649758454106291e+02
2.242523483628555994e+02 2.343240203972088125e+02 2.326547772410091284e+02
2.244724369296833117e+02 2.343513419216317857e+02 2.330456521739130551e+02
2.247130032206119097e+02 2.343486312399355995e+02 2.333773215244229675e+02
2.248079173376274866e+02 2.343355609232420704e+02 2.335222758990875036e+02
2.248842324208266348e+02 2.342877616747181833e+02 2.335811728395061664e+02
2.249343934514224372e+02 2.342684514224369252e+02 2.336512882447665049e+02
2.249974100912506572e+02 2.342487385936661326e+02 2.337255099302200847e+02
2.248854804079441863e+02 2.342521873322598083e+02 2.337735238862050551e+02
2.248074074074073962e+02 2.342454508856682764e+02 2.337679683306494951e+02
2.247378824476650436e+02 2.342181293612453032e+02 2.337635265700482989e+02
2.246722356414385331e+02 2.342719806763284964e+02 2.338250402576489648e+02
2.246882984433709112e+02 2.343220880300590352e+02 2.336833870101986008e+02
2.247832930756843837e+02 2.344668545356951199e+02 2.335432769726247955e+02
2.248390365002683779e+02 2.345624396135265783e+02 2.334714841653247390e+02
2.248604669887278646e+02 2.346035024154589337e+02 2.334259125067096079e+02
2.248253354804079436e+02 2.345756709608158985e+02 2.333791465378421890e+02
2.248410225442834189e+02 2.345512882447665106e+02 2.334991680085882990e+02
2.248386070853462115e+02 2.345377482555018673e+02 2.335540928609769082e+02
2.248079173376274866e+02 2.344447530864197518e+02 2.335464573268920958e+02
2.247672436929683215e+02 2.343847155126140649e+02 2.335728126677402088e+02
2.248338298443370888e+02 2.344117283950617150e+02 2.336525764895330042e+02
2.247785560923242087e+02 2.345373590982286771e+02 2.331317230273751875e+02
