2.017577777777777897e+02 1.988282716049382657e+02 2.029922222222222103e+02
2.019358333333333348e+02 1.990323148148148107e+02 2.032186728395061834e+02
2.021668209876543187e+02 1.992826851851851870e+02 2.034679320987654307e+02
2.020981790123456676e+02 1.992103395061728293e+02 2.034005864197530968e+02
2.021678395061728395e+02 1.991494444444444412e+02 2.033190123456789991e+02
2.022323765432098810e+02 1.991301543209876570e+02 2.031362037037036998e+02
2.021818827160493868e+02 1.992697222222222138e+02 2.025150925925925947e+02
2.020348765432098901e+02 1.992479012345679052e+02 2.022111111111111086e+02
2.020056172839506132e+02 1.992979629629629699e+02 2.017906790123456915e+02
2.017984259259259261e+02 1.992815123456790047e+02 2.014921913580246837e+02
2.016442901234567842e+02 1.991765740740740682e+02 2.011162037037036896e+02
2.015097530864197495e+02 1.990133333333333212e+02 2.009269753086419712e+02
2.012157098765432011e+02 1.987912037037037010e+02 2.007231172839506144e+02
2.008867592592592644e+02 1.986586111111110995e+02 2.007026851851851745e+02
2.008052469135802482e+02 1.986069753086419780e+02 2.006380246913580265e+02
2.008385493827160531e+02 1.986751543209876445e+02 2.007984259259259261e+02
2.008911728395061687e+02 1.987603703703703673e+02 2.009691975308641929e+02
2.009797530864197483e+02 1.987651234567901213e+02 2.009598765432098730e+02
2.011075925925925958e+02 1.987592592592592666e+02 2.009281481481481535e+02
2.011164814814814861e+02 1.987806172839506189e+02 2.008399382716049502e+02
2.010784876543209805e+02 1.987200925925925787e+02 2.006957716049382725e+02
2.009690740740740864e+02 1.985073456790123316e+02 2.005375925925926026e+02
2.009147530864197506e+02 1.982915432098765507e+02 2.006243209876543290e+02
2.006625308641975209e+02 1.981085802469135899e+02 2.005040123456790013e+02
2.004141666666666595e+02 1.978876234567901236e+02 2.003453395061728486e+02
2.002528086419753208e+02 1.977157098765432011e+02 2.002304629629629744e+02
2.001166049382715926e+02 1.975718518518518465e+02 2.001768518518518647e+02
2.000742592592592644e+02 1.974512962962963059e+02 2.001693827160493697e+02
2.000734567901234584e+02 1.974098148148148084e+02 2.000257407407407300e+02
2.001345370370370347e+02 1.974442283950617423e+02 2.001771296296296327e+02
2.002452160493827193e+02 1.976172530864197654e+02 2.003683024691358128e+02
2.004680555555555657e+02 1.978658333333333417e+02 2.006276851851851859e+02
2.006684876543209839e+02 1.982173148148148130e+02 2.008410185185185242e+02
2.008522222222222240e+02 1.984517283950617355e+02 2.011669135802469270e+02
2.009549691358024575e+02 1.986704629629629721e+02 2.012370679012345818e+02
2.010332098765431965e+02 1.987354938271604965e+02 2.013406790123456744e+02
2.009107716049382759e+02 1.986821296296296282e+02 2.012749691358024791e+02
2.007822222222222308e+02 1.986762962962963002e+02 2.012056790123456835e+02
2.005956790123456699e+02 1.986012962962962831e+02 2.010385185185185151e+02
2.005021913580247030e+02 1.985158950617284006e+02 2.009024382716049502e+02
2.003297839506172977e+02 1.983658333333333417e+02 2.007481790123456733e+02
2.002685802469135865e+02 1.983664814814814861e+02 2.007091975308642020e+02
2.003477469135802380e+02 1.984372530864197586e+02 2.006835493827160519e+02
2.005697222222222251e+02 1.986248456790123385e+02 2.008148456790123362e+02
2.007949074074074076e+02 1.987723148148148198e+02 2.009470679012345613e+02
2.009665123456790070e+02 1.988570679012345579e+02 2.010206481481481546e+02
2.010539197530864328e+02 1.988623765432098764e+02 2.010293518518518567e+02
2.010385493827160417e+02 1.987298456790123566e+02 2.008849691358024643e+02
2.008918518518518397e+02 1.987464197530864283e+02 2.007550617283950487e+02
2.008890432098765473e+02 1.987426851851851950e+02 2.007045987654321095e+02
2.007879320987654239e+02 1.986753395061728327e+02 2.005378086419753174e+02
2.006867283950617207e+02 1.985680864197530866e+02 2.005288888888889005e+02
2.005482407407407379e+02 1.984094753086419871e+02 2.004466358024691317e+02
2.004550308641975391e+02 1.982476851851851904e+02 2.004926851851851950e+02
2.004185185185185105e+02 1.982070987654321073e+02 2.006204320987654341e+02
2.004346296296296259e+02 1.982113580246913500e+02 2.006894444444444332e+02
2.004453703703703695e+02 1.982505555555555645e+02 2.007780864197530946e+02
2.005819135802469191e+02 1.983287037037036953e+02 2.007887654320987565e+02
2.008149691358024711e+02 1.984610802469135820e+02 2.009562654320987747e+02
2.010254938271604885e+02 1.987443827160493868e+02 2.011284567901234652e+02
2.012438271604938222e+02 1.988559876543209839e+02 2.012333950617284017e+02
2.014332407407407288e+02 1.990845987654321050e+02 2.013791666666666629e+02
2.015716666666666583e+02 1.992558641975308547e+02 2.015244444444444412e+02
2.015450617283950692e+02 1.993817901234567955e+02 2.016998765432098821e+02
2.014913888888888778e+02 1.995692283950617423e+02 2.017018827160493686e+02
2.014386419753086557e+02 1.995716666666666583e+02 2.017700617283950635e+02
2.012751543209876672e+02 1.994434876543209896e+02 2.015658950617283836e+02
2.013265432098765473e+02 1.994619753086419678e+02 2.016040740740740773e+02
2.012158950617283892e+02 1.993451543209876604e+02 2.014947222222222081e+02
2.012037962962963036e+02 1.993585493827160633e+02 2.015670679012345659e+02
2.012251851851851825e+02 1.994311111111111074e+02 2.015423456790123566e+02
2.013026851851851973e+02 1.995197222222222138e+02 2.016618209876543233e+02
2.015077777777777897e+02 1.997429012345679098e+02 2.017969135802469225e+02
2.017472530864197608e+02 1.999115740740740819e+02 2.020166975308642066e+02
2.017646913580246917e+02 1.999758024691358003e+02 2.020477160493827284e+02
2.017847222222222285e+02 2.000149074074074065e+02 2.019897222222222126e+02
2.018154320987654273e+02 1.999219753086419757e+02 2.020472222222222172e+02
2.017485493827160496e+02 1.998000308641975380e+02 2.019142901234567944e+02
2.015675617283950487e+02 1.996684876543209839e+02 2.018640432098765416e+02
2.014306481481481512e+02 1.994416975308641895e+02 2.017868827160493765e+02
2.011935802469135695e+02 1.992636419753086443e+02 2.015747530864197472e+02
2.010989197530864203e+02 1.990820061728394990e+02 2.014987345679012378e+02
2.009105555555555611e+02 1.988748765432098651e+02 2.013377777777777737e+02
2.007496604938271503e+02 1.988180555555555600e+02 2.012965123456790195e+02
2.007643827160493686e+02 1.988682098765432045e+02 2.012727777777777760e+02
2.007504629629629562e+02 1.988884876543209828e+02 2.013291666666666799e+02
2.008819444444444571e+02 1.989991049382716142e+02 2.014275000000000091e+02
2.010052469135802369e+02 1.992426543209876684e+02 2.017745061728394944e+02
2.011837345679012401e+02 1.995126851851851768e+02 2.021157716049382600e+02
2.013093827160493845e+02 1.996179629629629630e+02 2.022275925925926003e+02
2.012526851851851859e+02 1.996146604938271594e+02 2.022333641975308751e+02
2.013475617283950498e+02 1.996557716049382805e+02 2.022675000000000125e+02
2.013678395061728281e+02 1.997166049382716153e+02 2.024319753086419666e+02
2.013739197530864260e+02 1.998517592592592678e+02 2.025785493827160622e+02
2.012526234567901326e+02 1.998153395061728475e+02 2.025669444444444309e+02
2.012384259259259238e+02 1.998700925925925844e+02 2.025942901234568012e+02
2.011967901234567933e+02 1.997885802469135683e+02 2.024788271604938359e+02
2.011081172839506053e+02 1.997453395061728258e+02 2.023983641975308672e+02
2.009573148148148221e+02 1.997379938271604942e+02 2.021606481481481410e+02
2.009271913580246860e+02 1.997875617283950476e+02 2.020587345679012401e+02
2.009422530864197540e+02 1.998844135802468998e+02 2.021486111111111086e+02
2.008260185185185094e+02 1.999765123456790263e+02 2.021319444444444571e+02
2.007201851851851870e+02 1.999925308641975334e+02 2.022157407407407277e+02
2.006442901234567842e+02 1.999950308641975312e+02 2.023482407407407493e+02
2.004781481481481364e+02 1.999139506172839447e+02 2.023296913580246894e+02
2.002728703703703843e+02 1.998226851851851791e+02 2.022823765432098639e+02
2.003248148148148289e+02 1.996981481481481353e+02 2.023851234567901258e+02
2.002345061728395024e+02 1.995888888888889028e+02 2.021466049382715937e+02
2.000947530864197574e+02 1.993983333333333405e+02 2.019077777777777669e+02
1.999614506172839583e+02 1.992125000000000057e+02 2.016024999999999920e+02
1.999157407407407447e+02 1.990877160493827205e+02 2.015001851851851882e+02
1.997883641975308535e+02 1.989537345679012219e+02 2.013707098765432022e+02
1.998682716049382577e+02 1.988662345679012446e+02 2.015014197530864237e+02
1.999997222222222319e+02 1.988210802469135672e+02 2.016523148148148152e+02
2.000258333333333383e+02 1.987481790123456733e+02 2.018147222222222297e+02
2.001117901234567853e+02 1.987222222222222285e+02 2.019027777777777715e+02
2.001940432098765541e+02 1.988044753086419689e+02 2.020003395061728497e+02
2.003683641975308660e+02 1.989437345679012310e+02 2.022069444444444457e+02
2.004911419753086363e+02 1.991561419753086284e+02 2.021722530864197438e+02
2.006106172839506314e+02 1.993404938271604863e+02 2.021277160493827125e+02
2.005355246913580345e+02 1.994192901234567898e+02 2.017749074074073974e+02
2.005607098765431999e+02 1.995000925925925799e+02 2.018478086419753197e+02
2.005591049382716164e+02 1.995395370370370358e+02 2.018492283950617150e+02
2.004487654320987531e+02 1.994594444444444434e+02 2.017923456790123566e+02
2.003342901234567819e+02 1.994131790123456653e+02 2.016769444444444446e+02
2.002283641975308512e+02 1.992897222222222240e+02 2.015491666666666788e+02
2.000314814814814781e+02 1.990828395061728315e+02 2.013661728395061630e+02
1.999112654320987588e+02 1.989320061728394933e+02 2.013110185185185230e+02
1.999006172839506235e+02 1.989496913580246940e+02 2.012127777777777737e+02
1.998975617283950612e+02 1.990479938271604965e+02 2.010050925925926038e+02
1.998764814814814770e+02 1.991881481481481444e+02 2.010394444444444559e+02
1.999922839506172920e+02 1.993627777777777794e+02 2.011490123456790116e+02
1.999966358024691431e+02 1.994725617283950498e+02 2.016135493827160587e+02
1.999929012345679098e+02 1.995700617283950749e+02 2.018384567901234448e+02
2.000074691358024666e+02 1.995896296296296271e+02 2.018810493827160428e+02
1.999680864197530923e+02 1.995436419753086454e+02 2.018432098765431988e+02
1.999534567901234539e+02 1.994938888888888755e+02 2.018270370370370301e+02
1.999861728395061675e+02 1.994029012345679064e+02 2.017887654320987565e+02
1.999059259259259136e+02 1.992854938271605079e+02 2.016496296296296293e+02
1.998975000000000080e+02 1.991695987654321129e+02 2.015223765432098730e+02
1.998807098765432215e+02 1.990597222222222342e+02 2.014111419753086523e+02
1.998312654320987747e+02 1.989919444444444423e+02 2.013079320987654341e+02
1.998471296296296202e+02 1.990157716049382657e+02 2.015849691358024813e+02
1.999130555555555588e+02 1.990148456790123532e+02 2.015971296296296202e+02
1.999471296296296430e+02 1.989642283950617241e+02 2.017207716049382782e+02
2.000022839506172829e+02 1.990205555555555463e+02 2.019847530864197438e+02
2.001597839506172818e+02 1.991766975308642031e+02 2.022115740740740648e+02
2.002536111111110984e+02 1.993882407407407413e+02 2.023902160493827296e+02
2.004438888888888926e+02 1.995408641975308512e+02 2.024845061728395024e+02
2.005716049382716051e+02 1.996203703703703809e+02 2.025661111111110984e+02
2.007082716049382611e+02 1.996529012345679064e+02 2.026394444444444503e+02
2.006377469135802585e+02 1.996238580246913443e+02 2.025778703703703627e+02
2.005117283950617377e+02 1.996617283950617150e+02 2.024707407407407516e+02
2.001736728395061675e+02 1.998400925925925833e+02 2.024904629629629653e+02
2.000983641975308558e+02 1.998700308641975312e+02 2.024695987654320959e+02
1.999842901234567876e+02 1.998971913580246849e+02 2.024371913580247053e+02
1.998746604938271503e+02 1.999762037037037032e+02 2.024061419753086284e+02
2.000148456790123532e+02 2.001188580246913489e+02 2.026324382716049399e+02
2.001615432098765552e+02 2.002656172839506041e+02 2.027310493827160371e+02
2.002746913580246826e+02 2.003445679012345693e+02 2.025430246913580277e+02
2.004384567901234675e+02 2.004791358024691306e+02 2.026239506172839526e+02
2.006160185185185298e+02 2.006181172839506246e+02 2.027989197530864089e+02
2.004950925925925844e+02 2.006409567901234539e+02 2.028565740740740750e+02
2.004025308641975300e+02 2.006459259259259227e+02 2.028574691358024609e+02
2.002978395061728349e+02 2.006551234567901361e+02 2.029237654320987758e+02
2.002392901234567830e+02 2.005866358024691465e+02 2.028265740740740739e+02
2.002710802469135842e+02 2.006050925925925981e+02 2.028771296296296214e+02
2.002759567901234448e+02 2.005637962962962888e+02 2.027909567901234595e+02
2.002095370370370233e+02 2.004016975308641975e+02 2.025017592592592734e+02
2.001295370370370392e+02 2.002978086419753083e+02 2.022786111111111040e+02
2.001405555555555509e+02 2.002814814814814781e+02 2.021749382716049297e+02
2.002186111111111018e+02 2.002925617283950714e+02 2.022150925925925833e+02
2.002372839506172966e+02 2.001890740740740853e+02 2.024081481481481433e+02
2.002547839506172807e+02 2.001468209876543085e+02 2.025738580246913614e+02
2.004546604938271628e+02 2.002051543209876456e+02 2.027050925925925924e+02
2.005262654320987679e+02 2.002316358024691283e+02 2.027666358024691249e+02
2.006307716049382748e+02 2.003746604938271503e+02 2.029158333333333246e+02
2.007850617283950498e+02 2.006043209876543187e+02 2.030637654320987622e+02
2.008354938271604908e+02 2.008035185185185298e+02 2.032755555555555418e+02
2.008432098765431988e+02 2.009103703703703729e+02 2.033526543209876536e+02
2.008932407407407368e+02 2.009948456790123430e+02 2.032566975308641872e+02
2.010546604938271571e+02 2.012281790123456915e+02 2.033929938271604954e+02
2.010549382716049251e+02 2.012672222222222160e+02 2.034633950617283915e+02
2.010130864197530798e+02 2.012454320987654341e+02 2.033708024691358105e+02
2.008863888888888880e+02 2.012458950617283904e+02 2.032985493827160610e+02
2.008361111111111086e+02 2.011745061728395001e+02 2.032031481481481592e+02
2.007801234567901361e+02 2.011375308641975437e+02 2.031711111111111165e+02
2.008228703703703673e+02 2.010760802469135911e+02 2.031066358024691283e+02
2.008707407407407288e+02 2.010046296296296191e+02 2.031286419753086534e+02
2.009058024691358071e+02 2.010262962962962945e+02 2.030914814814814804e+02
2.009960493827160519e+02 2.011233950617283881e+02 2.031691975308642100e+02
2.009926543209876684e+02 2.011289506172839481e+02 2.031527160493827182e+02
2.010827469135802517e+02 2.012105864197530991e+02 2.034027469135802448e+02
2.010479320987654432e+02 2.012603395061728406e+02 2.034616975308641997e+02
2.010600925925925822e+02 2.012115123456790116e+02 2.034685493827160485e+02
2.010503395061728327e+02 2.012429938271604897e+02 2.034450925925926015e+02
2.010250308641975323e+02 2.012269444444444559e+02 2.033450308641975255e+02
2.009154012345678950e+02 2.010934876543209953e+02 2.031978703703703673e+02
2.009476543209876525e+02 2.010404320987654216e+02 2.030659876543209919e+02
2.009418518518518511e+02 2.009214814814814929e+02 2.029372839506172852e+02
2.009560493827160599e+02 2.009310493827160542e+02 2.029215432098765461e+02
2.008500617283950476e+02 2.007880864197530855e+02 2.027861111111110972e+02
2.007233950617283824e+02 2.006356172839506087e+02 2.028932716049382634e+02
2.005999074074074144e+02 2.004608333333333405e+02 2.029568827160493925e+02
2.005954938271604817e+02 2.004261728395061652e+02 2.029118518518518499e+02
2.004942283950617252e+02 2.003656481481481535e+02 2.029032407407407277e+02
2.004284876543209748e+02 2.004112654320987588e+02 2.028953395061728315e+02
2.005880246913580152e+02 2.004340123456790081e+02 2.029568518518518658e+02
2.007708950617283961e+02 2.005840432098765405e+02 2.029478703703703673e+02
2.008498456790123328e+02 2.006632407407407470e+02 2.029589197530864340e+02
2.009863888888888823e+02 2.008269444444444503e+02 2.030975617283950498e+02
2.010219444444444434e+02 2.008455246913580368e+02 2.031092901234567876e+02
2.009966358024691431e+02 2.008894753086419769e+02 2.030985493827160440e+02
2.009329012345679075e+02 2.008481481481481410e+02 2.029460493827160406e+02
2.008183950617283813e+02 2.008019135802469179e+02 2.026837037037037135e+02
2.007383641975308706e+02 2.006480555555555441e+02 2.025938580246913716e+02
2.005469753086419757e+02 2.003980246913580174e+02 2.023950617283950635e+02
2.002720679012345784e+02 2.000625000000000000e+02 2.026160185185185298e+02
2.000724999999999909e+02 1.998162654320987599e+02 2.026754629629629676e+02
1.999912962962962979e+02 1.997867901234567967e+02 2.026976543209876525e+02
1.999380864197530911e+02 1.997133333333333383e+02 2.027187037037037101e+02
2.000142901234567887e+02 1.997680555555555486e+02 2.027465740740740614e+02
2.000681481481481399e+02 1.999200617283950692e+02 2.028199382716049399e+02
2.001184876543210009e+02 2.000826851851851984e+02 2.027945987654321129e+02
2.001717901234567876e+02 2.001748148148148232e+02 2.028172222222222274e+02
2.002029320987654444e+02 2.001804629629629630e+02 2.028363888888888766e+02
2.001928703703703718e+02 2.001169444444444423e+02 2.026891666666666652e+02
2.001196296296296282e+02 1.999467901234567933e+02 2.025263580246913477e+02
1.999982716049382816e+02 1.998007407407407356e+02 2.023156790123456688e+02
1.998544135802469270e+02 1.996555246913580106e+02 2.021878703703703763e+02
1.996430246913580220e+02 1.994467283950617400e+02 2.019376543209876615e+02
1.994020061728394921e+02 1.993059567901234459e+02 2.018014506172839617e+02
1.993620679012345818e+02 1.991920679012345659e+02 2.016264506172839504e+02
1.993145061728395149e+02 1.991193209876543335e+02 2.014429629629629517e+02
1.991508950617283915e+02 1.990163271604938302e+02 2.012749691358024791e+02
1.992689814814814895e+02 1.990266358024691442e+02 2.012341049382715994e+02
1.992707407407407345e+02 1.989895679012345795e+02 2.011677777777777862e+02
1.992661111111111154e+02 1.989694444444444343e+02 2.011463580246913523e+02
1.994473765432098844e+02 1.990617592592592473e+02 2.013036111111111097e+02
1.997471296296296259e+02 1.991274999999999977e+02 2.012771296296296271e+02
1.998994753086419678e+02 1.990716358024691317e+02 2.009179320987654194e+02
1.999004320987654353e+02 1.991404938271604976e+02 2.009687037037037101e+02
1.999570987654321073e+02 1.991394444444444503e+02 2.011203086419752992e+02
2.000223148148148198e+02 1.991949691358024666e+02 2.011959567901234607e+02
2.000724999999999909e+02 1.990744753086419792e+02 2.012029938271604976e+02
2.000353703703703729e+02 1.990141975308642088e+02 2.011904938271604806e+02
2.000268827160493856e+02 1.989849691358024586e+02 2.011506481481481501e+02
1.999208024691357934e+02 1.990250617283950589e+02 2.010372839506172795e+02
1.997956790123456869e+02 1.989917901234567807e+02 2.008257407407407413e+02
1.996359876543209850e+02 1.989996913580247053e+02 2.005889506172839560e+02
1.995404320987654216e+02 1.988972222222222115e+02 2.005033333333333303e+02
1.995658641975308569e+02 1.988986419753086352e+02 2.004703086419753220e+02
1.996094135802469225e+02 1.988950308641975369e+02 2.006023765432098855e+02
1.996913888888888948e+02 1.989883641975308706e+02 2.007306481481481342e+02
1.997933641975308774e+02 1.991322530864197518e+02 2.009341666666666697e+02
1.999645679012345738e+02 1.992675925925925924e+02 2.009960493827160519e+02
1.998640740740740682e+02 1.991245679012345704e+02 2.009130864197530855e+02
1.996012345679012299e+02 1.989409876543209919e+02 2.005864814814814849e+02
1.996166666666666742e+02 1.988913580246913568e+02 2.005552469135802482e+02
1.995363271604938404e+02 1.986771296296296327e+02 2.005362037037037055e+02
1.993106172839506200e+02 1.983871604938271673e+02 2.003108641975308615e+02
1.991401234567901213e+02 1.982361111111111143e+02 2.001189506172839572e+02
1.992140123456790093e+02 1.980943209876543278e+02 2.001617901234567967e+02
1.992853703703703729e+02 1.979754320987654239e+02 2.001017283950617411e+02
1.995055864197530866e+02 1.979097839506172818e+02 2.001031790123456915e+02
1.996379629629629733e+02 1.979721604938271469e+02 2.001681481481481342e+02
1.997781790123456744e+02 1.981326851851851814e+02 2.002958950617284017e+02
1.997566358024691340e+02 1.980789197530864101e+02 2.001844753086419644e+02
1.999709567901234664e+02 1.981523765432098685e+02 2.004388580246913705e+02
2.002912962962963093e+02 1.982886419753086500e+02 2.008197530864197518e+02
2.004955864197530957e+02 1.983372530864197643e+02 2.009402160493827125e+02
2.006627469135802357e+02 1.983501543209876559e+02 2.010650308641975244e+02
2.009239814814814906e+02 1.986241049382716142e+02 2.012913271604938359e+02
2.011443827160493925e+02 1.989416049382716096e+02 2.016318518518518488e+02
2.012485802469135763e+02 1.991084567901234550e+02 2.017131481481481501e+02
2.012997222222222149e+02 1.992995987654321084e+02 2.018257098765432147e+02
2.014578703703703582e+02 1.994550308641975391e+02 2.020437962962963070e+02
2.012512654320987622e+02 1.997164506172839538e+02 2.021274999999999977e+02
2.011382407407407413e+02 1.997353395061728349e+02 2.020547839506172920e+02
2.011560802469135751e+02 1.997581790123456926e+02 2.021431790123456835e+02
2.011093518518518408e+02 1.998281172839506041e+02 2.020807098765432102e+02
2.009028395061728531e+02 1.997533950617283836e+02 2.019478395061728406e+02
2.009533950617284006e+02 1.996317283950617423e+02 2.019744444444444582e+02
2.009462654320987554e+02 1.995039197530864215e+02 2.018950308641975369e+02
2.009561419753086398e+02 1.993856481481481353e+02 2.018945370370370256e+02
2.008260185185185094e+02 1.992221296296296202e+02 2.017605864197530821e+02
2.007781172839506212e+02 1.989938580246913489e+02 2.016650925925926003e+02
2.008606790123456847e+02 1.989278395061728304e+02 2.016908641975308569e+02
2.007592283950617400e+02 1.987451543209876661e+02 2.015614506172839526e+02
2.007804320987654307e+02 1.984787037037037010e+02 2.015704320987654228e+02
2.007654629629629710e+02 1.983087962962962933e+02 2.015805864197530752e+02
2.008264197530864124e+02 1.982668518518518397e+02 2.014887037037036919e+02
2.007570061728395103e+02 1.982797839506172863e+02 2.013787962962962865e+02
2.007186419753086284e+02 1.983378395061728270e+02 2.014555555555555486e+02
2.007622530864197472e+02 1.985478086419753083e+02 2.015961419753086545e+02
2.008219753086419814e+02 1.986953703703703695e+02 2.016845061728395194e+02
2.007457407407407288e+02 1.987423456790123453e+02 2.017067901234567842e+02
2.008488271604938404e+02 1.989217901234567876e+02 2.018131481481481444e+02
2.011770679012345795e+02 1.991235493827160496e+02 2.019681172839506189e+02
2.013852160493827057e+02 1.992523148148148096e+02 2.019270679012345795e+02
2.015025617283950510e+02 1.991954012345678962e+02 2.017602160493827057e+02
2.016416358024691249e+02 1.994356481481481467e+02 2.017739814814814849e+02
2.017045370370370279e+02 1.996426234567901190e+02 2.019939197530864305e+02
2.016781790123456801e+02 1.996947222222222251e+02 2.020345987654320936e+02
2.015977777777777646e+02 1.996575308641975255e+02 2.020829012345679132e+02
2.015650617283950510e+02 1.997866666666666617e+02 2.021896913580247030e+02
2.016036419753086477e+02 1.999575308641975369e+02 2.023354938271604908e+02
2.017291666666666572e+02 2.000422530864197483e+02 2.025243518518518613e+02
2.016752469135802528e+02 1.999335185185185253e+02 2.026085185185185082e+02
2.017400925925925890e+02 1.999154629629629767e+02 2.026476851851851961e+02
2.017408950617283949e+02 1.999178086419753129e+02 2.025974999999999966e+02
2.017271296296296157e+02 1.998932407407407368e+02 2.025150308641975414e+02
2.016712345679012230e+02 1.997761111111111063e+02 2.024126543209876559e+02
2.015836111111111109e+02 1.996451543209876434e+02 2.021467592592592553e+02
2.014495061728395058e+02 1.994824691358024609e+02 2.019332716049382839e+02
2.012455555555555691e+02 1.993313580246913546e+02 2.016933950617283813e+02
2.011758333333333439e+02 1.991472530864197665e+02 2.013016358024691499e+02
2.011106790123456847e+02 1.990730864197530821e+02 2.012853086419753197e+02
2.011107407407407379e+02 1.990846296296296316e+02 2.011883333333333326e+02
2.010359567901234641e+02 1.989462654320987554e+02 2.010310802469135751e+02
2.010744753086419792e+02 1.989302777777777749e+02 2.010527469135802505e+02
2.010912962962962922e+02 1.989423456790123339e+02 2.010812962962963013e+02
2.011541666666666686e+02 1.990063271604938393e+02 2.010642283950617184e+02
2.011688580246913602e+02 1.989679320987654307e+02 2.011000308641975209e+02
2.011324382716049399e+02 1.989523765432098799e+02 2.010807716049382634e+02
2.011212654320987667e+02 1.989477469135802608e+02 2.010923765432098662e+02
2.011899382716049445e+02 1.989859259259259261e+02 2.011566666666666663e+02
2.012084567901234493e+02 1.989638888888889028e+02 2.012095679012345784e+02
2.013184259259259363e+02 1.989689814814814781e+02 2.014807716049382691e+02
2.013158641975308569e+02 1.989295061728394955e+02 2.014220987654321107e+02
2.012549074074074156e+02 1.989081790123456699e+02 2.014084876543209930e+02
2.012879938271605056e+02 1.989165740740740773e+02 2.013692901234567785e+02
2.012008641975308763e+02 1.988783950617283836e+02 2.015346296296296202e+02
2.010749691358024620e+02 1.988584259259259284e+02 2.015650308641975244e+02
2.010127777777777851e+02 1.988406790123456744e+02 2.016079012345678905e+02
2.009873148148148232e+02 1.987607716049382702e+02 2.015823148148148221e+02
2.009468827160493731e+02 1.988267592592592621e+02 2.016234876543209964e+02
2.009815123456790218e+02 1.988576234567901224e+02 2.015823148148148221e+02
2.010257407407407300e+02 1.989124691358024677e+02 2.016690123456790218e+02
2.010513271604938268e+02 1.988768827160493800e+02 2.016851543209876638e+02
2.011817901234567785e+02 1.989958024691358105e+02 2.017024074074074065e+02
2.013006481481481558e+02 1.991284259259259386e+02 2.017986111111111143e+02
2.015282098765432011e+02 1.990964814814814758e+02 2.018321604938271605e+02
2.015309259259259136e+02 1.990191975308642043e+02 2.018680246913580163e+02
2.016223765432098674e+02 1.989897839506172943e+02 2.018820679012345636e+02
2.015678703703703718e+02 1.988734259259259147e+02 2.017545987654320925e+02
2.015419753086419803e+02 1.987751851851851939e+02 2.016836419753086318e+02
2.014133024691358003e+02 1.985621913580247053e+02 2.014675617283950544e+02
2.012379629629629676e+02 1.983608024691357912e+02 2.014728395061728463e+02
2.012029012345678893e+02 1.984529012345678893e+02 2.015077160493827080e+02
2.011488888888888766e+02 1.985106790123456904e+02 2.015062345679012310e+02
2.010898456790123419e+02 1.984342901234567762e+02 2.014830555555555520e+02
2.011796604938271571e+02 1.984941049382716187e+02 2.013936728395061664e+02
2.012534567901234652e+02 1.985624691358024734e+02 2.013983950617283938e+02
2.013390740740740625e+02 1.986349382716049377e+02 2.015672222222222274e+02
2.014066666666666663e+02 1.987013580246913591e+02 2.016294444444444309e+02
2.014789197530864158e+02 1.988496604938271730e+02 2.017142283950617241e+02
2.015331790123456699e+02 1.989044135802469100e+02 2.019080555555555634e+02
2.015105555555555554e+02 1.988536419753086477e+02 2.018919753086419746e+02
2.014952777777777726e+02 1.988523765432098855e+02 2.019964506172839549e+02
2.013796913580247008e+02 1.986648765432098855e+02 2.020582716049382839e+02
2.013708950617283904e+02 1.986955864197530843e+02 2.019972530864197608e+02
2.012145370370370472e+02 1.984865123456790172e+02 2.018790432098765564e+02
2.011711419753086432e+02 1.985154629629629710e+02 2.018881790123456881e+02
2.011583333333333314e+02 1.984549382716049308e+02 2.018737037037037112e+02
2.011072839506172727e+02 1.983741358024691408e+02 2.018151851851851859e+02
2.011294444444444309e+02 1.984451234567901281e+02 2.018686419753086341e+02
2.012761728395061596e+02 1.985245061728394944e+02 2.018603086419753083e+02
2.014252777777777794e+02 1.985882407407407300e+02 2.019249074074074031e+02
2.016159567901234482e+02 1.986658333333333246e+02 2.019569444444444457e+02
2.016640432098765530e+02 1.986955246913580311e+02 2.018834259259259341e+02
2.016751543209876445e+02 1.986537345679012390e+02 2.018045370370370506e+02
2.014928086419753015e+02 1.985785493827160622e+02 2.016497839506172909e+02
2.013162962962962865e+02 1.984409876543209919e+02 2.015498765432098764e+02
2.011306172839506132e+02 1.983430864197530923e+02 2.013025308641975357e+02
2.010387345679012299e+02 1.982671913580246894e+02 2.012472530864197608e+02
2.008620679012345818e+02 1.981247222222222319e+02 2.010702160493827080e+02
2.008023456790123475e+02 1.979485185185185117e+02 2.009207407407407402e+02
2.008307716049382634e+02 1.979018209876543324e+02 2.008900308641975414e+02
2.009127469135802357e+02 1.979392283950617184e+02 2.008787962962962865e+02
2.009393209876543267e+02 1.979867901234567853e+02 2.009504938271604999e+02
2.011297222222222274e+02 1.981731172839506314e+02 2.010829320987654398e+02
2.012976851851851734e+02 1.983240432098765496e+02 2.013724382716049490e+02
2.014113580246913671e+02 1.984301234567901133e+02 2.015500617283950646e+02
2.016513271604938211e+02 1.985945370370370426e+02 2.017149074074073951e+02
2.018162654320987599e+02 1.987784259259259159e+02 2.019723765432098901e+02
2.019900617283950623e+02 1.990076543209876547e+02 2.020900000000000034e+02
2.020327469135802403e+02 1.990160185185185071e+02 2.021049074074074099e+02
2.021311419753086511e+02 1.991494753086419678e+02 2.022305246913580277e+02
2.022230864197530877e+02 1.993033950617283949e+02 2.022977777777777817e+02
2.021513888888889028e+02 1.992723148148148198e+02 2.022725617283950612e+02
2.020217283950617286e+02 1.991464197530864340e+02 2.021672222222222217e+02
2.018713271604938200e+02 1.991610802469135706e+02 2.021483024691358139e+02
2.017553086419753186e+02 1.992704320987654398e+02 2.021785185185185298e+02
2.016851851851851904e+02 1.993201234567901281e+02 2.021729629629629699e+02
2.017141358024691442e+02 1.993683333333333394e+02 2.022559259259259363e+02
2.017369444444444468e+02 1.994281172839506269e+02 2.023747839506172852e+02
2.018272222222222183e+02 1.994409876543209919e+02 2.023961728395061641e+02
2.019546913580246894e+02 1.993633950617283972e+02 2.023562345679012253e+02
2.019275308641975357e+02 1.990396913580246974e+02 2.021004320987654239e+02
2.019208333333333201e+02 1.989989197530864260e+02 2.020884259259259181e+02
2.019566358024691226e+02 1.990160185185185071e+02 2.020563271604938222e+02
2.017595987654320879e+02 1.988459567901234664e+02 2.019539197530864101e+02
2.016690432098765484e+02 1.986552160493827159e+02 2.016830555555555691e+02
2.016021296296296157e+02 1.986350308641975175e+02 2.015650308641975244e+02
2.015284259259259159e+02 1.986213888888889016e+02 2.014010185185185264e+02
2.014372530864197586e+02 1.985456481481481603e+02 2.013167592592592712e+02
2.015668518518518511e+02 1.985443827160493697e+02 2.014189506172839401e+02
2.015863888888888766e+02 1.985539197530864328e+02 2.014528703703703627e+02
2.016843209876543312e+02 1.986234567901234698e+02 2.015211728395061641e+02
2.018932407407407368e+02 1.987826234567901338e+02 2.017199074074074190e+02
2.021558333333333337e+02 1.990105246913580288e+02 2.019962037037037135e+02
2.023254320987654182e+02 1.991825925925925844e+02 2.022672839506172977e+02
2.024931481481481512e+02 1.993539506172839424e+02 2.024325308641975312e+02
2.026711728395061698e+02 1.995103703703703673e+02 2.027223456790123350e+02
2.028579938271604988e+02 1.996434876543209782e+02 2.027755246913580152e+02
2.028215123456790252e+02 1.996466975308642020e+02 2.028712037037037135e+02
2.026684876543209839e+02 1.997736728395061618e+02 2.028681790123456778e+02
2.025022839506172829e+02 1.997153086419752981e+02 2.028443827160493811e+02
2.023137037037037089e+02 1.995336419753086545e+02 2.027239506172839469e+02
2.019350308641975289e+02 1.994245987654321084e+02 2.024322530864197631e+02
2.020076543209876547e+02 1.995988888888888937e+02 2.024266666666666765e+02
2.020687037037037044e+02 1.996949382716049399e+02 2.024327777777777726e+02
2.020886728395061596e+02 1.998013888888888800e+02 2.022691049382715960e+02
2.021547839506172863e+02 1.998067592592592518e+02 2.024074382716049456e+02
2.022454012345679075e+02 1.998129938271604829e+02 2.024418827160493777e+02
2.022254012345678973e+02 1.997194753086419894e+02 2.022700925925925901e+02
2.021837654320987667e+02 1.995859876543209737e+02 2.021719753086419757e+02
2.021602469135802380e+02 1.994597530864197665e+02 2.022194444444444343e+02
2.020954320987654285e+02 1.993068518518518601e+02 2.021845679012345727e+02
2.018484567901234641e+02 1.990292592592592484e+02 2.019034567901234709e+02
2.018313580246913546e+02 1.989825308641975425e+02 2.018791358024691363e+02
2.018519753086419826e+02 1.990181481481481569e+02 2.019088271604938143e+02
2.017629012345678916e+02 1.988648765432098742e+02 2.018324074074074019e+02
2.017072222222222138e+02 1.987882098765432204e+02 2.017498765432098651e+02
2.017520061728395149e+02 1.988633024691357889e+02 2.017931172839506075e+02
2.018391358024691442e+02 1.989391358024691385e+02 2.018172839506172807e+02
2.019102469135802380e+02 1.989871604938271616e+02 2.019599382716049263e+02
2.020767283950617355e+02 1.991944444444444571e+02 2.022744444444444412e+02
2.021626234567901292e+02 1.993343518518518636e+02 2.024306481481481512e+02
2.023790740740740830e+02 1.995507407407407356e+02 2.026979629629629756e+02
2.024498456790123555e+02 1.997609567901234584e+02 2.026913271604938132e+02
2.025193827160493925e+02 1.998747530864197586e+02 2.028689506172839572e+02
2.026938888888888926e+02 1.999156172839506098e+02 2.029122839506172795e+02
2.027153086419752981e+02 1.999396913580247030e+02 2.029900000000000091e+02
2.026153086419753038e+02 1.998509259259259352e+02 2.029353086419752970e+02
2.025722222222222229e+02 1.997670987654321095e+02 2.027840123456790025e+02
2.024206172839506053e+02 1.997666049382715983e+02 2.027317901234567898e+02
2.022042592592592598e+02 1.997188271604938166e+02 2.026664814814814690e+02
2.020912037037037123e+02 1.996791666666666742e+02 2.026764506172839617e+02
2.019540740740740716e+02 1.996859259259259147e+02 2.026590740740740841e+02
2.018340123456790138e+02 1.996817283950617252e+02 2.026980246913580288e+02
2.019973456790123407e+02 1.996700617283950692e+02 2.025529012345679121e+02
2.023568827160493697e+02 1.996904012345679007e+02 2.026139814814814883e+02
2.025389506172839447e+02 1.997081481481481546e+02 2.026349382716049377e+02
2.026724691358024586e+02 1.997649382716049331e+02 2.026262962962962888e+02
2.027672530864197427e+02 1.998340432098765405e+02 2.025940432098765314e+02
2.026522222222222354e+02 1.997306790123456892e+02 2.025425925925925981e+02
2.024821296296296396e+02 1.995908333333333360e+02 2.025791666666666799e+02
2.023255864197530798e+02 1.994039197530864271e+02 2.024957716049382839e+02
2.023016975308642031e+02 1.993655246913580186e+02 2.024580555555555463e+02
2.022694444444444457e+02 1.993833950617284074e+02 2.025088271604938370e+02
2.022194135802469077e+02 1.993728086419752970e+02 2.024091666666666640e+02
2.023403395061728531e+02 1.995068209876543222e+02 2.024398456790123362e+02
2.025437654320987519e+02 1.996957407407407459e+02 2.025349382716049433e+02
2.026429938271604954e+02 1.998603395061728349e+02 2.026772530864197392e+02
2.027695679012345806e+02 2.000536419753086363e+02 2.029305555555555429e+02
2.029408024691358037e+02 2.002253703703703707e+02 2.031903703703703741e+02
2.031511728395061596e+02 2.003632716049382623e+02 2.034619135802469145e+02
2.032191666666666663e+02 2.003676234567901133e+02 2.034970061728395194e+02
2.032142901234567773e+02 2.002820061728395160e+02 2.035308950617283870e+02
2.032054320987654421e+02 2.003130246913580379e+02 2.035925925925925810e+02
2.030398148148148039e+02 2.002301851851851779e+02 2.034452469135802346e+02
2.027045370370370279e+02 2.000710185185185139e+02 2.031632407407407470e+02
2.025449999999999875e+02 1.999456790123456926e+02 2.029493827160493709e+02
2.024518518518518420e+02 1.998763580246913705e+02 2.028558641975308774e+02
2.024482407407407436e+02 1.999093518518518522e+02 2.028708950617283904e+02
2.025108950617284052e+02 2.000288580246913455e+02 2.029741666666666617e+02
2.026320679012345636e+02 2.001255864197530911e+02 2.029687345679012367e+02
2.028110185185185230e+02 2.002161419753086307e+02 2.031002777777777908e+02
2.027641666666666538e+02 2.002671296296296362e+02 2.029236111111111143e+02
2.029464197530864169e+02 2.004795679012345602e+02 2.030564814814814838e+02
2.031230555555555668e+02 2.006152777777777771e+02 2.032758950617283915e+02
2.031384876543209828e+02 2.005362037037037055e+02 2.034349691358024756e+02
2.031735185185185060e+02 2.005194444444444457e+02 2.035145061728395035e+02
2.030403086419753151e+02 2.003141358024691385e+02 2.033705555555555691e+02
2.027725308641975346e+02 2.000332716049382782e+02 2.031368518518518442e+02
2.024568827160493925e+02 1.997582407407407459e+02 2.028315740740740694e+02
2.022479012345679052e+02 1.995701851851851814e+02 2.025683333333333280e+02
2.019584876543209759e+02 1.992219444444444321e+02 2.021565123456790047e+02
2.016825925925925844e+02 1.989648148148148152e+02 2.017962345679012230e+02
2.015939506172839515e+02 1.988796296296296191e+02 2.017285802469135660e+02
2.017265123456790263e+02 1.989286728395061630e+02 2.017608950617284052e+02
2.019105864197530877e+02 1.989646604938271537e+02 2.019020061728394921e+02
2.019803395061728395e+02 1.989516358024691272e+02 2.019399691358024711e+02
2.021972530864197495e+02 1.990662654320987599e+02 2.021379320987654182e+02
2.024548148148148243e+02 1.992432716049382577e+02 2.023868518518518442e+02
2.025535493827160565e+02 1.993025000000000091e+02 2.024608950617283938e+02
2.025704012345678962e+02 1.992952777777777840e+02 2.026358333333333235e+02
2.024925617283950601e+02 1.992494753086419621e+02 2.024565740740740694e+02
2.024436111111111245e+02 1.990744753086419792e+02 2.024556481481481569e+02
2.024179938271605010e+02 1.990926851851851893e+02 2.024176851851851779e+02
2.023427160493827159e+02 1.991105555555555497e+02 2.023485802469135706e+02
2.020933950617283870e+02 1.990748765432098821e+02 2.021598765432098901e+02
2.019748456790123328e+02 1.989947839506172897e+02 2.021085493827160633e+02
2.020041358024691363e+02 1.989932098765432045e+02 2.021164814814814861e+02
2.020338888888888960e+02 1.990853703703703843e+02 2.020996913580246996e+02
2.019436728395061778e+02 1.990899691358024768e+02 2.021419444444444480e+02
2.020168518518518397e+02 1.992054938271604954e+02 2.021741358024691237e+02
2.020637345679012356e+02 1.992797222222222331e+02 2.022442901234567785e+02
2.022089814814814872e+02 1.993849074074074110e+02 2.024329938271604874e+02
2.022349691358024586e+02 1.994396604938271480e+02 2.025404629629629767e+02
2.022479320987654319e+02 1.994547222222222160e+02 2.026329938271605045e+02
2.023196913580246985e+02 1.994188271604938336e+02 2.027027777777777828e+02
2.023917592592592598e+02 1.992489197530864260e+02 2.027429938271604897e+02
2.023670061728394955e+02 1.991658950617284063e+02 2.027321913580246928e+02
2.022742283950617264e+02 1.991165740740740659e+02 2.026282407407407504e+02
2.022616975308642111e+02 1.989876234567901179e+02 2.024962654320987667e+02
2.022184876543209953e+02 1.987483024691358082e+02 2.023075000000000045e+02
2.021988888888888880e+02 1.986921604938271742e+02 2.021962345679012287e+02
2.023015740740740682e+02 1.987763888888889028e+02 2.022455246913580140e+02
2.023096296296296259e+02 1.987628395061728384e+02 2.022590123456790252e+02
2.023620370370370267e+02 1.988004938271604942e+02 2.022744444444444412e+02
2.025095987654320879e+02 1.989350308641975289e+02 2.023615123456790172e+02
2.026263888888888971e+02 1.990837345679012458e+02 2.024301543209876684e+02
2.027779320987654330e+02 1.993079320987654341e+02 2.026947839506172784e+02
2.030109876543209850e+02 1.995443209876543165e+02 2.028119753086419621e+02
2.030607098765431999e+02 1.996534259259259159e+02 2.028587962962963047e+02
2.030689814814814724e+02 1.996717592592592609e+02 2.028595370370370290e+02
2.030597530864197608e+02 1.999349382716049490e+02 2.030293209876543301e+02
2.030321296296296225e+02 2.000290432098765336e+02 2.030551543209876684e+02
2.029012345679012412e+02 2.001082098765432136e+02 2.030403703703703684e+02
2.028165432098765564e+02 2.000129012345678916e+02 2.030735802469135933e+02
2.027812037037037101e+02 1.998905246913580243e+02 2.031078086419753106e+02
2.026631481481481387e+02 1.997865432098765552e+02 2.031809876543210009e+02
2.026549382716049479e+02 1.997040740740740716e+02 2.032551851851851836e+02
2.027079938271604931e+02 1.998289814814814918e+02 2.032563888888888926e+02
2.027504629629629562e+02 1.998495987654320913e+02 2.031721913580246905e+02
2.029106790123456676e+02 1.999953703703703809e+02 2.031917901234567978e+02
2.030358641975308558e+02 2.002072222222222138e+02 2.033258641975308763e+02
2.030997530864197529e+02 2.004728395061728463e+02 2.032556790123456665e+02
2.032342592592592609e+02 2.006794444444444423e+02 2.034276543209876422e+02
2.032619135802469259e+02 2.005311111111111018e+02 2.036749382716049297e+02
2.032673148148148243e+02 2.004785493827160394e+02 2.038599074074074053e+02
2.032490432098765325e+02 2.003798456790123339e+02 2.038573148148148277e+02
2.032250617283950476e+02 2.002727777777777760e+02 2.038608641975308728e+02
2.031336419753086489e+02 2.000859259259259204e+02 2.037328395061728372e+02
2.030262345679012412e+02 1.998972839506172932e+02 2.036407407407407391e+02
2.027874382716049411e+02 1.998363271604938234e+02 2.035600308641975289e+02
2.026564197530864249e+02 1.997682098765432102e+02 2.035104320987654205e+02
2.025863271604938234e+02 1.997978703703703616e+02 2.035438580246913602e+02
2.026854629629629585e+02 1.999205246913580254e+02 2.036984259259259318e+02
2.027116666666666731e+02 2.000504938271604942e+02 2.035288271604938188e+02
2.029073456790123373e+02 2.002426543209876684e+02 2.036046296296296418e+02
2.028967592592592553e+02 2.003574999999999875e+02 2.036444753086419723e+02
2.030237345679012435e+02 2.005689197530864192e+02 2.037539814814814747e+02
2.030610493827160496e+02 2.006722222222222172e+02 2.037508024691358059e+02
2.032768518518518590e+02 2.006807407407407311e+02 2.039027160493827182e+02
2.033250308641975437e+02 2.006891666666666652e+02 2.039169444444444537e+02
2.034437962962962843e+02 2.006563888888888982e+02 2.040081790123456926e+02
2.033912037037036953e+02 2.004990432098765325e+02 2.039916358024691476e+02
2.033160185185185185e+02 2.004833024691357934e+02 2.038783024691358037e+02
2.032637962962963059e+02 2.005084876543209873e+02 2.039014506172839560e+02
2.032305864197530809e+02 2.004830555555555520e+02 2.038137962962962888e+02
2.031703395061728372e+02 2.004652777777777715e+02 2.038408950617283892e+02
2.031605864197530877e+02 2.004328086419752992e+02 2.038034259259259215e+02
2.032312345679012253e+02 2.005041975308641895e+02 2.038213580246913637e+02
2.033456172839506166e+02 2.006699999999999875e+02 2.039706172839506166e+02
2.034807407407407425e+02 2.007530864197530889e+02 2.041174691358024802e+02
2.035505864197530741e+02 2.008461419753086545e+02 2.042473148148148141e+02
2.036682716049382691e+02 2.009411728395061800e+02 2.043150617283950510e+02
2.037520370370370415e+02 2.010191975308642043e+02 2.043491358024691351e+02
2.037730246913580174e+02 2.011282716049382771e+02 2.044109876543209907e+02
2.035949691358024722e+02 2.010262654320987679e+02 2.043945370370370256e+02
2.033710493827160519e+02 2.008932716049382634e+02 2.043249382716049354e+02
2.032786728395061857e+02 2.007531790123456688e+02 2.042218827160493788e+02
2.032118209876543347e+02 2.005670679012345659e+02 2.041439197530864078e+02
2.029567283950617309e+02 2.004479629629629756e+02 2.040424074074074099e+02
2.027591358024691317e+02 2.002964197530864112e+02 2.039386419753086557e+02
2.026350925925925992e+02 2.002295370370370335e+02 2.038812654320987576e+02
2.025765740740740739e+02 2.001184259259259193e+02 2.038012654320987735e+02
2.025029629629629540e+02 2.000288888888889005e+02 2.037048148148148243e+02
2.026681172839506075e+02 2.002681790123456835e+02 2.038089197530864283e+02
2.027733024691358139e+02 2.003766358024691385e+02 2.036762654320987735e+02
2.029029629629629596e+02 2.004841975308642077e+02 2.036100000000000136e+02
2.029950925925925844e+02 2.005462037037036964e+02 2.036774382716049274e+02
2.031215123456790081e+02 2.006973148148148027e+02 2.037456481481481489e+02
2.032042283950617332e+02 2.006787345679012446e+02 2.039888580246913534e+02
2.032277777777777885e+02 2.006847530864197608e+02 2.041084567901234550e+02
2.031990740740740762e+02 2.007614814814814679e+02 2.041682098765432158e+02
2.033916358024691249e+02 2.008959567901234493e+02 2.044631790123456767e+02
2.035368518518518499e+02 2.010337037037037078e+02 2.047049382716049308e+02
2.034791975308641838e+02 2.011866049382716142e+02 2.048777160493827125e+02
2.035641666666666652e+02 2.012942901234567898e+02 2.050262654320987679e+02
2.035897530864197620e+02 2.014277160493827239e+02 2.051483333333333405e+02
2.037095370370370233e+02 2.015777469135802562e+02 2.053026851851851973e+02
2.038278703703703627e+02 2.016756481481481558e+02 2.054508950617284029e+02
2.039290740740740659e+02 2.018917283950617332e+02 2.050987654320987588e+02
