2.152927665187982598e+02 2.256844841634226100e+02 2.275392454831158489e+02
2.149573078465099911e+02 2.253676232847479923e+02 2.272197074533438581e+02
2.148766570530644913e+02 2.252945254200023157e+02 2.271443462966076368e+02
2.144943417700236807e+02 2.249616921664230915e+02 2.268537525381202897e+02
2.144200928596370943e+02 2.247919969995214728e+02 2.265541185447679027e+02
2.142304548570246254e+02 2.247395532908265636e+02 2.258831365347059545e+02
2.139765910942693381e+02 2.247378073227195614e+02 2.252286830227234589e+02
2.134293529571526449e+02 2.248730357858796367e+02 2.248333441109142541e+02
2.130658165310846925e+02 2.250676142315800234e+02 2.244465022438923540e+02
2.126883123601608929e+02 2.251531925350163590e+02 2.239892008639308756e+02
2.124775546100024712e+02 2.251588184322499728e+02 2.239252466988269816e+02
2.123639632182718913e+02 2.250757103503576104e+02 2.238286105973797646e+02
2.122194746575962654e+02 2.249876100929889731e+02 2.236025917926565967e+02
2.121663454947556318e+02 2.250159853080017172e+02 2.234277363200165496e+02
2.120636179045796155e+02 2.249281307794777547e+02 2.233411104357160468e+02
2.121152856274491967e+02 2.249251173678560747e+02 2.233142613261597660e+02
2.120714812276095813e+02 2.248763854580256236e+02 2.232590240684936873e+02
2.115089303035397847e+02 2.247510378810413840e+02 2.232357832930251789e+02
2.111769506343684100e+02 2.246247332548725524e+02 2.232295107409371440e+02
2.109795657065997716e+02 2.244935140518099956e+02 2.232679608385820131e+02
2.108034945228333754e+02 2.244176743704815067e+02 2.232635377193776662e+02
2.106989433659678355e+02 2.243916788453331037e+02 2.232891323185163230e+02
2.119417751969064057e+02 2.242023124377594741e+02 2.228722339338601444e+02
2.129061445144268703e+02 2.241839474398934442e+02 2.226099377918029916e+02
2.134972387837715360e+02 2.242512383440462429e+02 2.226221078361635364e+02
2.137795812263162532e+02 2.242576919594935418e+02 2.225865030198781653e+02
2.140029358130391586e+02 2.243840483180507306e+02 2.226585403706625641e+02
2.142256178787134218e+02 2.245044813181412451e+02 2.227334876682919287e+02
2.142514064743083964e+02 2.246499786603897917e+02 2.225364519341446794e+02
2.142406590706276290e+02 2.247407690019528843e+02 2.224369446851437431e+02
2.141094269344679901e+02 2.247772144695490226e+02 2.223196414945487049e+02
2.140282458840418656e+02 2.247787793742967608e+02 2.221184930355272229e+02
2.137770592723839513e+02 2.248369265788078337e+02 2.218683540047335043e+02
2.136433957139716142e+02 2.248627151744028083e+02 2.216546992408271990e+02
2.135771911899742577e+02 2.248551881118971494e+02 2.215666377827498366e+02
2.135920383854321472e+02 2.248729452542000331e+02 2.215291964666778881e+02
2.135994619831611203e+02 2.248366032513806090e+02 2.214513521553006399e+02
2.136178399141242323e+02 2.249448274078193606e+02 2.215174273483271179e+02
2.138576454003440119e+02 2.249835232343089331e+02 2.216867215892189620e+02
2.140016683695244524e+02 2.250428085513638052e+02 2.218209024715148416e+02
2.141244681263822258e+02 2.250652992072011500e+02 2.219857089277169280e+02
2.142631367933679201e+02 2.250914499295146243e+02 2.220994167173213043e+02
2.143910063242844899e+02 2.252517944672210604e+02 2.217038062104732319e+02
2.144531239896017780e+02 2.253041993766247231e+02 2.212638998460961375e+02
2.144904101085086836e+02 2.252940468954100481e+02 2.209797079706677323e+02
2.145545065376805667e+02 2.252693446799705157e+02 2.208200876863982671e+02
2.144983898294124458e+02 2.251936989950983445e+02 2.207236973137957250e+02
2.144428551105133067e+02 2.250836512719700977e+02 2.205971598918793006e+02
2.143285523984428664e+02 2.248734884442777400e+02 2.212222940727615992e+02
2.141359785827912106e+02 2.246316653949121189e+02 2.216831132551312180e+02
2.139119773412139125e+02 2.244009906752370114e+02 2.218567012842565305e+02
2.136608036626531089e+02 2.242115725352750246e+02 2.218705914305298563e+02
2.139618861628794377e+02 2.241888102843988122e+02 2.217534563701969716e+02
2.142844505373701907e+02 2.241705746175036609e+02 2.217575820281682866e+02
2.144470454339700609e+02 2.241418502088695277e+02 2.217209813634071054e+02
2.144604053232627621e+02 2.239902484447950712e+02 2.215574294176226431e+02
2.145298948539206663e+02 2.239720386440941127e+02 2.215571707556808576e+02
2.147127688467557221e+02 2.240585351974237369e+02 2.217203476416497381e+02
2.144651776360885265e+02 2.240684031505024620e+02 2.218191177041165929e+02
2.140750378293089966e+02 2.240075917279910982e+02 2.218522393657609086e+02
2.136995900208222849e+02 2.240351133585959928e+02 2.218891633579493146e+02
2.136313937998732513e+02 2.240085358440785797e+02 2.218163112220483413e+02
2.136620064406823474e+02 2.238751050814138353e+02 2.218427594055948475e+02
2.136039885671421814e+02 2.237889706548027107e+02 2.217471838181089367e+02
2.136703482883046092e+02 2.238167897466406373e+02 2.217773308674228190e+02
2.137975194319783725e+02 2.238852704957256208e+02 2.218492776865275857e+02
2.137506757543228844e+02 2.238074908498338118e+02 2.217810426662873056e+02
2.136602346063811808e+02 2.237767230118596444e+02 2.217571035035759905e+02
2.137088242521436712e+02 2.239341576027211147e+02 2.215608954876424264e+02
2.137993559317649783e+02 2.241583657738518696e+02 2.215070679375590146e+02
2.138146169863297246e+02 2.242455865806184647e+02 2.214249169048512158e+02
2.137801761487823455e+02 2.242597483219306582e+02 2.212185952069942232e+02
2.139812599423183883e+02 2.242945642192935907e+02 2.214957256114121549e+02
2.141062324594870745e+02 2.242891711178075695e+02 2.218370688428757944e+02
2.141474243737147845e+02 2.241881506964472806e+02 2.219148355556705212e+02
2.141518604260162135e+02 2.241129447368761305e+02 2.218541405310329537e+02
2.141527010773269808e+02 2.239268245366718020e+02 2.219044890779995001e+02
2.140780641740277588e+02 2.239288550329147256e+02 2.218617969245095196e+02
2.139698658837831999e+02 2.238685350680927684e+02 2.217916995382884409e+02
2.138229717670490686e+02 2.237916607389971659e+02 2.216675935386246863e+02
2.136125890767062003e+02 2.236867603885102369e+02 2.214741790716622916e+02
2.135310329664644655e+02 2.235791570207317420e+02 2.214136521772869060e+02
2.133730939848165349e+02 2.235307355052314335e+02 2.212821484460883710e+02
2.132767553446023783e+02 2.234467609058341111e+02 2.210331475278384801e+02
2.132223458051499563e+02 2.234343321995318092e+02 2.208344046248755319e+02
2.131103839836525538e+02 2.233898035462552230e+02 2.206645542608088419e+02
2.129843380194255076e+02 2.233160848928492896e+02 2.205159271090648190e+02
2.130704595129395500e+02 2.231834818483982303e+02 2.210820475679310846e+02
2.131892629427969155e+02 2.231260330311299640e+02 2.217205675043002486e+02
2.132961937895267681e+02 2.230968042317093705e+02 2.220015907709419309e+02
2.133644546759612410e+02 2.231509939085112819e+02 2.221512008380646819e+02
2.135065376805783615e+02 2.232561917202312429e+02 2.224554002146894049e+02
2.136213835827265655e+02 2.233376184995020708e+02 2.226638041411776783e+02
2.136359333169514230e+02 2.234935011187128850e+02 2.223499437410276585e+02
2.136163138086677691e+02 2.236248884520375952e+02 2.220936356229226192e+02
2.136230907515422643e+02 2.237087466535611213e+02 2.219457844570039242e+02
2.135467596125243972e+02 2.236927613455594326e+02 2.217778481913063615e+02
2.135450395106116162e+02 2.237172178321542617e+02 2.217458129098175164e+02
2.138871975271918302e+02 2.238891504248522324e+02 2.214649577734380159e+02
2.141834171829127911e+02 2.240190375189146437e+02 2.213867901346335429e+02
2.143494522833382803e+02 2.241311674706741996e+02 2.212536439001047484e+02
2.145593305828946882e+02 2.242568383750856924e+02 2.212359384901902501e+02
2.144219422925207823e+02 2.244092290580825306e+02 2.214505632363782013e+02
2.140908162077572854e+02 2.245202596965895339e+02 2.215984532015881712e+02
2.139638649267340043e+02 2.245740355142846170e+02 2.217556679297991593e+02
2.138105301276496562e+02 2.245876669986161573e+02 2.218215232601751268e+02
2.136537680578367997e+02 2.245648659484486700e+02 2.218136987364364074e+02
2.135370985889991005e+02 2.246311739372227407e+02 2.213042123097218052e+02
2.133543539271349232e+02 2.246673866090712863e+02 2.209512810232666311e+02
2.132534240374542378e+02 2.246699214961006703e+02 2.206167406008716796e+02
2.132014976526428711e+02 2.246961627500937766e+02 2.204739980083030559e+02
2.132013036561865533e+02 2.246766984389751940e+02 2.204236882606277845e+02
2.133216590576945464e+02 2.245909778714708693e+02 2.204492957928635235e+02
2.134543138345339628e+02 2.245254976009104837e+02 2.203771420442053284e+02
2.135263253191241688e+02 2.244587110875441454e+02 2.203660195807089792e+02
2.136472627100011721e+02 2.244327155623957140e+02 2.203823023499437284e+02
2.137500808318567920e+02 2.244706871354483155e+02 2.204068752344123823e+02
2.138058612796006344e+02 2.244900479817902124e+02 2.206388820630876353e+02
2.138849471682983960e+02 2.245741001797700562e+02 2.208680953427917473e+02
2.139816608683281345e+02 2.246848592232381918e+02 2.210241460922647150e+02
2.142353953001125149e+02 2.248322577307587835e+02 2.214308273302207795e+02
2.142878907411957812e+02 2.249139431719713969e+02 2.214157473390152688e+02
2.145410173174170154e+02 2.250348288304600430e+02 2.213499308079305763e+02
2.148293607170108999e+02 2.252143790173432762e+02 2.212256566780046683e+02
2.149924600043972589e+02 2.253369977108418141e+02 2.211904398546319896e+02
2.150502450821898321e+02 2.253028802007216598e+02 2.210786978957850977e+02
2.150903118169707966e+02 2.252862482378655216e+02 2.209961588701646349e+02
2.149738234114923614e+02 2.252755008341847542e+02 2.210124545724964662e+02
2.148092626841349784e+02 2.252764578833693179e+02 2.210667089147838169e+02
2.147280169682233861e+02 2.252579894207265738e+02 2.210573712186857449e+02
2.146918818949573904e+02 2.253285265322486737e+02 2.211582752421722375e+02
2.146362437112815371e+02 2.253357173342300257e+02 2.212483930626867163e+02
2.146512461039044979e+02 2.253928557571681779e+02 2.210668123795605311e+02
2.146944943805693242e+02 2.254817837327504719e+02 2.208667115014032447e+02
2.146649939861098630e+02 2.255357794130960656e+02 2.206912740393942158e+02
2.146253281773386163e+02 2.255643744907592918e+02 2.206704646861784056e+02
2.145145044683850415e+02 2.254827149157408712e+02 2.205636502373223209e+02
2.150619495350551631e+02 2.254244771795501947e+02 2.207697908718200779e+02
2.153670283622819284e+02 2.252029590926138951e+02 2.208693110539180680e+02
2.156331009686889786e+02 2.250410237839655565e+02 2.209002599552514710e+02
2.158619262554803981e+02 2.250481240542672765e+02 2.209903648426688676e+02
2.159563766635196203e+02 2.249689605669869650e+02 2.210160111741958815e+02
2.157899018377931100e+02 2.249300319447497998e+02 2.210193220470505935e+02
2.155062919517336866e+02 2.249174221750882623e+02 2.210477877937429696e+02
2.151728637756883700e+02 2.247958122631626736e+02 2.209321529726723554e+02
2.149697494859094036e+02 2.246828157938981576e+02 2.208685609342869327e+02
2.149181722947194260e+02 2.247330738091850719e+02 2.208758034686566418e+02
2.149288291667205613e+02 2.247544651517698924e+02 2.209378047361001620e+02
2.152916413393515427e+02 2.246940934545595496e+02 2.209364467609058238e+02
2.156484137556420535e+02 2.245566275656031223e+02 2.209162193970590238e+02
2.159597910011510464e+02 2.245694830641093631e+02 2.209935851838439760e+02
2.162366368774330283e+02 2.246513754348753764e+02 2.210913335316408279e+02
2.158547871858874032e+02 2.248888400305221182e+02 2.210143169384772648e+02
2.155275798295417928e+02 2.250234089057306619e+02 2.209516948823734879e+02
2.153517543746201000e+02 2.252170949677319243e+02 2.209846354806585396e+02
2.152280622340632021e+02 2.252678444407082168e+02 2.209685725740743010e+02
2.151488470143945335e+02 2.252726555528252277e+02 2.209583166280829403e+02
2.151196182149739400e+02 2.253251768601026868e+02 2.209940119760479149e+02
2.151411130223354462e+02 2.253274530851903137e+02 2.212051577191190006e+02
2.150127520337295266e+02 2.252485611929488698e+02 2.213515733112608359e+02
2.149372356798282624e+02 2.252033729517207519e+02 2.214146738919569088e+02
2.148570634109750301e+02 2.251391601246750440e+02 2.215064342158016473e+02
2.155701297189638126e+02 2.250592723839577900e+02 2.209476338898876122e+02
2.161945137802149475e+02 2.249588080857722900e+02 2.207063022982113409e+02
2.166530955367881859e+02 2.249516043506938558e+02 2.205803597987610090e+02
2.168647844699370069e+02 2.249800442311920392e+02 2.203558670994943043e+02
2.169276263886912943e+02 2.248970784133676375e+02 2.201957941568267358e+02
2.167139457585907962e+02 2.250171622198367913e+02 2.192251005548298792e+02
2.165356500821251586e+02 2.250277802925466517e+02 2.188623789138785014e+02
2.163994645697805197e+02 2.250395364778003398e+02 2.186766596396839191e+02
2.162388355039381338e+02 2.248785711514336469e+02 2.183696020486025873e+02
2.158170484085823944e+02 2.245738415178282708e+02 2.179399257640227177e+02
2.156526816776813575e+02 2.244236235951423168e+02 2.180862896237761959e+02
2.155323780085617216e+02 2.242445777990455440e+02 2.184998900686747447e+02
2.153406836435121079e+02 2.240795514801929755e+02 2.185761694753042548e+02
2.150215077404586168e+02 2.237268271232912014e+02 2.185754193556730911e+02
2.149069463664463626e+02 2.236059802640938301e+02 2.185424916904851216e+02
2.147885697287929645e+02 2.235154615175696051e+02 2.185822092316446970e+02
2.150096998228165717e+02 2.235837741363924351e+02 2.181611075904346819e+02
2.152561529209399680e+02 2.235947155365295203e+02 2.177693382134219746e+02
2.155225876540655179e+02 2.234400486284450551e+02 2.174082332096066921e+02
2.155864383543927261e+02 2.234506667011549155e+02 2.173762496605062040e+02
2.153991929747416521e+02 2.234066941710531466e+02 2.185632363782154926e+02
2.151320469212762418e+02 2.234155404094618405e+02 2.192002172760310827e+02
2.148924612977069728e+02 2.233938516056440164e+02 2.194110396916749721e+02
2.149103348378836245e+02 2.234751231877497730e+02 2.197235291835335715e+02
2.148922414350564623e+02 2.234857153942654691e+02 2.198708371593745596e+02
2.149813634070951025e+02 2.235336583851735099e+02 2.192112362747507177e+02
2.150711579001823566e+02 2.236362566443786193e+02 2.186079719610455072e+02
2.152064122295365962e+02 2.236888943495298747e+02 2.182285407586554697e+02
2.152793290309230372e+02 2.236919724266369940e+02 2.180077727913503338e+02
2.151612886537939175e+02 2.235491781016800132e+02 2.178356720683902097e+02
2.150774045860762271e+02 2.234082332096066921e+02 2.176251471139793807e+02
2.151474631730060310e+02 2.234365178929398326e+02 2.176187969633087960e+02
2.151908149144475715e+02 2.233741027663894556e+02 2.175125386376275571e+02
2.151281152597612447e+02 2.232789669042045375e+02 2.173626957747571851e+02
2.151288524462953262e+02 2.232003466070019897e+02 2.173143906571306729e+02
2.150974638196609021e+02 2.231492867396955546e+02 2.171137077896043763e+02
2.146355582571358411e+02 2.231921728896418813e+02 2.172362488845203643e+02
2.142077314054396595e+02 2.232491561154149622e+02 2.174726917654970748e+02
2.140930794997478017e+02 2.233191759030534911e+02 2.176598466134685168e+02
2.139399128309256355e+02 2.233248405995783799e+02 2.176979863167832718e+02
2.137472226174001833e+02 2.232628781314261346e+02 2.173861564128762041e+02
2.135359863426494655e+02 2.230681444885606766e+02 2.169648866414040072e+02
2.133104460625185936e+02 2.228930950194643117e+02 2.165762341407896940e+02
2.130980587421269661e+02 2.227093415760272137e+02 2.163073291861201994e+02
2.127918030030651551e+02 2.224518694791841824e+02 2.159888904696007614e+02
2.129269150683514056e+02 2.220444381215969827e+02 2.156223406319111291e+02
2.130505425434228641e+02 2.217156917266977985e+02 2.153319279367830177e+02
2.130921612498545130e+02 2.215724188771485217e+02 2.151850467531459685e+02
2.131409707582674855e+02 2.214444588145523198e+02 2.151770540991451242e+02
2.130378681082758874e+02 2.211696563676103438e+02 2.149480606820915511e+02
2.131827834611554522e+02 2.209629725430348799e+02 2.152623090751542350e+02
2.134109491599953401e+02 2.208768898488120840e+02 2.158219629854761195e+02
2.135222255273470466e+02 2.207587589400033607e+02 2.161080430930794876e+02
2.135144786021908772e+02 2.206049973487151021e+02 2.163728999883602171e+02
2.135407198561839550e+02 2.206521384876036223e+02 2.164772054163810537e+02
2.127907942214922343e+02 2.209740562072399541e+02 2.162986898772649056e+02
2.122757336299323470e+02 2.210223871910606306e+02 2.160947996016606112e+02
2.119359682363135562e+02 2.210974896858550665e+02 2.159659730215594777e+02
2.117940921612498641e+02 2.211967641391083816e+02 2.160015907709419309e+02
2.118011794984545020e+02 2.213127740199945777e+02 2.160365877316640990e+02
2.117392428964964211e+02 2.213109763194992183e+02 2.162092445777990406e+02
2.117246026305919600e+02 2.213281773386272846e+02 2.164016631962856252e+02
2.116820398080728296e+02 2.213004099791777151e+02 2.165500704853791376e+02
2.117679414389363899e+02 2.213633165634174418e+02 2.167286506899807250e+02
2.118693757194035356e+02 2.214879786862559854e+02 2.168771873100451444e+02
2.114730150929242996e+02 2.218059130119889915e+02 2.169316485818858951e+02
2.112192677280428370e+02 2.219978143065920051e+02 2.169133741156994972e+02
2.110764475368916635e+02 2.222336493320055411e+02 2.169263977444678630e+02
2.110726064070562984e+02 2.223551299129602512e+02 2.170795126809017006e+02
2.111062712587783494e+02 2.224496579195819947e+02 2.171325254458685095e+02
2.109609549798890384e+02 2.225020369627914931e+02 2.179183662911757438e+02
2.109586787548014115e+02 2.224997090053155091e+02 2.184897246543629876e+02
2.107423468397977331e+02 2.224146480257627161e+02 2.187846122010838030e+02
2.105374607157176001e+02 2.222205222384604326e+02 2.188226613727189260e+02
2.104098239805486230e+02 2.220650793445506395e+02 2.187231153244267432e+02
2.110568021624138453e+02 2.218803300526377029e+02 2.189821005936291556e+02
2.115295715264934415e+02 2.217804994762095703e+02 2.191769118350771350e+02
2.118709018248599989e+02 2.216801386428007845e+02 2.193245043390540729e+02
2.122435690174726233e+02 2.215589555230791063e+02 2.198617063928298876e+02
2.124486750042032668e+02 2.217370830692825905e+02 2.200493268322965434e+02
2.121794208559123547e+02 2.219321917719636303e+02 2.200899755564464897e+02
2.119977884403978123e+02 2.220196453744778182e+02 2.199881662161637905e+02
2.118647198044515676e+02 2.220514219940249063e+02 2.200121312450692699e+02
2.118092626841349784e+02 2.221079396283028018e+02 2.199691416303462290e+02
2.116974301936084544e+02 2.220737315865030155e+02 2.198694145186947821e+02
2.117361518862922196e+02 2.220736022555321370e+02 2.199020835219409946e+02
2.121162944090221174e+02 2.221159322823036462e+02 2.200281941516535085e+02
2.124420532584938144e+02 2.221712083392609998e+02 2.201566327388419779e+02
2.126776166888684827e+02 2.221631898190659626e+02 2.202615977548143462e+02
2.128004164457262561e+02 2.221815677500291031e+02 2.202638093144165339e+02
2.127629880627513899e+02 2.223835309941671596e+02 2.206329199053297430e+02
2.127377555903312043e+02 2.224616339674861933e+02 2.208010113681923485e+02
2.126071959752201792e+02 2.225363484693679652e+02 2.208840030522109146e+02
2.125049857089277054e+02 2.225642710259826060e+02 2.209128567918159263e+02
2.125021533606652895e+02 2.226010268879088585e+02 2.210072813336609840e+02
2.124856895280712763e+02 2.226544664450796063e+02 2.208907023965028884e+02
2.124795721731483127e+02 2.227533658385173396e+02 2.207963295870462161e+02
2.124670529351663788e+02 2.228136599371451609e+02 2.208009596358039914e+02
2.125082707155882531e+02 2.228670348288304695e+02 2.207955406681238060e+02
2.126038075037829174e+02 2.229316615149830056e+02 2.208031841285032613e+02
2.124130443217237314e+02 2.231564128761914674e+02 2.202390424334915622e+02
2.121309476080236891e+02 2.231840897039614049e+02 2.197158986562511984e+02
2.118963670930277772e+02 2.231756314584653467e+02 2.194199635286662158e+02
2.118197384927768780e+02 2.231881636295443627e+02 2.192716338381552248e+02
2.117316511685053229e+02 2.231114574307109422e+02 2.191522742851230703e+02
2.121869867177092885e+02 2.228042317093674285e+02 2.193793148045162411e+02
2.126019192716079829e+02 2.225302181813478910e+02 2.195841362631109348e+02
2.128020460159594336e+02 2.223379288938322134e+02 2.196825441988592900e+02
2.129512422239753846e+02 2.221968288045938493e+02 2.197916736720942481e+02
2.129738492776865257e+02 2.221204200669934323e+02 2.198079435082319151e+02
2.129617956311998057e+02 2.221358621849174142e+02 2.197911822144048699e+02
2.130306126408090961e+02 2.222566702448235390e+02 2.197449075930213098e+02
2.131114703638080243e+02 2.223330013838413777e+02 2.197834223561516183e+02
2.133650625315244156e+02 2.225414053103296510e+02 2.199883084802317512e+02
2.135546100024572809e+02 2.227215374865819228e+02 2.201322021184413131e+02
2.137292068131555425e+02 2.228723891310252156e+02 2.202972543034880459e+02
2.131752175993585183e+02 2.232147152778675832e+02 2.205141294085694597e+02
2.129642658527437504e+02 2.233991024430620485e+02 2.207074404107551686e+02
2.128538172036057574e+02 2.234962558683928080e+02 2.208940908679401502e+02
2.128090040221931929e+02 2.235313433607946081e+02 2.210141229420209186e+02
2.128132590111353863e+02 2.236555916245263234e+02 2.208372111069437835e+02
2.127278876372524792e+02 2.237634148549553288e+02 2.206342520143298600e+02
2.127060695024637482e+02 2.237804736100153775e+02 2.204292236261817663e+02
2.126924768174234543e+02 2.238000413859106743e+02 2.203309191552100970e+02
2.126353901268736877e+02 2.238281838051758257e+02 2.202942150256722016e+02
2.127048020589490704e+02 2.239149002211559605e+02 2.203632648310290847e+02
2.128111121170186664e+02 2.239498454494897999e+02 2.202400641481615651e+02
2.128463030741971806e+02 2.239716377180843381e+02 2.200194643111185826e+02
2.128917629104641662e+02 2.240190375189146437e+02 2.199554066812379460e+02
2.130317507533528953e+02 2.241543694468514332e+02 2.200118467169332916e+02
2.131606937313278536e+02 2.241896250695153867e+02 2.203023499437410351e+02
2.133510301211831290e+02 2.241586244357936266e+02 2.206184736358815712e+02
2.133913037855175219e+02 2.241099959907398897e+02 2.207433038889822967e+02
2.135169358906377397e+02 2.241339739527424513e+02 2.209087440669417219e+02
2.135963451067627261e+02 2.241465707893069066e+02 2.210031815418838335e+02
2.136052948099481341e+02 2.241168763983911276e+02 2.211821497393980849e+02
2.135575199493022467e+02 2.240301987817022678e+02 2.212566314455322640e+02
2.135229109814927426e+02 2.239561180015778348e+02 2.213841259166332520e+02
2.133035009893819165e+02 2.237296336053594814e+02 2.212611968288046000e+02
2.131842578342235583e+02 2.236218491742217509e+02 2.212210524954410857e+02
2.131820333415242885e+02 2.235771394575859006e+02 2.214243349154822056e+02
2.131316977276548528e+02 2.234610778443113759e+02 2.215266098472601186e+02
2.130667089147838169e+02 2.233894672857309160e+02 2.215580502062828998e+02
2.131129188706819662e+02 2.233735725094088309e+02 2.216118906894633938e+02
2.131996352866621010e+02 2.234470713001642537e+02 2.216983743096959358e+02
2.133989731120911415e+02 2.234858576583334298e+02 2.218181994542233042e+02
2.137097037027456850e+02 2.235653186068467733e+02 2.218672676245780622e+02
2.138493811513042999e+02 2.236670244823527867e+02 2.218648362023253640e+02
2.140384112983536227e+02 2.236724563831300543e+02 2.219286739695554900e+02
2.140973215555929130e+02 2.237002496087738166e+02 2.219674085953363374e+02
2.140760724770760817e+02 2.238844298444148535e+02 2.213069541263046176e+02
2.140466884804904169e+02 2.240035954009906618e+02 2.207567543099546015e+02
2.139269409345455983e+02 2.240409073860917601e+02 2.203488832270663806e+02
2.138037273185809681e+02 2.240898074261843362e+02 2.200960023796898781e+02
2.137242017045821854e+02 2.240384242314507048e+02 2.198985269202415793e+02
2.134090738609174878e+02 2.240351392247901572e+02 2.200715200269008278e+02
2.132826787030690241e+02 2.240911783344757566e+02 2.203100710027030118e+02
2.132443579363950334e+02 2.242070200850997708e+02 2.205343955717075630e+02
2.132906584239727863e+02 2.243327815211908671e+02 2.206971197992783402e+02
2.133885231696434346e+02 2.244306462668615154e+02 2.208610209386841916e+02
2.137322460909714152e+02 2.245412889124558546e+02 2.210494949625586969e+02
2.140816725081155312e+02 2.246046352219966025e+02 2.211928971430788522e+02
2.144103154382380012e+02 2.246545957760504848e+02 2.213576260006983887e+02
2.146102611192302163e+02 2.246789229316744354e+02 2.213622819156503283e+02
2.146877303707918827e+02 2.246537809909339103e+02 2.213502541353578010e+02
2.146611787224686623e+02 2.246484784211275212e+02 2.213962830278966862e+02
2.146440941012144208e+02 2.245103917435108087e+02 2.215405517259218016e+02
2.145985178670736389e+02 2.244199117962778587e+02 2.216472756430982542e+02
2.145783293025180853e+02 2.243325745916374672e+02 2.216601440747015772e+02
2.144657337592633439e+02 2.241868961860296565e+02 2.215818729711203900e+02
2.134427387126395104e+02 2.241910477101951642e+02 2.216112828339002476e+02
2.127344188512823280e+02 2.241590253618034012e+02 2.217137388290373963e+02
2.121973719946715562e+02 2.240355660169940961e+02 2.215568991606419900e+02
2.118337321038268897e+02 2.238600768225967101e+02 2.213802459875066404e+02
2.116974819259968115e+02 2.239073990248444659e+02 2.213738441044476986e+02
2.120326043377607732e+02 2.238181865211262220e+02 2.215174273483271179e+02
2.124097463819661016e+02 2.236450123511077095e+02 2.216990856300358246e+02
2.125580502062828998e+02 2.235674525678664395e+02 2.218045938360859282e+02
2.128297357768264817e+02 2.236531602022736251e+02 2.219994438768251825e+02
2.131370908291408455e+02 2.237852200566469776e+02 2.222256566780046683e+02
2.132399865495790152e+02 2.238615253294706520e+02 2.223947439893431408e+02
2.132806352737289899e+02 2.239012687368244201e+02 2.224377982695516209e+02
2.133730293193310956e+02 2.240073459991464233e+02 2.226076874329095574e+02
2.134546500950582697e+02 2.241182473066825196e+02 2.226995253553368457e+02
2.135092794971611738e+02 2.241945784457003867e+02 2.227355052314377701e+02
2.133303500989381973e+02 2.241835982462720267e+02 2.224269086018028645e+02
2.132770140065441353e+02 2.241605773334540288e+02 2.222324465539762741e+02
2.131961562835452071e+02 2.241606549320365787e+02 2.221194888840030615e+02
2.131421606031996419e+02 2.241258261015765356e+02 2.220357212141591674e+02
2.131034518436129872e+02 2.240894970318542221e+02 2.219316485818858951e+02
2.130513055961511100e+02 2.240626996546862983e+02 2.218359695296232701e+02
2.131970357341472493e+02 2.240705371115220998e+02 2.217093286429301315e+02
2.132836486853506699e+02 2.240349840276250859e+02 2.214948849601013876e+02
2.134562279329030900e+02 2.241057280687006141e+02 2.213336351055987450e+02
2.135484797144372067e+02 2.241650780512409256e+02 2.213696537809909444e+02
2.135508464712044656e+02 2.241297836292856971e+02 2.215633786422834817e+02
2.135384824303876030e+02 2.240701620517065180e+02 2.217839914124235463e+02
2.134801929618085694e+02 2.240066476119036167e+02 2.218650948642671494e+02
2.134808396166629905e+02 2.239757633760556530e+02 2.220337424503045725e+02
2.133479132447847348e+02 2.238221440488353835e+02 2.218358401986523631e+02
2.129115764152041379e+02 2.236980121829774646e+02 2.214571849820876537e+02
2.126415333479908440e+02 2.237438988114483891e+02 2.213381358233856133e+02
2.123432961291240417e+02 2.236917008315981548e+02 2.212089859158572835e+02
2.120970240943598810e+02 2.235374607157176001e+02 2.209582390295003904e+02
2.119411544082461489e+02 2.234589568163888202e+02 2.208341071636424715e+02
2.117866297642296445e+02 2.233478615123963777e+02 2.208874691222306978e+02
2.116290141100089102e+02 2.232190995977806836e+02 2.209730991580553905e+02
2.114034738298780383e+02 2.230260989899251172e+02 2.209317520466626092e+02
2.112798463548065797e+02 2.229224143505645372e+02 2.209416199997413344e+02
2.112420817113074065e+02 2.228591973719946679e+02 2.209425511827317337e+02
2.112199919814798079e+02 2.228497303449256890e+02 2.210266421800028525e+02
2.116223147657169363e+02 2.227946094851334067e+02 2.211643279316097903e+02
2.120222449269926699e+02 2.228521488340813050e+02 2.212760440242624895e+02
2.123537460715717486e+02 2.229192974741661430e+02 2.213169902096454962e+02
2.125628871845941035e+02 2.230403900622081892e+02 2.214419627268141824e+02
2.127011937248612981e+02 2.232424697042200705e+02 2.211411388885296390e+02
2.128288175269331646e+02 2.234026073123731067e+02 2.209062221130093917e+02
2.129488496010139613e+02 2.235781482391588213e+02 2.207785077792578932e+02
2.130024184891555876e+02 2.236188357626000709e+02 2.206945719791518457e+02
2.130706535093958962e+02 2.236232847479986106e+02 2.205824937597806468e+02
2.130785168324258620e+02 2.236028504545983537e+02 2.206582041101382572e+02
2.130655190698516606e+02 2.236338769545143066e+02 2.207522406590706225e+02
2.130823191629699522e+02 2.235988929268891923e+02 2.208460444122553952e+02
2.130645232213758220e+02 2.235530062984182962e+02 2.208938451390954469e+02
2.130569185602876416e+02 2.235831662808292606e+02 2.209551738854903533e+02
2.129814410056776239e+02 2.237236714476015607e+02 2.208283778016321435e+02
2.129188836150592863e+02 2.238788039471812397e+02 2.208246660027676853e+02
2.128350124804386780e+02 2.239345067963425322e+02 2.206516340968171619e+02
2.127872376197928190e+02 2.240711320339881922e+02 2.206624202997892041e+02
2.127948164146868351e+02 2.242037997439246908e+02 2.206840961705099460e+02
2.128054215542996133e+02 2.241706651491832645e+02 2.212532688402891949e+02
2.127678121079654829e+02 2.240804309307949893e+02 2.216652397149545379e+02
2.126962920810646551e+02 2.240639541651039224e+02 2.218474153205468156e+02
2.126705552178580092e+02 2.240210162827692386e+02 2.220100619495350429e+02
2.126366963696796404e+02 2.239130507882722725e+02 2.220292287994205935e+02
2.125665989834585616e+02 2.239416329328384165e+02 2.218560287632079167e+02
2.125568344951565507e+02 2.239506731677034566e+02 2.217150709380375417e+02
2.125310717657557404e+02 2.239106064329224921e+02 2.216810310264999089e+02
2.124160706664424936e+02 2.238233597599617042e+02 2.215503550135150874e+02
2.123930238874303313e+02 2.237603755771394560e+02 2.215597185758073522e+02
2.122627488004552561e+02 2.236325319124170790e+02 2.214287192353953060e+02
2.123305828946857901e+02 2.236055405387928374e+02 2.210459383608592816e+02
2.124560080702525795e+02 2.235491910347770954e+02 2.207656005483633237e+02
2.125573776852342860e+02 2.235668447123032649e+02 2.206701154925570165e+02
2.125947672689178773e+02 2.235459577605049049e+02 2.206316653949121189e+02
2.125373313847466932e+02 2.236066010527541152e+02 2.204550898203592908e+02
2.126173613895319647e+02 2.237236973137957250e+02 2.203515991774550287e+02
2.127052288511529810e+02 2.238725831274815334e+02 2.203674939537771138e+02
2.127936783021430074e+02 2.239955898138927353e+02 2.204513650883977220e+02
2.127974289002987405e+02 2.241186870319835407e+02 2.204413807374452006e+02
2.129052003983393888e+02 2.242374257963554669e+02 2.205507300733306693e+02
2.131036975724576905e+02 2.243166798153153820e+02 2.208294124493992570e+02
2.131264856895280673e+02 2.242614813569405499e+02 2.210310782323042815e+02
2.132585067446101448e+02 2.242831572276613201e+02 2.212242211042278370e+02
2.133926100283234746e+02 2.243340489647055733e+02 2.213988308480231808e+02
2.131938153929721409e+02 2.244516108172423969e+02 2.212027650961575773e+02
2.127741881248302604e+02 2.245699745217987413e+02 2.208358272655552810e+02
2.124999159348689091e+02 2.246408608269422302e+02 2.206272810749990185e+02
2.121999327478951329e+02 2.246205170652216054e+02 2.203304276975207188e+02
2.123398429922013406e+02 2.247352336363989025e+02 2.203664593060100003e+02
2.124288485663661845e+02 2.247597030560908422e+02 2.209180558968456296e+02
2.126185124351728462e+02 2.247393851605644102e+02 2.214809689476338974e+02
2.126892694093454566e+02 2.247915184749292052e+02 2.218183546513883755e+02
2.127354017666610559e+02 2.247695710091695673e+02 2.219796174389881003e+02
2.128072580540862191e+02 2.247910658165310736e+02 2.220726064070562984e+02
2.128384138849730220e+02 2.248235925557093253e+02 2.221091294732349581e+02
2.129036872259800077e+02 2.248410651698762308e+02 2.221827317287670951e+02
2.129038812224363255e+02 2.248303177661954635e+02 2.221900389286222435e+02
2.128871328617063909e+02 2.247861512396373485e+02 2.221954837624965933e+02
2.128768510495208375e+02 2.247533399723231753e+02 2.221777654194850129e+02
2.129366278242650878e+02 2.246456072735738019e+02 2.221246233235472971e+02
2.130687135448325762e+02 2.245483633165634103e+02 2.221108625082448498e+02
2.130545518035203827e+02 2.243015868910127892e+02 2.219827601815806872e+02
2.129766040273664203e+02 2.241524553484823059e+02 2.218607364105482418e+02
2.129842345546487934e+02 2.240908162077572854e+02 2.218025374736488118e+02
2.129881015506783513e+02 2.240868716131452061e+02 2.217326599500782436e+02
2.130283105495273048e+02 2.240840133986885974e+02 2.217164030470376872e+02
2.131118842229148527e+02 2.241106038463030643e+02 2.216667916866051939e+02
2.131425227299181415e+02 2.241844130313886296e+02 2.216905239197630522e+02
2.133617904579609785e+02 2.242969827084491783e+02 2.218572315412371836e+02
2.130890573065532010e+02 2.245145432676763164e+02 2.218904696007552957e+02
2.127015817177739621e+02 2.246423739993016113e+02 2.218638144876553611e+02
2.125337618499501957e+02 2.247219125463974763e+02 2.218576454003440119e+02
2.125080249867435782e+02 2.247787664411996786e+02 2.218635428926164934e+02
2.124367894879787002e+02 2.248415436944685268e+02 2.218438069864590432e+02
2.125508982035928227e+02 2.248546837211106890e+02 2.219620025607532341e+02
2.126669080844789903e+02 2.248143841905821319e+02 2.221627242275707772e+02
2.127080870656095897e+02 2.247487616559537571e+02 2.221657893715808143e+02
2.127328280803403970e+02 2.246486982837780033e+02 2.221807270987183358e+02
2.126931234722779038e+02 2.245782905032268104e+02 2.221397550471411364e+02
2.128977380013191691e+02 2.245624474592930824e+02 2.219683009790354618e+02
2.131467777188603350e+02 2.245637407690019529e+02 2.218321930652733442e+02
2.133298845074429835e+02 2.246111276367351763e+02 2.217137776283286428e+02
2.134133935153451205e+02 2.246014666132098512e+02 2.216206205299983196e+02
2.135480917215245427e+02 2.246514013010695692e+02 2.215817048408582366e+02
2.135635209063514424e+02 2.246440165026318994e+02 2.214867888413238290e+02
2.134213603031518005e+02 2.247132085720567432e+02 2.214160189340541365e+02
2.134056983225773081e+02 2.247323366226510188e+02 2.213915624474592789e+02
2.132919517336816568e+02 2.246803455723542129e+02 2.212458969749485789e+02
2.131714540681057031e+02 2.246243323288628062e+02 2.211261494290037604e+02
2.130883718524075050e+02 2.245004332587524800e+02 2.209860063889499600e+02
2.130668253126576133e+02 2.244624616856998784e+02 2.209463793794699882e+02
2.129396283027896573e+02 2.243309191552100970e+02 2.207710712484318663e+02
2.127288576195341534e+02 2.241730707052417984e+02 2.205529028336415820e+02
2.125174402814242001e+02 2.239843380194255076e+02 2.203920021727603000e+02
2.123688648620685058e+02 2.238304341640692599e+02 2.203276729478408242e+02
2.122164483128774748e+02 2.237447265296620458e+02 2.202865068998073070e+02
2.120508529377530067e+02 2.236909507119669911e+02 2.202996727926436620e+02
2.120250902083521964e+02 2.236756379250139162e+02 2.203367131827058643e+02
2.120821768989019915e+02 2.237930445803856685e+02 2.204312282562305256e+02
2.122997503912261834e+02 2.238819854890650731e+02 2.206213577165323727e+02
2.124650095058263730e+02 2.239015144656690950e+02 2.206983355104046893e+02
2.126407832283597088e+02 2.239441160874794718e+02 2.207929669818031186e+02
2.127874445493462190e+02 2.240500640188305965e+02 2.209784017278617796e+02
2.127971702383569834e+02 2.240398727383246467e+02 2.209729698270844835e+02
2.124427775119307853e+02 2.240722054810465522e+02 2.208848695697158462e+02
2.120772623220082380e+02 2.240066605450006989e+02 2.207009091967253482e+02
2.116298806275138702e+02 2.240160758396813208e+02 2.206576091876721648e+02
2.114742178709535665e+02 2.240634239081232693e+02 2.206784185408879750e+02
2.114256023589969118e+02 2.240901824859999181e+02 2.206435638442337677e+02
2.114977043752667498e+02 2.241288653793924084e+02 2.208368748464194766e+02
2.114594353409811163e+02 2.240699680552502002e+02 2.209174868405737016e+02
2.113860788142936542e+02 2.240384371645477870e+02 2.210006983872428066e+02
2.114682169139043708e+02 2.241528562744920521e+02 2.211693330401831190e+02
2.116192625548040098e+02 2.243095666119165514e+02 2.213799226600794157e+02
2.112770398727383281e+02 2.244144410962093161e+02 2.214823915883136465e+02
2.111152856274491967e+02 2.244556200773399155e+02 2.215075723283454749e+02
2.109971029862521164e+02 2.244797273703133556e+02 2.215504067459034445e+02
2.108598440268491174e+02 2.244727822971767068e+02 2.216381578096506644e+02
2.107744079874807710e+02 2.244242831830938485e+02 2.216178528472213145e+02
2.108444924406047392e+02 2.244351599177454943e+02 2.211865211262141031e+02
2.109425899820230086e+02 2.244821199932747788e+02 2.209167237878454841e+02
2.109926152015623302e+02 2.244460883847854973e+02 2.206805913011988878e+02
2.108852187633372637e+02 2.242866232976811034e+02 2.204717735156037861e+02
2.108160525601065558e+02 2.241690355789500870e+02 2.203303630320352795e+02
2.108985786526299364e+02 2.240431706780822765e+02 2.205416510391743543e+02
2.109905071067368567e+02 2.239091061936601932e+02 2.207982178192211791e+02
2.110166578290503310e+02 2.238788944788608433e+02 2.210807283920280497e+02
2.111696305014161794e+02 2.239546048292184537e+02 2.212584032798334306e+02
2.113069282601104533e+02 2.240737445196000976e+02 2.215291188680953383e+02
2.116254187090182484e+02 2.241994024909145082e+02 2.215796614115182024e+02
2.118478938451390832e+02 2.242133573026732734e+02 2.216931622715691788e+02
2.121024430620400665e+02 2.242505270237063542e+02 2.217844699370158139e+02
2.122903480296426721e+02 2.243056866827899398e+02 2.219202803895448710e+02
2.124417040648724253e+02 2.243904372680125618e+02 2.219826825829981374e+02
2.123693821859520767e+02 2.244670012027780217e+02 2.216224440966878433e+02
2.122143272849549192e+02 2.245237386997064277e+02 2.212601233817462401e+02
2.121180791764203661e+02 2.245449489789319841e+02 2.210327854011200088e+02
2.120636567038708620e+02 2.245305156425809230e+02 2.208297616430206460e+02
2.120572936201031951e+02 2.245100296167923375e+02 2.206806947659756020e+02
2.119971159193491985e+02 2.245451171091941376e+02 2.206810956919853481e+02
2.119104124364661743e+02 2.246207757271633909e+02 2.205921677164030541e+02
2.118087065609601609e+02 2.246324672469316113e+02 2.204866077779645934e+02
2.117779516560830757e+02 2.247405879385936487e+02 2.204957644107034298e+02
2.118661812444225916e+02 2.248321542659820693e+02 2.205003944594612051e+02
2.117798916206463957e+02 2.247945448196479674e+02 2.212165517776541890e+02
2.116736720942564034e+02 2.247097683682311526e+02 2.215345378357755237e+02
2.116788582661889961e+02 2.247519431978375906e+02 2.218567918159361625e+02
2.117552023383039455e+02 2.248211999327479020e+02 2.220643550911136685e+02
2.118800325914046709e+02 2.248879088475317189e+02 2.222134995667412340e+02
2.121421864693938346e+02 2.249454869957708638e+02 2.221387721317623800e+02
2.124082332096066921e+02 2.250095316925544182e+02 2.220855783034363355e+02
2.125564982346322438e+02 2.249939085112712007e+02 2.220122993753314233e+02
2.126244357936394920e+02 2.249877135577656873e+02 2.219972323172229949e+02
2.125385470958730423e+02 2.248245625379909711e+02 2.218339002340890431e+02
2.121554946262981503e+02 2.246146325060462345e+02 2.219177843018067620e+02
2.116831779206166573e+02 2.245072102016269753e+02 2.220100748826321535e+02
2.113533192793678381e+02 2.243341265632881232e+02 2.220623633941619914e+02
2.110939330841556512e+02 2.241669016179304492e+02 2.220550173950155965e+02
2.109756211119876923e+02 2.241230325526053662e+02 2.221409448920732927e+02
2.112861835723800823e+02 2.241297965623828077e+02 2.222660208740186931e+02
2.115526312386027143e+02 2.242377361906855811e+02 2.223745554247875873e+02
2.118487215633527683e+02 2.243924936304496782e+02 2.225538081504377885e+02
2.120408556537034030e+02 2.245391549514362168e+02 2.226519444911473045e+02
2.122160861861590035e+02 2.246135073265994890e+02 2.227529649125075935e+02
2.122095161728379082e+02 2.246603768704491699e+02 2.226350667994464629e+02
2.120563753702099064e+02 2.246492802731470135e+02 2.224334010165414384e+02
2.119261778818173525e+02 2.246157188862016767e+02 2.223333376443656846e+02
2.116668951513819081e+02 2.245474838659613681e+02 2.221909183792242857e+02
2.115347318322318699e+02 2.244261455490746471e+02 2.220531162297435230e+02
2.115109220004914619e+02 2.243685027353500345e+02 2.219735130171622188e+02
2.117146700120277671e+02 2.243198742902962977e+02 2.219996378732815288e+02
2.119583683604712689e+02 2.243201200191409725e+02 2.220613416794919885e+02
2.122824459073214314e+02 2.244145574940831125e+02 2.222613390928725607e+02
2.125387928247177456e+02 2.245813297810426548e+02 2.224705836706716298e+02
2.126335018946987248e+02 2.246549837689631488e+02 2.225030328112673033e+02
2.124993210124028451e+02 2.246699214961006703e+02 2.225956984519082766e+02
2.122647792966981797e+02 2.247019309113953511e+02 2.226189650935709494e+02
2.121434668460056230e+02 2.246861008005587053e+02 2.226330363032035393e+02
2.120247668809249717e+02 2.246335665601841640e+02 2.225911330686359406e+02
2.122637058496398197e+02 2.245269073084931790e+02 2.230155067834094211e+02
2.124258998202299438e+02 2.243848113707789480e+02 2.232661890042808466e+02
2.123780344279044527e+02 2.241948371076421722e+02 2.233935412113138739e+02
2.123692011225928411e+02 2.240601647676569144e+02 2.234421567232705286e+02
2.122630979940766451e+02 2.238541922634213108e+02 2.234086341356164667e+02
2.111907890482533787e+02 2.236950893030353882e+02 2.228625470441406549e+02
2.102299504662381366e+02 2.235801787354017733e+02 2.223177920616650169e+02
2.097715497730241339e+02 2.235239456292598277e+02 2.220705888439104569e+02
2.095391549514362168e+02 2.234708293995163046e+02 2.219277169203709263e+02
2.094893495945474058e+02 2.234784211275074028e+02 2.219687795036277294e+02
2.096399555101460237e+02 2.236708009467027125e+02 2.216650457184982201e+02
2.098664787056556520e+02 2.238526790910619297e+02 2.214890650664114560e+02
2.101439712367920833e+02 2.240417480374025274e+02 2.215726646059931966e+02
2.104893107952561309e+02 2.242592309980471157e+02 2.217355181645348523e+02
2.106402529713790557e+02 2.244436957618240740e+02 2.217498609692063098e+02
2.107662989356061018e+02 2.245040674590344167e+02 2.217980238227648329e+02
2.108137763350189573e+02 2.245232601751141317e+02 2.218850506330751102e+02
2.108691299905588323e+02 2.245733371270418104e+02 2.219232808680694689e+02
2.108319344033315588e+02 2.245493591650392489e+02 2.219571914486361948e+02
2.106645154615175670e+02 2.244028918405090565e+02 2.218513857813530592e+02
2.110707569741726104e+02 2.242715303733785106e+02 2.219512680901695489e+02
2.114206877821031867e+02 2.241734845643486267e+02 2.220223613248664662e+02
2.116605838000025983e+02 2.241050814138461647e+02 2.220339623129550830e+02
2.117611644960618662e+02 2.240157525122540960e+02 2.220973732879812701e+02
2.118304729633605348e+02 2.240355530838970139e+02 2.221994542233028653e+02
2.106191590900272956e+02 2.241104357160409108e+02 2.221250113164599611e+02
2.100126227027586197e+02 2.242858602449528576e+02 2.221774162258635954e+02
2.096411970874665371e+02 2.243593590357082803e+02 2.222248160266939010e+02
2.095015067058108400e+02 2.244462306488534864e+02 2.222343218530541549e+02
2.093513275824161610e+02 2.244108456952186259e+02 2.221896509357095795e+02
2.100876346658734235e+02 2.243333247112686024e+02 2.219847906778236108e+02
2.105758849471683050e+02 2.243043157744985194e+02 2.215819764358971042e+02
2.108493164858188607e+02 2.243036691196440700e+02 2.215168712251523004e+02
2.110189728534292044e+02 2.243109633864021362e+02 2.214132512512771314e+02
2.110276897608670481e+02 2.242353047684328828e+02 2.211869220522238493e+02
2.106050620142005414e+02 2.238768898488120840e+02 2.214319007772791394e+02
2.101742476170768725e+02 2.236573505257304078e+02 2.216607777964589161e+02
2.100263059194785455e+02 2.236021650004526578e+02 2.217965623827938089e+02
2.098109439867565129e+02 2.235483374503692460e+02 2.219302388743032282e+02
2.098065725999404947e+02 2.235407845216693943e+02 2.219924212051059840e+02
2.101326289106452236e+02 2.236852342830537737e+02 2.218190530386311536e+02
2.105209322176381477e+02 2.239095459189612143e+02 2.216024753947828003e+02
2.108927328927458120e+02 2.241349698012182898e+02 2.216163396748619334e+02
2.112631497264650022e+02 2.243045356371490300e+02 2.216471075128361008e+02
2.114098369136457052e+02 2.244309954604829329e+02 2.217059013722015948e+02
2.114716441846329076e+02 2.244968378577617898e+02 2.216941193207537424e+02
