2.298564814814814952e+02 2.369317960304802284e+02 2.384202330320751457e+02
2.297998626617047648e+02 2.367599459507354140e+02 2.382916666666666572e+02
2.298068181818181870e+02 2.367616737550948187e+02 2.382903818890661114e+02
2.297284688995215447e+02 2.366767676767676676e+02 2.382053429027113225e+02
2.294318846358320059e+02 2.365168128654970872e+02 2.380464956583377614e+02
2.290950735424419520e+02 2.365352649300017731e+02 2.382302853092326700e+02
2.283210171894382370e+02 2.367585061137692719e+02 2.383464026227184149e+02
2.284103535353535221e+02 2.369305112528796826e+02 2.383328238525606935e+02
2.285018828637249726e+02 2.372055865674286679e+02 2.377872363990784947e+02
2.287368864079390391e+02 2.373222133616870337e+02 2.375495746943115307e+02
2.289457292220450029e+02 2.374481215665426248e+02 2.374707159312422391e+02
2.290121389331915509e+02 2.375134680134680139e+02 2.374680134680134813e+02
2.291768784334573752e+02 2.374599282296650813e+02 2.375772417153996230e+02
2.293259790891369789e+02 2.374688995215311138e+02 2.376885521885521939e+02
2.294042840687577609e+02 2.374361819953925306e+02 2.377795498848130364e+02
2.294222931065036448e+02 2.374236221867800793e+02 2.377642433102959387e+02
2.295544479886585236e+02 2.374516657806131548e+02 2.378310960482013172e+02
2.295739411660464384e+02 2.375459861775651120e+02 2.377786416799574738e+02
2.295233918128654977e+02 2.375979532163742647e+02 2.376323763955342940e+02
2.294124579124579100e+02 2.376263069289385044e+02 2.375381224525961272e+02
2.293556397306397230e+02 2.376112661704767106e+02 2.374676811979443585e+02
2.292633794081162364e+02 2.375974215842636852e+02 2.373044922913343839e+02
2.292269626085415553e+02 2.374606592238171174e+02 2.374634724437356113e+02
2.292208709906078354e+02 2.373765948963317385e+02 2.375426634768739973e+02
2.292145578592947004e+02 2.373075491759702231e+02 2.376757708665603275e+02
2.291473950026581576e+02 2.371894382420698264e+02 2.377357566897040613e+02
2.291834573808258142e+02 2.371963937621832486e+02 2.377604332801701332e+02
2.290672957646641805e+02 2.371984095339358589e+02 2.375816941343257156e+02
2.289289606592238044e+02 2.372049441786283808e+02 2.372693824206982072e+02
2.288831516923622189e+02 2.371879984051036558e+02 2.370497076023391685e+02
2.287412723728513129e+02 2.371586478823321045e+02 2.368264221158958094e+02
2.286431640971114518e+02 2.371193292574871521e+02 2.367925527201842897e+02
2.285624003189792575e+02 2.369831871345029128e+02 2.368753987240829417e+02
2.284243310295941853e+02 2.368722310827573949e+02 2.368739588871167712e+02
2.283619528619528580e+02 2.367347155768208324e+02 2.369132996632996537e+02
2.282400097465886972e+02 2.366770113414850130e+02 2.368989677476519660e+02
2.282496012759170583e+02 2.366945773524720948e+02 2.369463937621832486e+02
2.280120946305156906e+02 2.367581073896863302e+02 2.372146021619705891e+02
2.278545764664185640e+02 2.368166090731880331e+02 2.375252303739145816e+02
2.277924641148325406e+02 2.369279860003544229e+02 2.378300549353180884e+02
2.278184476342371170e+02 2.370634414318624863e+02 2.379886363636363740e+02
2.278356370724791873e+02 2.371413698387382567e+02 2.382023967747651909e+02
2.278816232500442993e+02 2.372761385787701442e+02 2.381936691476165038e+02
2.279461944001417635e+02 2.373649432925748783e+02 2.382816764132553544e+02
2.280041201488569982e+02 2.374458621300726691e+02 2.382966064150274690e+02
2.280766436292751962e+02 2.375125376572744926e+02 2.383086345915293407e+02
2.280931685273790492e+02 2.375053163211057949e+02 2.383028530923267851e+02
2.281811093390040810e+02 2.375876306928938391e+02 2.380873427255006334e+02
2.283584086478823281e+02 2.376325979089137093e+02 2.378655856813751654e+02
2.285412679425837439e+02 2.376609294701399904e+02 2.379176634768739973e+02
2.286782739677476570e+02 2.377232854864433875e+02 2.379103313840155920e+02
2.287635566188197629e+02 2.377713095870990685e+02 2.379442672337409306e+02
2.285900230373914610e+02 2.379707159312422391e+02 2.377787081339712927e+02
2.284947501329080239e+02 2.381543283714336212e+02 2.377431109339003967e+02
2.284242424242424363e+02 2.383447634237107877e+02 2.377616516037568601e+02
2.285528530923267851e+02 2.384972089314194648e+02 2.378748892433102924e+02
2.286117756512493315e+02 2.386726918305865581e+02 2.379058568137515408e+02
2.287379939748360869e+02 2.388030746057061720e+02 2.380960482013113619e+02
2.288489943292574935e+02 2.388996765904660720e+02 2.382116117313485688e+02
2.288867402091086376e+02 2.389435805422647547e+02 2.382669236221867664e+02
2.287271398192450818e+02 2.387452153110047846e+02 2.383976608187134616e+02
2.286718057770689256e+02 2.386697678539783851e+02 2.383586744639376320e+02
2.281912546517809801e+02 2.387770246322877767e+02 2.377481392876129860e+02
2.278907496012759282e+02 2.387913343965975628e+02 2.373337320574162561e+02
2.276420122275385438e+02 2.388315833776360080e+02 2.370978867623604458e+02
2.274855351763246460e+02 2.388393363459152852e+02 2.368794745702640512e+02
2.274231570086833187e+02 2.388346845649477359e+02 2.367518385610490839e+02
2.277551169590643383e+02 2.387302188552188511e+02 2.369297581073896879e+02
2.281484582668793166e+02 2.385639287612971771e+02 2.372005139110402183e+02
2.284556530214424868e+02 2.385719032429558695e+02 2.373100301258195941e+02
2.287130515683147394e+02 2.385877192982456165e+02 2.374866205918837636e+02
2.288604244196349384e+02 2.386523347510189694e+02 2.376155635300372069e+02
2.289703172071593258e+02 2.387828282828282909e+02 2.376699893673578003e+02
2.290391192628034673e+02 2.389342105263157805e+02 2.376442495126705694e+02
2.290619129895445667e+02 2.389807061846535419e+02 2.376771885521885395e+02
2.290435938330675185e+02 2.390600301258195941e+02 2.377165514797093806e+02
2.288911261740209113e+02 2.390935007974481721e+02 2.376544612794612874e+02
2.288413964203437843e+02 2.390563087010455376e+02 2.377053872053872112e+02
2.288098086124401789e+02 2.389435583909268246e+02 2.379282296650717683e+02
2.287141812865497172e+02 2.388670698210171963e+02 2.379447545631756213e+02
2.286661350345560777e+02 2.387161084529505501e+02 2.380292840687577609e+02
2.286276803118908276e+02 2.386874889243310349e+02 2.380962697146907772e+02
2.287995525429736006e+02 2.387132952330320848e+02 2.380729443558390983e+02
2.289739721779195349e+02 2.387779549884812980e+02 2.381470405812511046e+02
2.291499202551834173e+02 2.388451621477937294e+02 2.382164407230196730e+02
2.293070618465355324e+02 2.389147173489278657e+02 2.382887426900584842e+02
2.293645002658160479e+02 2.389582004253056766e+02 2.383265328725855170e+02
2.294000531632110551e+02 2.389948165869218428e+02 2.383911483253588415e+02
2.294751683501683601e+02 2.390051834130781572e+02 2.384039517986886381e+02
2.295113636363636260e+02 2.390889597731703020e+02 2.383577219564061807e+02
2.295489766081871323e+02 2.390534511784511835e+02 2.382800372142477272e+02
2.295576599326599307e+02 2.390733873825979003e+02 2.382338516746411585e+02
2.294722222222222285e+02 2.390888711678185246e+02 2.382931951089845768e+02
2.294122142477405646e+02 2.391872452596136895e+02 2.384230241006556810e+02
2.294014708488392671e+02 2.392530125819599505e+02 2.386399964557859334e+02
2.293190014176856266e+02 2.393787435761119866e+02 2.388309409888357209e+02
2.293058213716108469e+02 2.394077396774765134e+02 2.388960216197058344e+02
2.288819333687754636e+02 2.394725323409533928e+02 2.385691564770512230e+02
2.284516436292751962e+02 2.394728203083466269e+02 2.382971158958001183e+02
2.281111554137870030e+02 2.393450292397660917e+02 2.379366028708134024e+02
2.278612440191387520e+02 2.392246145667198221e+02 2.376580276448697475e+02
2.275042752082225661e+02 2.390243443203969491e+02 2.373340643274853790e+02
2.282593700159489742e+02 2.385679381534644676e+02 2.377437311713627537e+02
2.287824738614212379e+02 2.382266524898103910e+02 2.379027113237639526e+02
2.290669191919191974e+02 2.381438286372496975e+02 2.380426856282119559e+02
2.292366870458975825e+02 2.380298378522062706e+02 2.381218988126883005e+02
2.293446526670210801e+02 2.379438906609959190e+02 2.382035043416622386e+02
2.288299220272904506e+02 2.380042530568846360e+02 2.381695241892610397e+02
2.283697058302321352e+02 2.381784511784511835e+02 2.381663786992734231e+02
2.279453748006379499e+02 2.382532340953393657e+02 2.380813840155945513e+02
2.277792840687577609e+02 2.382765816055289747e+02 2.380398724082934621e+02
2.277174153818890545e+02 2.383115585681375137e+02 2.380209330143540569e+02
2.278246500088605444e+02 2.384217614743930653e+02 2.377691830586567505e+02
2.278850567074251217e+02 2.385182305511252991e+02 2.375511474393053390e+02
2.280124490519227436e+02 2.385671185539606540e+02 2.374523746234272608e+02
2.280916843877370184e+02 2.385552232854864485e+02 2.373275296827928287e+02
2.280458754208754328e+02 2.385162369307106189e+02 2.372045233032075089e+02
2.280643274853801188e+02 2.382904040404040416e+02 2.379113503455608623e+02
2.280854598617756608e+02 2.380446127946127888e+02 2.384883483962431399e+02
2.280843522948786131e+02 2.379060340244550673e+02 2.387709108630161268e+02
2.279958133971291829e+02 2.374534157363104612e+02 2.389140749601275786e+02
2.280785486443381274e+02 2.374929558745348288e+02 2.390061137692716500e+02
2.281159622541201486e+02 2.375775961368066760e+02 2.389782030834662407e+02
2.282029062555378403e+02 2.376965266702108863e+02 2.389995126705653092e+02
2.283153464469253890e+02 2.377747651958178210e+02 2.390685362395888660e+02
2.283899300017721146e+02 2.378412856636540766e+02 2.391396198830409219e+02
2.284570928584086573e+02 2.378718102073365230e+02 2.391065922381711744e+02
2.285480241006556810e+02 2.380447457026404265e+02 2.382253898635477469e+02
2.286289650894914018e+02 2.381578504341662210e+02 2.378087010455431596e+02
2.286810428849902621e+02 2.381609737728158791e+02 2.376526891724260224e+02
2.287339402799929076e+02 2.381762138933191579e+02 2.374989145844409109e+02
2.287912457912457853e+02 2.381824827219564042e+02 2.374347864611022487e+02
2.287142034378876474e+02 2.380778398015240214e+02 2.375733209285840815e+02
2.286760809852915202e+02 2.379828770157717486e+02 2.377877237285132139e+02
2.287452374623427147e+02 2.379419413432571275e+02 2.379264354066985732e+02
2.286242911571858940e+02 2.378108940279992964e+02 2.379286948431685289e+02
2.285191830586567505e+02 2.377386585149743041e+02 2.379218943824207031e+02
2.284930223285486477e+02 2.377423134857345417e+02 2.377284910508594749e+02
2.284744595073542541e+02 2.377730595427963749e+02 2.376393097643097576e+02
2.284947501329080239e+02 2.378717659046606343e+02 2.375328504341662210e+02
2.285871655147971069e+02 2.379104421407052996e+02 2.375816719829877854e+02
2.286758373205741748e+02 2.380140882509303424e+02 2.376123958887116885e+02
2.286949317738791478e+02 2.381535973772815851e+02 2.378464912280701640e+02
2.286279018252702429e+02 2.383126882863724916e+02 2.379685451001240608e+02
2.285847288676235962e+02 2.384092902711323632e+02 2.381483253588516789e+02
2.286406388445862206e+02 2.385217747651958291e+02 2.383162989544568404e+02
2.286090288853446850e+02 2.385836434520645071e+02 2.384318403331561171e+02
2.285914185716817428e+02 2.386242025518341450e+02 2.384279638490164928e+02
2.283590731880205453e+02 2.386679957469431201e+02 2.383116028708134024e+02
2.282028176501860628e+02 2.386670210880737102e+02 2.381852737905369395e+02
2.281202374623427147e+02 2.386469076732234669e+02 2.380879408116250318e+02
2.279948830409356617e+02 2.386411261740209113e+02 2.379860889597731841e+02
2.280455431508063100e+02 2.385306574517100842e+02 2.381010765550239228e+02
2.281564548998759392e+02 2.384889021796916495e+02 2.383385610490873603e+02
2.281890616693248148e+02 2.384317960304802284e+02 2.383862085769980581e+02
2.282516391990076272e+02 2.384249955697324026e+02 2.384589314194577412e+02
2.283257575757575637e+02 2.384751905015062903e+02 2.385394958355484789e+02
2.284268784334573752e+02 2.385376794258373252e+02 2.386314903420166615e+02
2.283383395357079451e+02 2.386780967570441305e+02 2.384367579301789704e+02
2.282266967924862797e+02 2.388562821194400101e+02 2.383324915824915706e+02
2.282761607301081028e+02 2.389472133616870337e+02 2.382960747829168895e+02
2.282561580719475387e+02 2.391046650717703415e+02 2.383066852737905492e+02
2.280974437356016438e+02 2.391687710437710450e+02 2.382645534290271030e+02
2.280444355839092623e+02 2.391158514974304410e+02 2.382503987240829417e+02
2.279418527379053785e+02 2.390813397129186626e+02 2.381717836257309955e+02
2.278262892078681432e+02 2.390186071238702823e+02 2.381199716462874392e+02
2.276868908382066365e+02 2.388887781321991781e+02 2.379912945241892714e+02
2.275506158071947596e+02 2.387804580896686275e+02 2.378730063795853198e+02
2.272686071238702823e+02 2.386346801346801385e+02 2.379705387205387126e+02
2.269597067162856661e+02 2.385154837852206242e+02 2.379153154350522641e+02
2.268294346978557599e+02 2.384768740031898062e+02 2.379139642034378994e+02
2.267754961899698856e+02 2.384925349991139569e+02 2.379511119971646167e+02
2.268717659046606343e+02 2.384015816055289747e+02 2.383926546163388309e+02
2.270813618642565928e+02 2.384514221158958094e+02 2.387822966507177114e+02
2.272421362750310152e+02 2.384945286195286087e+02 2.390562865497076075e+02
2.273764841396420309e+02 2.385962254120148884e+02 2.393157673223462609e+02
2.275395622895622978e+02 2.386831029594187612e+02 2.394953039163565620e+02
2.276928052454368299e+02 2.387678539783802876e+02 2.396582491582491627e+02
2.278123781676413273e+02 2.391113104731525709e+02 2.389108408647882413e+02
2.279269670388091527e+02 2.393319377990430610e+02 2.385350877192982466e+02
2.281759480772638540e+02 2.395588118022328672e+02 2.383572346269714615e+02
2.282120104554315105e+02 2.396273037391458445e+02 2.383034954811270723e+02
2.280777290448343138e+02 2.396495879851142945e+02 2.386381135920609609e+02
2.277598573453836650e+02 2.397379275208222680e+02 2.389750354421406939e+02
2.276061713627503025e+02 2.396432083997873406e+02 2.390113193336877657e+02
2.274113724968988208e+02 2.396448475987949678e+02 2.391059941520467760e+02
2.272432438419280629e+02 2.395781277689172555e+02 2.391689925571504602e+02
2.277129851143008921e+02 2.393978601807549182e+02 2.393840377458798514e+02
2.279333466241361066e+02 2.393565700868332442e+02 2.395212209817472910e+02
2.281293416622363850e+02 2.393135521885521939e+02 2.396842991316675580e+02
2.282507531454899947e+02 2.392896951975899356e+02 2.397669900762006137e+02
2.284122363990784947e+02 2.393102073365231206e+02 2.399026227184122035e+02
2.284441564770512230e+02 2.395659445330497874e+02 2.391872231082757310e+02
2.284867978025872901e+02 2.397354687223108272e+02 2.388943381180223184e+02
2.284693646996278460e+02 2.397939704058125017e+02 2.386749291157185837e+02
2.284829213184476373e+02 2.398850124047492329e+02 2.385422426014531254e+02
2.284955918837497677e+02 2.399133661173134726e+02 2.385318757752968395e+02
2.284870636186425656e+02 2.398305201134148490e+02 2.390179647350699952e+02
2.284063662945241902e+02 2.397300637958532832e+02 2.394207868155236554e+02
2.283576333510544032e+02 2.395922160198475979e+02 2.395584352294878556e+02
2.283190014176856266e+02 2.395707735247208916e+02 2.396913211057947990e+02
2.281148768385610595e+02 2.393943824206982072e+02 2.396358763069289353e+02
2.280087276271486871e+02 2.393051125287967409e+02 2.394222709551656862e+02
2.278933856104908671e+02 2.392461678185362359e+02 2.391819732411837549e+02
2.278782783980152260e+02 2.391811757930178999e+02 2.390445241892610397e+02
2.279015373028530860e+02 2.391818846358320059e+02 2.389923577884104304e+02
2.279070529860003660e+02 2.392012449051922829e+02 2.389781366294524219e+02
2.279591750841750866e+02 2.393864300903774449e+02 2.386452684742158397e+02
2.279800637958532832e+02 2.395761119971646167e+02 2.384628522062732543e+02
2.280703969519759085e+02 2.397513955342902818e+02 2.384671052631578902e+02
2.281894825447457151e+02 2.399173755094807632e+02 2.385668084352294898e+02
2.283282163742690045e+02 2.400143097643097576e+02 2.385784378876484197e+02
2.288352826510721343e+02 2.399379541024277955e+02 2.387665470494417832e+02
2.292785087719298360e+02 2.399049707602339083e+02 2.388113813574339872e+02
2.295986842105263293e+02 2.398325358851674594e+02 2.388986133262449130e+02
2.298299220272904506e+02 2.398473994329257550e+02 2.388983253588516789e+02
2.299061669324827335e+02 2.398615319865319861e+02 2.389111952861952943e+02
2.297710659223817231e+02 2.397991316675527287e+02 2.388669369129895586e+02
2.296228070175438631e+02 2.396637869927343729e+02 2.387989766081871323e+02
2.294366693248272213e+02 2.395608718766613379e+02 2.387007132730817034e+02
2.292739012936381471e+02 2.394629186602870732e+02 2.385878965089491430e+02
2.292244595073542541e+02 2.394675261385787621e+02 2.386100035442140666e+02
2.289908071947545523e+02 2.395108098529151164e+02 2.384774942406521347e+02
2.288413742690058541e+02 2.396285663654084601e+02 2.384254385964912331e+02
2.287498227892964735e+02 2.397504208754208719e+02 2.382893407761828826e+02
2.287788631933368890e+02 2.397982677653730264e+02 2.382483829523303314e+02
2.288406654261917481e+02 2.398958665603402380e+02 2.382521265284423180e+02
2.288731392876129860e+02 2.398979930887825560e+02 2.381772107035264980e+02
2.289442672337409306e+02 2.398918571681729475e+02 2.381584042176147307e+02
2.289842725500620304e+02 2.399659312422470236e+02 2.381591795144426840e+02
2.290040758461811095e+02 2.399879496721601981e+02 2.381905236576289155e+02
2.290399831649831697e+02 2.400195596314017337e+02 2.381733563707248038e+02
2.291211456671983058e+02 2.400634635832004165e+02 2.382788631933368890e+02
2.294053030303030312e+02 2.399612351586035857e+02 2.384838073719652698e+02
2.295464956583377614e+02 2.399096446925394162e+02 2.386995171008328782e+02
2.296508284600389800e+02 2.397145800106326305e+02 2.387898059542796432e+02
2.296215886939571078e+02 2.396253987240829417e+02 2.387904040404040416e+02
2.297399432925748783e+02 2.395824029771398216e+02 2.387969386850965918e+02
2.296215443912812475e+02 2.394891236930710647e+02 2.391465089491405251e+02
2.295315213538897865e+02 2.394363149034201683e+02 2.395073320928584053e+02
2.292008461811093412e+02 2.392431995392521742e+02 2.397983342193868452e+02
2.292961190855927782e+02 2.393310295941874983e+02 2.399206539074960176e+02
2.295502613857877066e+02 2.395165027467658945e+02 2.399511562998405054e+02
2.298082358674463990e+02 2.396180223285486477e+02 2.399271885521885395e+02
2.299537480063795840e+02 2.396936248449406435e+02 2.399889907850434270e+02
2.300333820662768005e+02 2.397407628920786919e+02 2.400118288144603866e+02
2.300902667021088064e+02 2.397896287435761167e+02 2.400744284954811292e+02
2.303036505404926402e+02 2.397432216905901043e+02 2.400593655856813768e+02
2.305197368421052602e+02 2.396880205564416144e+02 2.401035132021974050e+02
2.307882775119617236e+02 2.396779638490164928e+02 2.401619927343611494e+02
2.309341883749778503e+02 2.396412147793726604e+02 2.402161306042885087e+02
2.310095472266525007e+02 2.396879541024277955e+02 2.402577086656033885e+02
2.306009214956583264e+02 2.398477317029948495e+02 2.399774942406521347e+02
2.301345250753145422e+02 2.400264930001771972e+02 2.397910464292043287e+02
2.298937843345738088e+02 2.401186204146730461e+02 2.396287657274499452e+02
2.297633572567783062e+02 2.402152888534467365e+02 2.395857035264930062e+02
2.297333643452064393e+02 2.402603003721424670e+02 2.395436602870813374e+02
2.301483475101896090e+02 2.401959285840864879e+02 2.394293593833067462e+02
2.307131844763423771e+02 2.400841086301612677e+02 2.392866604642920549e+02
2.309787790182527090e+02 2.400494639376218231e+02 2.392668350168350173e+02
2.312088206627680336e+02 2.400687356016303511e+02 2.392375066454013961e+02
2.313185140882509359e+02 2.400616914761651515e+02 2.391782518164096984e+02
2.310149964557859334e+02 2.400204899875952549e+02 2.394049264575580480e+02
2.305851275917065379e+02 2.399246632996633082e+02 2.393782783980152260e+02
2.304082048555732740e+02 2.398023657628920660e+02 2.394917818536239622e+02
2.301693248272195547e+02 2.396757044125465086e+02 2.394095782385255973e+02
2.299961456671983058e+02 2.395416002126528383e+02 2.392679204323941065e+02
2.302368421052631504e+02 2.394557416267942642e+02 2.390078858763069150e+02
2.307098396243133038e+02 2.393467127414495792e+02 2.387043460925039824e+02
2.310474703172071713e+02 2.392414717348927979e+02 2.384640926811979398e+02
2.311837010455431596e+02 2.392751417685628326e+02 2.383116028708134024e+02
2.313711899698741945e+02 2.393171850079744729e+02 2.383982589048378600e+02
2.306306928938507781e+02 2.396429425837320650e+02 2.384345206450469732e+02
2.301822833599149476e+02 2.397879895445684895e+02 2.384603491050859532e+02
2.300599193691298865e+02 2.399145401382243392e+02 2.385345117845117784e+02
2.298633483962431399e+02 2.399873958887116885e+02 2.385715709728867751e+02
2.298578548644338184e+02 2.400386762360446653e+02 2.386073453836611691e+02
2.298172514619882918e+02 2.400300815169236159e+02 2.386196172248803862e+02
2.295162590820485491e+02 2.399701842991316596e+02 2.388167641325536010e+02
2.293050460747829220e+02 2.398682881446039232e+02 2.391109782030834765e+02
2.291963051568314711e+02 2.397873250044302722e+02 2.393439881268828628e+02
2.291117756512493315e+02 2.397348263335105401e+02 2.394664628743576031e+02
2.292406521353889843e+02 2.397552498670919761e+02 2.393870946305156906e+02
2.293454944178628523e+02 2.396971690590111734e+02 2.392753632819422194e+02
2.294383306751727787e+02 2.397105706184653684e+02 2.392262537657274493e+02
2.294731747297536799e+02 2.396687710437710450e+02 2.391389331915647745e+02
2.293904394825447355e+02 2.395940324295587516e+02 2.390504385964912331e+02
2.294435583909268246e+02 2.396061492114123723e+02 2.388778575225943541e+02
2.294047935495303818e+02 2.395902445507708762e+02 2.386151205032784048e+02
2.294403464469253890e+02 2.395995481127060032e+02 2.385334706716285780e+02
2.294663078149920352e+02 2.395851940457203568e+02 2.385221734892787424e+02
2.295030568846358392e+02 2.395423755094807632e+02 2.385100567074251217e+02
2.293425039872408320e+02 2.394467703349282317e+02 2.384188153464469337e+02
2.291645401382243392e+02 2.393069067871699360e+02 2.381568979266347696e+02
2.290003987240829417e+02 2.391538631933368890e+02 2.379509790891369789e+02
2.287615186957292224e+02 2.390874534821903126e+02 2.377622939925571472e+02
2.285551125287967409e+02 2.390455874534821987e+02 2.376171141236930850e+02
2.285956273258904901e+02 2.390642167286904112e+02 2.376357655502392277e+02
2.285709064327485294e+02 2.390480462519936111e+02 2.377428451178451212e+02
2.285855263157894797e+02 2.390841529328371564e+02 2.379216507177033577e+02
2.284000974658869438e+02 2.389742158426369087e+02 2.380497076023391685e+02
2.284374889243310349e+02 2.390816055289739381e+02 2.381738880028353833e+02
2.278245171008328782e+02 2.394112174375332245e+02 2.378494595073542541e+02
2.273594940634414456e+02 2.395591219209640315e+02 2.376686824384192676e+02
2.270920166578061412e+02 2.395303030303030312e+02 2.375644603934077566e+02
2.268611554137870030e+02 2.395848839269891926e+02 2.373906166932482620e+02
2.267181685273790492e+02 2.395338693957114913e+02 2.372113459152932933e+02
2.267634680134680139e+02 2.394633173843700149e+02 2.371048644338117981e+02
2.268649875952507671e+02 2.393811580719475387e+02 2.370450336700336607e+02
2.269548777246145619e+02 2.393092105263157805e+02 2.369888135743399005e+02
2.270520113414850130e+02 2.393421938685096677e+02 2.369979620769094595e+02
2.270242557150452001e+02 2.392799264575580480e+02 2.369033094098883510e+02
2.270606725146198812e+02 2.391896376041112831e+02 2.368737152223994258e+02
2.272592149565833779e+02 2.391499202551834173e+02 2.368494152046783654e+02
2.274702729044834371e+02 2.391025163919900649e+02 2.367597022860180687e+02
2.276024499379762460e+02 2.390294834307992176e+02 2.367605661881977710e+02
2.276430311890838141e+02 2.390243443203969491e+02 2.368551524012050322e+02
2.276659356725146210e+02 2.390038321814637641e+02 2.367944134325713321e+02
2.277268961545277364e+02 2.389738171185539670e+02 2.369554093567251414e+02
2.277052764486975036e+02 2.388919679248626551e+02 2.370814947722842589e+02
2.277530347332978806e+02 2.388402888534467365e+02 2.371310694665957897e+02
2.277579080276448735e+02 2.388176501860712335e+02 2.371381135920609609e+02
2.277867933723196927e+02 2.388089890129363937e+02 2.371706760588339478e+02
2.277784201665780586e+02 2.388564371788056064e+02 2.371495436824384058e+02
2.278022107035264980e+02 2.388983696615275676e+02 2.371487019315966620e+02
2.278303429027113225e+02 2.389959463051568207e+02 2.370975323409533928e+02
2.279096003898635558e+02 2.391134370015948889e+02 2.371803783448520164e+02
2.280736753499911345e+02 2.392915780613149082e+02 2.373077485380117082e+02
2.283423489278752356e+02 2.394084042176147307e+02 2.375331162502215250e+02
2.286492557150452001e+02 2.395274012050327883e+02 2.378439659755449327e+02
2.289577130958709859e+02 2.396092060960482115e+02 2.380029904306220203e+02
2.291418793195109060e+02 2.397008018784334524e+02 2.381794479886585236e+02
2.292347820308346513e+02 2.398495702640439617e+02 2.378940501506290843e+02
2.293219253942938280e+02 2.400369927343611494e+02 2.374890572390572459e+02
2.293832846003898567e+02 2.401925615807194845e+02 2.372441963494595143e+02
2.294504696083643580e+02 2.403352826510721343e+02 2.371706317561580590e+02
2.294593965975545018e+02 2.403660951621477864e+02 2.371528220804536602e+02
2.293825093035619318e+02 2.403588516746411585e+02 2.370619351408824969e+02
2.291986975013290930e+02 2.402340067340067264e+02 2.374359826333510455e+02
2.289019803296119164e+02 2.401325757575757507e+02 2.378720317207159383e+02
2.288568359028885482e+02 2.401707646641857252e+02 2.380342681197944330e+02
2.287945241892610397e+02 2.401499867091972362e+02 2.383131313131313220e+02
2.287702684742158397e+02 2.401498316498316399e+02 2.384009170653907574e+02
2.290355085947191185e+02 2.402315036328194253e+02 2.382072036150983649e+02
2.292742335637072415e+02 2.402394116604642988e+02 2.378182482721956319e+02
2.294834972532341055e+02 2.402062732589048437e+02 2.376858054226475190e+02
2.295791467304625257e+02 2.402439305334042103e+02 2.376377148679780191e+02
2.295716152755626354e+02 2.401912546517809801e+02 2.376266613503455574e+02
2.295239898989898961e+02 2.401297625376572853e+02 2.375076422115895696e+02
2.294576687931950971e+02 2.399638047138047057e+02 2.374115940102782076e+02
2.293178273967747600e+02 2.398079035973772761e+02 2.372599681020733726e+02
2.292382597908913624e+02 2.396704988481304213e+02 2.371236487683856069e+02
2.291235158603579691e+02 2.395946526670210801e+02 2.370108984582668654e+02
2.291270822257664292e+02 2.396103579656211195e+02 2.370216861598440516e+02
2.291360978203083505e+02 2.396438729399255578e+02 2.370329168881800399e+02
2.291878433457380879e+02 2.397012006025163942e+02 2.371205475810739074e+02
2.292255006202374545e+02 2.397932837143363543e+02 2.372072036150983649e+02
2.290163033847244378e+02 2.397696482367535111e+02 2.376315124933545917e+02
2.288143053340421886e+02 2.398437223108275873e+02 2.380588339535707973e+02
2.287119440014176917e+02 2.398756866914761758e+02 2.383159445330497874e+02
2.283912369307106189e+02 2.399917818536239622e+02 2.385384990253411388e+02
2.284873072833599110e+02 2.400145534290271030e+02 2.385957159312422391e+02
2.285216640085061215e+02 2.400856592238171174e+02 2.383674463937621795e+02
2.285697324118376628e+02 2.401269050150629027e+02 2.381718943824207031e+02
2.286303384724437251e+02 2.401838561049087275e+02 2.379572479177742252e+02
2.286221424774056459e+02 2.402438419280524613e+02 2.378238082580187722e+02
2.286302941697678648e+02 2.402236842105263293e+02 2.377385256069466664e+02
2.285555112528796826e+02 2.401979000531632096e+02 2.377797713981924517e+02
2.285781277689172555e+02 2.402214912280701640e+02 2.378049796207691031e+02
2.285767322346269736e+02 2.402496677299308772e+02 2.378359250398724214e+02
2.285790802764487069e+02 2.402547403863193267e+02 2.379523081694134419e+02
2.286290093921672906e+02 2.402959197235512931e+02 2.379916267942583659e+02
2.286687267410951563e+02 2.403425704412546509e+02 2.379396154527733529e+02
2.287202729044834371e+02 2.403281056175792969e+02 2.379223152578415750e+02
2.287457026404394753e+02 2.403497031720715995e+02 2.378591617933723228e+02
2.287496677299308772e+02 2.403462475633528186e+02 2.378597155768208324e+02
2.287661483253588415e+02 2.403534467481835861e+02 2.378691077441077368e+02
2.287080675172780388e+02 2.403354155590997721e+02 2.379503367003366918e+02
2.286311137692716500e+02 2.402128743576112129e+02 2.379446659578238439e+02
2.283923001949317779e+02 2.400223950026581576e+02 2.378499689881268750e+02
2.282622275385433284e+02 2.398824428495481129e+02 2.378196438064859137e+02
2.281509613680666178e+02 2.398186026936026849e+02 2.377676324650008723e+02
2.283131756158071823e+02 2.398224791777423377e+02 2.379002746765904703e+02
2.284348307637781375e+02 2.397370414673046355e+02 2.378521398192450818e+02
2.286005227715754131e+02 2.397159090909090935e+02 2.379285397838029326e+02
2.287470981747297571e+02 2.396832801701222877e+02 2.380975987949672117e+02
2.288329346092504011e+02 2.397023081694134419e+02 2.381188419280524613e+02
2.290523657628920660e+02 2.397783758639021698e+02 2.378523170299486083e+02
2.292686957292220313e+02 2.398769493177387915e+02 2.376885964912280826e+02
2.294992690058479639e+02 2.400927698032961075e+02 2.377286239588871126e+02
2.295703969519759085e+02 2.401635211766790690e+02 2.376977228424596831e+02
2.296456007442849625e+02 2.401296739323055078e+02 2.377067605883395345e+02
2.296728911926280432e+02 2.400946526670210801e+02 2.377347598794967212e+02
2.296574517100832793e+02 2.400376794258373252e+02 2.377345826687931947e+02
2.296319776714513523e+02 2.399673046251993753e+02 2.376386452241715403e+02
2.295912192096402578e+02 2.399141635654793561e+02 2.376683723196881033e+02
2.296044657097288564e+02 2.398624844940634375e+02 2.377154882154882216e+02
2.296869572922204554e+02 2.397613636363636260e+02 2.379925571504518871e+02
2.298402667021088064e+02 2.397529461279461316e+02 2.381406388445862206e+02
2.299175527201842897e+02 2.397236620591883707e+02 2.382643762183235765e+02
2.298989898989898961e+02 2.396481259968101938e+02 2.382675881623250120e+02
2.299247962076909459e+02 2.396625908204855477e+02 2.383405325181641103e+02
2.299673267765373055e+02 2.396349237993974839e+02 2.385025031011873011e+02
2.299708709906078354e+02 2.395448121566542738e+02 2.387203172071593258e+02
2.300242557150452001e+02 2.395466064150274690e+02 2.388912590820485491e+02
2.301136142122984154e+02 2.396158736487683996e+02 2.391444710260499846e+02
2.300843965975545018e+02 2.395393407761828826e+02 2.391354554315080634e+02
2.296598440545809012e+02 2.394598396243133038e+02 2.392530125819599505e+02
2.292621167818536208e+02 2.393980373914584447e+02 2.392647084883926993e+02
2.290297270955165629e+02 2.392927077795498860e+02 2.392804580896686275e+02
2.287997297536771271e+02 2.391794479886585236e+02 2.392569998227892825e+02
2.285519005847953338e+02 2.389928451178451212e+02 2.390448786106680927e+02
2.286830808080808026e+02 2.390598086124401789e+02 2.381321105794789901e+02
2.289139642034378994e+02 2.391236487683856069e+02 2.377074694311536405e+02
2.290297270955165629e+02 2.391816852737905492e+02 2.373298334219386732e+02
2.291830365054049139e+02 2.392300859471912133e+02 2.371907673223462609e+02
2.292486487683856069e+02 2.393196881091618025e+02 2.370902002480949875e+02
2.292521043771043878e+02 2.393095649477228335e+02 2.373648768385610595e+02
2.292426014531277758e+02 2.393236975013290930e+02 2.376244019138756016e+02
2.292837807903597422e+02 2.393385167464114716e+02 2.377352250575934818e+02
2.291994727981570179e+02 2.394021353889774844e+02 2.381290093921672906e+02
2.291606636540847148e+02 2.393394914052808815e+02 2.380222620946305199e+02
2.292765151515151558e+02 2.393077263866737496e+02 2.382314593301435366e+02
2.292773347510189694e+02 2.391994949494949481e+02 2.382606769448874786e+02
2.294002968279284005e+02 2.391594453304979595e+02 2.383965089491405251e+02
2.293355041644515211e+02 2.390466728690412879e+02 2.384558302321460133e+02
2.292652401205032788e+02 2.389203659401027835e+02 2.383983696615275676e+02
2.292044568491936900e+02 2.388237196526670232e+02 2.385015948963317385e+02
2.289868642566011090e+02 2.386691476165160282e+02 2.386105351763246460e+02
2.289213627503101236e+02 2.386644515328725902e+02 2.386138135743399005e+02
2.288713228779018323e+02 2.386582270069112042e+02 2.388203526493000197e+02
2.288699051922736203e+02 2.386776758816232586e+02 2.388580985291511638e+02
2.288488392698918972e+02 2.388487506645401481e+02 2.381678185362395936e+02
2.288402445507708762e+02 2.389968102073365230e+02 2.375994816586921843e+02
2.288588516746411585e+02 2.391077662590820410e+02 2.372212475633528186e+02
2.288211057947900144e+02 2.391518695729222088e+02 2.370376129718235063e+02
2.288356149211412287e+02 2.391843212830054881e+02 2.369876395534290339e+02
2.288234981392876080e+02 2.391953304979620896e+02 2.374786239588871126e+02
2.286036461102250712e+02 2.391164495835548394e+02 2.379281410597200193e+02
2.284875066454013961e+02 2.390043195108984548e+02 2.380733652312599702e+02
2.283359028885344628e+02 2.388893762183235765e+02 2.381479044834308070e+02
2.282017765373028624e+02 2.387278708133971179e+02 2.381539961013645268e+02
2.280970228601807435e+02 2.387004917597022882e+02 2.379314859117490641e+02
2.280607389686337001e+02 2.387026625908204949e+02 2.377977582846003770e+02
2.280837099060783260e+02 2.387729044834308070e+02 2.377795055821371477e+02
2.281590244550770876e+02 2.387698032961190791e+02 2.377759170653907574e+02
2.282900274676590584e+02 2.388239190147084798e+02 2.378602693602693705e+02
2.284029328371433678e+02 2.389177963849016351e+02 2.378909046606414961e+02
2.285639509126351356e+02 2.390614256601098759e+02 2.379249069643806536e+02
2.286133040935672511e+02 2.391656255537834568e+02 2.379709817472975431e+02
2.286992734361155328e+02 2.392511297182349779e+02 2.380670742512847653e+02
2.288475987949672117e+02 2.393527600567074387e+02 2.382119661527556218e+02
2.288538897749424166e+02 2.394532828282828234e+02 2.381331959950381076e+02
2.288599370902002477e+02 2.395532518164096984e+02 2.380245879851142945e+02
2.288613769271663898e+02 2.395991050859472011e+02 2.380055378344852102e+02
2.288937400318979201e+02 2.396702773347510060e+02 2.379733297891192763e+02
2.289846934254829023e+02 2.397818757752968395e+02 2.380729000531632096e+02
2.288928539783802876e+02 2.396573852560694604e+02 2.384124579124579100e+02
2.288235645933014268e+02 2.395422869041290141e+02 2.389603491050859532e+02
2.287697589934431903e+02 2.395377458798511441e+02 2.392900717703349187e+02
2.287297536771220905e+02 2.395408913698387323e+02 2.394264575580365033e+02
2.287112130072656271e+02 2.395284866205918775e+02 2.395262936381357406e+02
2.287574871522240016e+02 2.396488348396242998e+02 2.393932305511252991e+02
2.288307416267942642e+02 2.397041245791245672e+02 2.393441653375863893e+02
2.288383838383838338e+02 2.398261784511784640e+02 2.391505847953216346e+02
2.288512980684033380e+02 2.398974836080099351e+02 2.390364389509126397e+02
2.288575225943646956e+02 2.399208311181995441e+02 2.390338472443735611e+02
2.291895046960836453e+02 2.398138844586212883e+02 2.390738525606946610e+02
2.295349991139464692e+02 2.397182792840687569e+02 2.391907230196704006e+02
2.296676856282119559e+02 2.396864256601098759e+02 2.392714867978025950e+02
2.298336213007265769e+02 2.396886186425660128e+02 2.393214823675349976e+02
2.299389066099592469e+02 2.397072257664362951e+02 2.393551302498671021e+02
2.300461633882686385e+02 2.396258195995038136e+02 2.394354510012404660e+02
2.301226741095162254e+02 2.395950292397660917e+02 2.395875642388800202e+02
2.301547270955165629e+02 2.394989810384547297e+02 2.396444710260499846e+02
2.301028265107212576e+02 2.394001196172248740e+02 2.396480152401205146e+02
2.301037568669147504e+02 2.392986886407938982e+02 2.396596668438773747e+02
2.297558479532163744e+02 2.394126351231614365e+02 2.393155458089668741e+02
2.294589092681197826e+02 2.395446792486266077e+02 2.389123471557682024e+02
2.292548068403331456e+02 2.396227184121920857e+02 2.386990297713981874e+02
2.290517898281056262e+02 2.396734449760765528e+02 2.384356725146198812e+02
2.291035575048732937e+02 2.397368642566011090e+02 2.384784024455076974e+02
2.292658603579656074e+02 2.398283714336346009e+02 2.382900939216728773e+02
2.293087453482190199e+02 2.399581339712918577e+02 2.381163831295410205e+02
2.294248405103668347e+02 2.400604066985646057e+02 2.381355440368598124e+02
2.295311890838206637e+02 2.401076555023923333e+02 2.381391104022683010e+02
2.295888711678185246e+02 2.401438950912635164e+02 2.380927476519581774e+02
2.296006999822789396e+02 2.401345250753145422e+02 2.380186292752082124e+02
2.298211279461279446e+02 2.399227582846003770e+02 2.391089181286549774e+02
2.299775385433280235e+02 2.397752746765904703e+02 2.396155192273613466e+02
2.300921495658337790e+02 2.396813530037214264e+02 2.399454855573276575e+02
2.300702861952862008e+02 2.395586567428672709e+02 2.401984316852737891e+02
2.301799574694311445e+02 2.397055865674286679e+02 2.396698343079922040e+02
2.303359471912103515e+02 2.398028752436647153e+02 2.392206051745525315e+02
2.304371123515860234e+02 2.398495924153818919e+02 2.389771176679071516e+02
2.305010632642211590e+02 2.399428052454368299e+02 2.388945153287258449e+02
2.306029151160730066e+02 2.400462519936204160e+02 2.388376528442317976e+02
2.306503632819422194e+02 2.401029594187488954e+02 2.389090023037391575e+02
2.306560340244550673e+02 2.401337276271486871e+02 2.391356769448874786e+02
2.307268740031898062e+02 2.402009790891369789e+02 2.392226430976431004e+02
2.307596801346801385e+02 2.401910774410774536e+02 2.392108807371965327e+02
2.307213583200425262e+02 2.402305068226120852e+02 2.391914097111465480e+02
2.309546119085592863e+02 2.401831029594187612e+02 2.392514619883041007e+02
2.310754031543505107e+02 2.401106902356902424e+02 2.393115585681375137e+02
2.312276936026935914e+02 2.400538942052099856e+02 2.393962652844231798e+02
2.313668261562998509e+02 2.399715133794081225e+02 2.394415647705121444e+02
2.314414983164983255e+02 2.399564504696083702e+02 2.394881933368775435e+02
2.310537834485202779e+02 2.398833732057416341e+02 2.395689571150097379e+02
2.307125420875420900e+02 2.398001284777600688e+02 2.395867003367003463e+02
2.303696393762183163e+02 2.397411837674995638e+02 2.395200912635123132e+02
2.302026182881446061e+02 2.397044125465178013e+02 2.394905856813751654e+02
2.301020955165691930e+02 2.396496765904660720e+02 2.394377325890483803e+02
2.301594231791600293e+02 2.397002923976608315e+02 2.394098662059188314e+02
2.301921850079744729e+02 2.397618731171362754e+02 2.393380072656388506e+02
2.302583289030657454e+02 2.398165869218500745e+02 2.393208178273967803e+02
2.302879895445684895e+02 2.398291245791245672e+02 2.393124224703172160e+02
2.302750088605351664e+02 2.398295233032075089e+02 2.392857965621123526e+02
2.303077263866737496e+02 2.398606680843522838e+02 2.392801036682615745e+02
2.303444311536416933e+02 2.398864743930533336e+02 2.393523391812865384e+02
2.303854554315080634e+02 2.398594719121034871e+02 2.394603491050859532e+02
2.304528176501860628e+02 2.398625066454013961e+02 2.395295941874889252e+02
2.303920343788764740e+02 2.398175394293815259e+02 2.395029682792840617e+02
2.303836168704589795e+02 2.397789517986886381e+02 2.394569821017189497e+02
2.304061890838206637e+02 2.397582624490519265e+02 2.393826865142654583e+02
2.303767056530214461e+02 2.396365408470671525e+02 2.393324029771398216e+02
2.303798289916711042e+02 2.395346668438773747e+02 2.393792530568846360e+02
2.304400141768562946e+02 2.394932881446039232e+02 2.397206716285663788e+02
2.302588826865142551e+02 2.394270999468367904e+02 2.396903021442495003e+02
2.302146907673223382e+02 2.393934520645046859e+02 2.393733164983165125e+02
2.304403685982633476e+02 2.395211102250575834e+02 2.390934564947722833e+02
2.307490696438064788e+02 2.397366648945596239e+02 2.389272328548644282e+02
2.308317605883395345e+02 2.397896287435761167e+02 2.389433368775474094e+02
2.318975279106857954e+02 2.395351984759879542e+02 2.388568802055644085e+02
2.324941520467836256e+02 2.393279284068757704e+02 2.389581118199539276e+02
2.327158204855573160e+02 2.392766037568669049e+02 2.389926679071415947e+02
2.328126218323586727e+02 2.392535442140705300e+02 2.389589092681197826e+02
2.328537347155768202e+02 2.391571637426900452e+02 2.389781809321283106e+02
2.328969962785752159e+02 2.390277999291157300e+02 2.388838605351763249e+02
2.326219209640262306e+02 2.391034024455076974e+02 2.386405502392344431e+02
2.324131446039340858e+02 2.391805777068935015e+02 2.384759657983342152e+02
2.320725013290802679e+02 2.393127768917242690e+02 2.382416046429204357e+02
2.321691254651780980e+02 2.394283847244373646e+02 2.383036948431685289e+02
2.320847731702994849e+02 2.395492424242424363e+02 2.383367446393762066e+02
2.318267765373028624e+02 2.394828991671097072e+02 2.382875243664717289e+02
2.317461235158603472e+02 2.394558080808080831e+02 2.382171495658337790e+02
2.316583820662768005e+02 2.394334573808258142e+02 2.382039252170831105e+02
2.315314327485380090e+02 2.393511430090377416e+02 2.381616161616161662e+02
2.315179647350699952e+02 2.393679337231968702e+02 2.380761784511784640e+02
2.315319422293106584e+02 2.394565612262980778e+02 2.377347377281587910e+02
2.315845738082580283e+02 2.396091174906964341e+02 2.373989012936381471e+02
2.316614389509126397e+02 2.396611288321814754e+02 2.372731259968101938e+02
2.317776891724260224e+02 2.397744550770866567e+02 2.371359206096048240e+02
2.317190767322346403e+02 2.397603668261562859e+02 2.375209108630161268e+02
2.316652268297005151e+02 2.397910685805422588e+02 2.377763600921495595e+02
2.316007442849547999e+02 2.398393141945773550e+02 2.379302897395002674e+02
2.315900008860535308e+02 2.398549530391635756e+02 2.379938197767145027e+02
2.315230152401205146e+02 2.398338649654439223e+02 2.380570839978734625e+02
2.312709773170299457e+02 2.397726386673755030e+02 2.386804447988658637e+02
2.311397970937444484e+02 2.396670210880737102e+02 2.391528442317915903e+02
2.310201798688640906e+02 2.396279461279461316e+02 2.394561403508772059e+02
2.310434387737019222e+02 2.396335947191210209e+02 2.396146774765195744e+02
2.310130692893850721e+02 2.396224747474747403e+02 2.397400097465886972e+02
2.310092592592592666e+02 2.396599548112706088e+02 2.398267765373028624e+02
2.309973418394471025e+02 2.397064061669324815e+02 2.397527246145667164e+02
2.309462387028176522e+02 2.397126085415559089e+02 2.397213140173666375e+02
2.309403907496012778e+02 2.397435096579833385e+02 2.397883882686514312e+02
2.310056485911749178e+02 2.398069289385078946e+02 2.398005936558568010e+02
2.309569156477051308e+02 2.398407097288676368e+02 2.397612971823498071e+02
2.308791644515328585e+02 2.398662059188374940e+02 2.397452374623427147e+02
2.308760189615452703e+02 2.399132110579479047e+02 2.397229532163742647e+02
2.308617978025872901e+02 2.399048378522062706e+02 2.396976120857699755e+02
2.307970715931242296e+02 2.399781587807903520e+02 2.397403198653198615e+02
2.303625066454013961e+02 2.401359206096048240e+02 2.395911084529505501e+02
2.300105661881977710e+02 2.403346181109338886e+02 2.394568713450292421e+02
2.298052897395002674e+02 2.404372452596136895e+02 2.393491715399610200e+02
2.296328415736310546e+02 2.404370458975722045e+02 2.392096845649477359e+02
2.295596092503987222e+02 2.404270556441609017e+02 2.391751063264221102e+02
2.295433280170122146e+02 2.403698608895977316e+02 2.391364079390395148e+02
2.299933324472798120e+02 2.402429115718589401e+02 2.391319998227892825e+02
2.304234892787524416e+02 2.400632199184830711e+02 2.390153730285309166e+02
2.307128522062732543e+02 2.398880249867091834e+02 2.389230905546694999e+02
2.308177830940988713e+02 2.398513202197412681e+02 2.388687090200248235e+02
2.308513423710792267e+02 2.397478956228956122e+02 2.389409666843877460e+02
2.309845605174552645e+02 2.396961722488038333e+02 2.390663432571327291e+02
2.311230063795853198e+02 2.397378167641325604e+02 2.393459152932837242e+02
2.312623604465709661e+02 2.398053783448520164e+02 2.395204899875952549e+02
2.313045808966861614e+02 2.398620414673046355e+02 2.395784378876484197e+02
2.312178141059719962e+02 2.399401913875598211e+02 2.398372319688109258e+02
2.311322434875066563e+02 2.399858674463937689e+02 2.401687488924331149e+02
2.309408337763600798e+02 2.400347997519050125e+02 2.401727582846003770e+02
2.308061093390040810e+02 2.400227937267410994e+02 2.402028398015240214e+02
2.307076466418571670e+02 2.399653774587985140e+02 2.401971026049973545e+02
2.306849193691298865e+02 2.400191166046429316e+02 2.397937931951089752e+02
2.307233740917951366e+02 2.400394293815346316e+02 2.395018164097111537e+02
2.307087320574162561e+02 2.400674508240297769e+02 2.393984804182172468e+02
2.307327441077441108e+02 2.401237595250753145e+02 2.393162546517809801e+02
2.307016214779372660e+02 2.400924375332270131e+02 2.392078017012227633e+02
2.305320308346624074e+02 2.403198653198653290e+02 2.384720671628566322e+02
