2.550000000000000000e+02 3.663401709401709638e+01 1.099315140415140348e+02
2.550000000000000000e+02 3.667951159951159923e+01 1.100506593406593367e+02
2.550000000000000000e+02 3.669206349206348960e+01 1.100826739926739890e+02
2.550000000000000000e+02 3.675123321123321318e+01 1.102117094017093990e+02
2.550000000000000000e+02 3.689592185592185558e+01 1.102251648351648328e+02
2.550000000000000000e+02 3.728776556776556816e+01 1.101272405372405387e+02
2.550000000000000000e+02 3.773144078144078151e+01 1.096951892551892485e+02
2.550000000000000000e+02 3.790169719169718832e+01 1.095763858363858390e+02
2.550000000000000000e+02 3.810753357753358017e+01 1.094765201465201443e+02
2.550000000000000000e+02 3.836373626373626422e+01 1.094696947496947530e+02
2.550000000000000000e+02 3.846195360195360280e+01 1.095714896214896186e+02
2.550000000000000000e+02 3.859126984126984183e+01 1.095749450549450614e+02
2.550000000000000000e+02 3.855159951159951248e+01 1.096168864468864399e+02
2.550000000000000000e+02 3.864008547008546657e+01 1.096658852258852193e+02
2.550000000000000000e+02 3.866319902319902013e+01 1.096631135531135470e+02
2.550000000000000000e+02 3.869886446886447118e+01 1.096984371184371128e+02
2.550000000000000000e+02 3.885499389499389622e+01 1.097929304029304092e+02
2.550000000000000000e+02 3.892769230769231115e+01 1.098919169719169702e+02
2.550000000000000000e+02 3.856938949938950145e+01 1.097447252747252691e+02
2.550000000000000000e+02 3.760207570207570171e+01 1.090473626373626388e+02
2.550000000000000000e+02 3.698192918192918199e+01 1.085947619047619099e+02
2.550000000000000000e+02 3.658478632478632164e+01 1.082315018315018307e+02
2.550000000000000000e+02 3.646327228327228198e+01 1.081038583638583646e+02
2.550000000000000000e+02 3.646742368742368967e+01 1.081987667887667897e+02
2.550000000000000000e+02 3.661666666666666714e+01 1.083688034188034237e+02
2.550000000000000000e+02 3.670411477411477108e+01 1.084785958485958446e+02
2.550000000000000000e+02 3.676257631257631431e+01 1.084803296703296667e+02
2.550000000000000000e+02 3.683349206349206639e+01 1.085232112332112280e+02
2.550000000000000000e+02 3.693279609279609588e+01 1.086155677655677607e+02
2.550000000000000000e+02 3.707273504273504017e+01 1.088025641025641050e+02
2.550000000000000000e+02 3.712625152625152936e+01 1.089043589743589706e+02
2.550000000000000000e+02 3.710780219780220079e+01 1.088751892551892553e+02
2.550000000000000000e+02 3.700615384615384329e+01 1.088795970695970681e+02
2.550000000000000000e+02 3.698969474969474902e+01 1.089888522588522619e+02
2.550000000000000000e+02 3.705792429792429488e+01 1.090657753357753421e+02
2.550000000000000000e+02 3.715472527472527275e+01 1.091673504273504278e+02
2.550000000000000000e+02 3.725421245421245686e+01 1.092578754578754570e+02
2.550000000000000000e+02 3.736081807081806971e+01 1.093141514041514029e+02
2.550000000000000000e+02 3.741621489621489616e+01 1.093779487179487120e+02
2.550000000000000000e+02 3.756398046398046375e+01 1.094722222222222285e+02
2.550000000000000000e+02 3.776771672771672428e+01 1.096045054945054886e+02
2.550000000000000000e+02 3.788711843711843841e+01 1.096915506715506723e+02
2.550000000000000000e+02 3.800659340659341012e+01 1.096359951159951152e+02
2.550000000000000000e+02 3.808052503052503113e+01 1.096773748473748498e+02
2.550000000000000000e+02 3.826094017094017374e+01 1.097992063492063437e+02
2.550000000000000000e+02 3.848728937728937893e+01 1.101707203907203905e+02
2.550000000000000000e+02 3.867807081807081460e+01 1.103323199023198953e+02
2.550000000000000000e+02 3.889847374847374795e+01 1.102825763125763103e+02
2.550000000000000000e+02 3.896525030525030786e+01 1.101895970695970703e+02
2.550000000000000000e+02 3.903085470085470376e+01 1.100227472527472514e+02
2.550000000000000000e+02 3.897603174603174381e+01 1.097695360195360195e+02
2.550000000000000000e+02 3.825952380952381304e+01 1.091484126984126988e+02
2.550000000000000000e+02 3.757659340659340330e+01 1.086157387057387069e+02
2.550000000000000000e+02 3.713936507936507780e+01 1.083127716727716745e+02
2.550000000000000000e+02 3.686711843711843528e+01 1.079791819291819337e+02
2.550000000000000000e+02 3.676207570207570541e+01 1.076022100122100085e+02
2.550000000000000000e+02 3.678638583638583981e+01 1.077197313797313853e+02
2.550000000000000000e+02 3.676720390720390697e+01 1.078260439560439607e+02
2.550000000000000000e+02 3.676982905982905692e+01 1.079031013431013406e+02
2.550000000000000000e+02 3.679799755799755445e+01 1.078615506715506740e+02
2.550000000000000000e+02 3.694733821733822055e+01 1.081413431013430966e+02
2.550000000000000000e+02 3.710733821733821713e+01 1.082173626373626405e+02
2.550000000000000000e+02 3.714830280830280884e+01 1.082072893772893707e+02
2.550000000000000000e+02 3.718291819291819422e+01 1.084094261294261230e+02
2.550000000000000000e+02 3.711509157509157575e+01 1.085402319902319874e+02
2.550000000000000000e+02 3.706732600732600957e+01 1.085424542124542171e+02
2.550000000000000000e+02 3.709843711843711844e+01 1.085331257631257671e+02
2.550000000000000000e+02 3.723443223443223360e+01 1.084416605616605551e+02
2.550000000000000000e+02 3.735188034188033868e+01 1.085667399267399276e+02
2.550000000000000000e+02 3.750605616605616888e+01 1.086643589743589757e+02
2.550000000000000000e+02 3.764611721611721862e+01 1.087243956043956103e+02
2.550000000000000000e+02 3.777328449328449267e+01 1.088733577533577517e+02
2.550000000000000000e+02 3.793398046398046120e+01 1.089310012210012246e+02
2.550000000000000000e+02 3.806268620268620140e+01 1.089107203907203854e+02
2.550000000000000000e+02 3.810805860805860590e+01 1.088140415140415200e+02
2.550000000000000000e+02 3.822833943833943948e+01 1.086489987789987737e+02
2.550000000000000000e+02 3.848636141636141872e+01 1.086950549450549488e+02
2.550000000000000000e+02 3.860904761904762239e+01 1.089713186813186780e+02
2.550000000000000000e+02 3.871582417582417435e+01 1.091568986568986617e+02
2.550000000000000000e+02 3.887694749694749419e+01 1.091550427350427412e+02
2.550000000000000000e+02 3.906715506715507047e+01 1.092799023199023196e+02
2.550000000000000000e+02 3.924313797313797636e+01 1.093293894993894924e+02
2.550000000000000000e+02 3.928168498168498246e+01 1.094109645909645963e+02
2.550000000000000000e+02 3.942698412698412369e+01 1.095097191697191761e+02
2.550000000000000000e+02 3.943510378510378445e+01 1.095062393162393164e+02
2.550000000000000000e+02 3.896045177045176899e+01 1.091280219780219767e+02
2.550000000000000000e+02 3.790166056166056308e+01 1.084885958485958497e+02
2.550000000000000000e+02 3.735396825396825449e+01 1.081287667887667823e+02
2.550000000000000000e+02 3.714796092796093063e+01 1.078753846153846183e+02
2.550000000000000000e+02 3.707319902319902383e+01 1.078711477411477375e+02
2.550000000000000000e+02 3.712682539682539584e+01 1.079203540903540954e+02
2.550000000000000000e+02 3.720681318681318572e+01 1.081490598290598228e+02
2.550000000000000000e+02 3.722407814407814186e+01 1.083613919413919433e+02
2.550000000000000000e+02 3.723975579975579819e+01 1.084721367521367483e+02
2.550000000000000000e+02 3.740820512820512533e+01 1.086480097680097714e+02
2.550000000000000000e+02 3.758854700854701036e+01 1.089176068376068400e+02
2.550000000000000000e+02 3.755876678876678909e+01 1.089577655677655628e+02
2.550000000000000000e+02 3.740717948717949071e+01 1.088042246642246624e+02
2.550000000000000000e+02 3.744023199023199311e+01 1.087352503052503039e+02
2.550000000000000000e+02 3.747443223443223559e+01 1.089319902319902269e+02
2.550000000000000000e+02 3.752659340659340614e+01 1.088666666666666600e+02
2.550000000000000000e+02 3.746158730158730066e+01 1.087894749694749663e+02
2.550000000000000000e+02 3.752612942612942959e+01 1.089490354090354032e+02
2.550000000000000000e+02 3.757260073260073341e+01 1.091131990231990301e+02
2.550000000000000000e+02 3.767747252747252418e+01 1.091921978021977964e+02
2.550000000000000000e+02 3.766426129426129421e+01 1.094613308913308884e+02
2.550000000000000000e+02 3.780225885225885207e+01 1.095481196581196599e+02
2.550000000000000000e+02 3.804597069597069492e+01 1.094841391941391890e+02
2.550000000000000000e+02 3.817837606837606756e+01 1.095079975579975553e+02
2.550000000000000000e+02 3.823020757020756832e+01 1.095688888888888926e+02
2.550000000000000000e+02 3.834351648351648123e+01 1.096321123321123281e+02
2.550000000000000000e+02 3.842797313797314018e+01 1.097180341880341814e+02
2.550000000000000000e+02 3.856442002442002348e+01 1.095807936507936518e+02
2.550000000000000000e+02 3.861699633699633694e+01 1.095524542124542080e+02
2.550000000000000000e+02 3.880821733821733943e+01 1.095583516483516462e+02
2.550000000000000000e+02 3.881360195360195320e+01 1.095593162393162459e+02
2.550000000000000000e+02 3.845402930402930508e+01 1.093442612942613010e+02
2.550000000000000000e+02 3.756543345543345680e+01 1.086817460317460302e+02
2.550000000000000000e+02 3.697222222222222143e+01 1.082469963369963324e+02
2.550000000000000000e+02 3.671013431013430761e+01 1.080826373626373567e+02
2.550000000000000000e+02 3.666478632478632704e+01 1.080603052503052481e+02
2.550000000000000000e+02 3.673494505494505802e+01 1.081799511599511590e+02
2.550000000000000000e+02 3.684301587301587233e+01 1.083093772893772950e+02
2.550000000000000000e+02 3.691503052503052373e+01 1.083907936507936540e+02
2.550000000000000000e+02 3.704036630036630129e+01 1.084890964590964586e+02
2.550000000000000000e+02 3.725236874236874485e+01 1.086892307692307753e+02
2.550000000000000000e+02 3.736548229548229472e+01 1.087575213675213632e+02
2.550000000000000000e+02 3.737698412698412653e+01 1.088271672771672769e+02
2.550000000000000000e+02 3.738085470085469808e+01 1.087797435897435889e+02
2.550000000000000000e+02 3.732046398046398394e+01 1.087050915750915721e+02
2.550000000000000000e+02 3.727363858363858640e+01 1.086849328449328453e+02
2.550000000000000000e+02 3.727115995115995162e+01 1.087196947496947530e+02
2.550000000000000000e+02 3.729890109890109784e+01 1.087615506715506655e+02
2.550000000000000000e+02 3.735774114774114452e+01 1.087883882783882825e+02
2.550000000000000000e+02 3.736636141636141417e+01 1.087840659340659357e+02
2.550000000000000000e+02 3.749330891330891546e+01 1.089459340659340683e+02
2.550000000000000000e+02 3.768659340659340984e+01 1.091097069597069549e+02
2.550000000000000000e+02 3.789791208791208987e+01 1.091898168498168502e+02
2.550000000000000000e+02 3.798177045177045130e+01 1.092283516483516479e+02
2.550000000000000000e+02 3.807401709401709411e+01 1.092154945054945046e+02
2.550000000000000000e+02 3.818379731379731368e+01 1.092710744810744785e+02
2.550000000000000000e+02 3.827139194139193989e+01 1.093516117216117181e+02
2.550000000000000000e+02 3.825041514041514290e+01 1.093647496947496904e+02
2.550000000000000000e+02 3.822402930402930110e+01 1.093366544566544576e+02
2.550000000000000000e+02 3.826001221001221353e+01 1.093339560439560501e+02
2.550000000000000000e+02 3.814758241758242008e+01 1.092960683760683764e+02
2.550000000000000000e+02 3.759434676434676703e+01 1.089252014652014680e+02
2.550000000000000000e+02 3.689688644688644814e+01 1.084988766788766839e+02
2.550000000000000000e+02 3.646688644688644843e+01 1.082086324786324809e+02
2.550000000000000000e+02 3.625797313797313848e+01 1.080002319902319954e+02
2.550000000000000000e+02 3.619245421245421568e+01 1.080212332112332092e+02
2.550000000000000000e+02 3.622935286935287280e+01 1.081864835164835199e+02
2.550000000000000000e+02 3.640380952380952095e+01 1.081089133089133156e+02
2.550000000000000000e+02 3.645691086691086724e+01 1.079642979242979237e+02
2.550000000000000000e+02 3.656599511599511487e+01 1.079903785103785054e+02
2.550000000000000000e+02 3.670575091575091875e+01 1.081589743589743620e+02
2.550000000000000000e+02 3.683031746031745968e+01 1.082263369963369968e+02
2.550000000000000000e+02 3.692246642246642097e+01 1.083290598290598297e+02
2.550000000000000000e+02 3.691697191697191727e+01 1.082759340659340666e+02
2.550000000000000000e+02 3.678868131868131996e+01 1.081849938949938945e+02
2.550000000000000000e+02 3.684293040293040633e+01 1.082513064713064779e+02
2.550000000000000000e+02 3.691285714285714192e+01 1.082475335775335736e+02
2.550000000000000000e+02 3.682903540903540573e+01 1.083210500610500588e+02
2.550000000000000000e+02 3.689733821733821628e+01 1.083466666666666640e+02
2.550000000000000000e+02 3.694735042735042896e+01 1.085157753357753307e+02
2.550000000000000000e+02 3.712871794871794862e+01 1.086112820512820463e+02
2.550000000000000000e+02 3.728117216117215804e+01 1.087389621489621447e+02
2.550000000000000000e+02 3.747151404151404108e+01 1.088075824175824238e+02
2.550000000000000000e+02 3.759716727716728002e+01 1.089238339438339409e+02
2.550000000000000000e+02 3.767228327228327345e+01 1.089240170940170884e+02
2.550000000000000000e+02 3.772537240537240422e+01 1.090161538461538413e+02
2.550000000000000000e+02 3.778035409035408776e+01 1.090363858363858327e+02
2.550000000000000000e+02 3.773023199023199226e+01 1.090985958485958491e+02
2.550000000000000000e+02 3.781078144078144021e+01 1.091415873015873075e+02
2.550000000000000000e+02 3.793142857142856883e+01 1.092573748473748481e+02
2.550000000000000000e+02 3.805090354090354055e+01 1.094001709401709377e+02
2.550000000000000000e+02 3.817289377289377228e+01 1.095828693528693520e+02
2.550000000000000000e+02 3.834031746031745769e+01 1.094138217338217345e+02
2.550000000000000000e+02 3.780159951159951248e+01 1.087275335775335776e+02
2.550000000000000000e+02 3.732663003663003565e+01 1.081331623931623938e+02
2.550000000000000000e+02 3.685771672771672769e+01 1.078671916971917000e+02
2.550000000000000000e+02 3.684278388278388405e+01 1.078680097680097703e+02
2.550000000000000000e+02 3.698493284493284250e+01 1.079011477411477387e+02
2.550000000000000000e+02 3.725062271062270725e+01 1.077946520146520157e+02
2.550000000000000000e+02 3.743594627594627866e+01 1.077734310134310078e+02
2.550000000000000000e+02 3.755173382173381924e+01 1.078493162393162379e+02
2.550000000000000000e+02 3.758113553113552996e+01 1.079187912087912053e+02
2.550000000000000000e+02 3.765199023199023287e+01 1.080664713064712998e+02
2.550000000000000000e+02 3.763459096459096287e+01 1.081273137973138034e+02
2.550000000000000000e+02 3.766860805860805783e+01 1.082976190476190510e+02
2.550000000000000000e+02 3.766013431013431045e+01 1.083484737484737508e+02
2.550000000000000000e+02 3.767637362637362486e+01 1.083202319902319886e+02
2.550000000000000000e+02 3.775023199023198828e+01 1.082113919413919376e+02
2.550000000000000000e+02 3.780746031746031832e+01 1.082338705738705755e+02
2.550000000000000000e+02 3.783830280830280657e+01 1.081724542124542126e+02
2.550000000000000000e+02 3.802141636141636383e+01 1.082452991452991427e+02
2.550000000000000000e+02 3.811001221001220785e+01 1.083478266178266125e+02
2.550000000000000000e+02 3.820147741147741272e+01 1.084175579975579922e+02
2.550000000000000000e+02 3.827442002442002433e+01 1.085705494505494499e+02
2.550000000000000000e+02 3.842233211233211421e+01 1.086506959706959776e+02
2.550000000000000000e+02 3.853663003663003650e+01 1.087446520146520186e+02
2.550000000000000000e+02 3.864133089133088816e+01 1.087767765567765537e+02
2.550000000000000000e+02 3.869968253968254146e+01 1.088047985347985360e+02
2.550000000000000000e+02 3.865537240537240393e+01 1.089275702075702128e+02
2.550000000000000000e+02 3.874615384615384528e+01 1.089728815628815681e+02
2.550000000000000000e+02 3.883539682539682758e+01 1.090065445665445623e+02
2.550000000000000000e+02 3.884757020757020740e+01 1.089405738705738713e+02
2.550000000000000000e+02 3.894299145299144982e+01 1.090478388278388309e+02
2.550000000000000000e+02 3.902238095238094928e+01 1.090840170940170992e+02
2.550000000000000000e+02 3.903432234432234083e+01 1.090832112332112303e+02
2.550000000000000000e+02 3.908253968253968225e+01 1.090543101343101284e+02
2.550000000000000000e+02 3.924040293040292937e+01 1.091888888888888829e+02
2.550000000000000000e+02 3.941568986568986332e+01 1.092356410256410300e+02
2.550000000000000000e+02 3.951429792429792087e+01 1.094213797313797301e+02
2.550000000000000000e+02 3.959597069597069918e+01 1.095232967032967082e+02
2.550000000000000000e+02 3.960642246642246533e+01 1.096122100122100136e+02
2.550000000000000000e+02 3.939262515262515052e+01 1.093960683760683708e+02
2.550000000000000000e+02 3.840931623931624017e+01 1.087615873015872978e+02
2.550000000000000000e+02 3.761416361416361553e+01 1.078525641025641022e+02
2.550000000000000000e+02 3.724081807081807227e+01 1.075122100122100193e+02
2.550000000000000000e+02 3.714874236874236857e+01 1.074008180708180760e+02
2.550000000000000000e+02 3.717620268620268575e+01 1.073454456654456664e+02
2.550000000000000000e+02 3.736752136752136977e+01 1.075877777777777737e+02
2.550000000000000000e+02 3.747706959706959395e+01 1.077407936507936483e+02
2.550000000000000000e+02 3.757754578754578745e+01 1.077453601953601918e+02
2.550000000000000000e+02 3.759118437118436873e+01 1.077746275946275887e+02
2.550000000000000000e+02 3.766851037851037631e+01 1.077975824175824187e+02
2.550000000000000000e+02 3.769825396825396524e+01 1.078712332112332177e+02
2.550000000000000000e+02 3.772162393162393101e+01 1.079340293040293091e+02
2.550000000000000000e+02 3.770068376068375926e+01 1.078989010989010922e+02
2.550000000000000000e+02 3.765743589743589581e+01 1.077634920634920661e+02
2.550000000000000000e+02 3.767432234432234139e+01 1.076528327228327271e+02
2.550000000000000000e+02 3.756006105006105145e+01 1.076386813186813214e+02
2.550000000000000000e+02 3.761233211233211193e+01 1.077383028083028051e+02
2.550000000000000000e+02 3.760884004884005094e+01 1.078810744810744779e+02
2.550000000000000000e+02 3.763768009768009648e+01 1.079828815628815590e+02
2.550000000000000000e+02 3.780354090354090602e+01 1.080043833943833960e+02
2.550000000000000000e+02 3.780047619047618923e+01 1.080589255189255198e+02
2.550000000000000000e+02 3.778534798534798256e+01 1.078922466422466471e+02
2.550000000000000000e+02 3.784052503052502914e+01 1.080094261294261315e+02
2.550000000000000000e+02 3.803102564102564287e+01 1.080518437118437163e+02
2.550000000000000000e+02 3.808090354090354168e+01 1.082063858363858344e+02
2.550000000000000000e+02 3.812368742368742147e+01 1.083101831501831498e+02
2.550000000000000000e+02 3.820026862026862347e+01 1.083423809523809496e+02
2.550000000000000000e+02 3.826169719169719485e+01 1.084618315018314973e+02
2.550000000000000000e+02 3.837538461538461831e+01 1.086004761904761864e+02
2.550000000000000000e+02 3.842730158730158507e+01 1.085934432234432165e+02
2.550000000000000000e+02 3.864798534798534746e+01 1.087243101343101301e+02
2.550000000000000000e+02 3.875061050061049883e+01 1.087486935286935221e+02
2.550000000000000000e+02 3.890936507936508093e+01 1.087429059829059810e+02
2.550000000000000000e+02 3.902371184371184398e+01 1.088241880341880403e+02
2.550000000000000000e+02 3.912321123321123650e+01 1.089099755799755798e+02
2.550000000000000000e+02 3.920749694749694925e+01 1.089592307692307713e+02
2.550000000000000000e+02 3.925798534798534689e+01 1.090089133089133071e+02
2.550000000000000000e+02 3.932797313797313876e+01 1.090776556776556845e+02
2.550000000000000000e+02 3.931487179487179162e+01 1.090470085470085451e+02
2.550000000000000000e+02 3.874273504273504187e+01 1.086444932844932794e+02
2.550000000000000000e+02 3.807769230769230973e+01 1.079044200244200198e+02
2.550000000000000000e+02 3.738947496947496774e+01 1.072871916971917017e+02
2.550000000000000000e+02 3.717857142857143060e+01 1.070446398046398002e+02
2.550000000000000000e+02 3.709689865689865940e+01 1.070340537240537202e+02
2.550000000000000000e+02 3.715499389499389338e+01 1.070945177045176990e+02
2.550000000000000000e+02 3.717570207570207685e+01 1.072801587301587318e+02
2.550000000000000000e+02 3.720887667887667760e+01 1.074731990231990295e+02
2.550000000000000000e+02 3.719853479853480138e+01 1.074888400488400464e+02
2.550000000000000000e+02 3.730534798534798568e+01 1.075894627594627622e+02
2.550000000000000000e+02 3.737659340659340756e+01 1.077431257631257608e+02
2.550000000000000000e+02 3.742835164835165074e+01 1.077085714285714317e+02
2.550000000000000000e+02 3.745118437118436816e+01 1.076618803418803481e+02
2.550000000000000000e+02 3.745125763125763285e+01 1.076861050061050094e+02
2.550000000000000000e+02 3.739174603174603106e+01 1.076500366300366238e+02
2.550000000000000000e+02 3.736123321123321261e+01 1.076368009768009699e+02
2.550000000000000000e+02 3.738311355311355300e+01 1.076829304029304097e+02
2.550000000000000000e+02 3.743405372405372589e+01 1.077163247863247904e+02
2.550000000000000000e+02 3.757665445665445958e+01 1.079523931623931645e+02
2.550000000000000000e+02 3.768510378510378445e+01 1.079888522588522619e+02
2.550000000000000000e+02 3.780407814407814726e+01 1.081448107448107407e+02
2.550000000000000000e+02 3.790030525030525155e+01 1.082336263736263788e+02
2.550000000000000000e+02 3.806010989010989221e+01 1.082384371184371190e+02
2.550000000000000000e+02 3.807409035409035170e+01 1.082158363858363828e+02
2.550000000000000000e+02 3.818156288156288269e+01 1.083052136752136789e+02
2.550000000000000000e+02 3.824139194139193876e+01 1.084003174603174671e+02
2.550000000000000000e+02 3.851315018315018079e+01 1.085109401709401737e+02
2.550000000000000000e+02 3.848125763125763399e+01 1.085738949938949958e+02
2.550000000000000000e+02 3.855741147741147756e+01 1.086274847374847354e+02
2.550000000000000000e+02 3.864476190476190709e+01 1.086426251526251576e+02
2.550000000000000000e+02 3.870897435897435912e+01 1.087559706959707029e+02
2.550000000000000000e+02 3.869655677655677550e+01 1.087155433455433524e+02
2.550000000000000000e+02 3.880488400488400202e+01 1.087468742368742340e+02
2.550000000000000000e+02 3.887829059829059730e+01 1.088801831501831572e+02
2.550000000000000000e+02 3.900793650793650613e+01 1.089511843711843682e+02
2.550000000000000000e+02 3.904460317460317498e+01 1.090144810744810684e+02
2.550000000000000000e+02 3.875678876678876605e+01 1.086936263736263726e+02
2.550000000000000000e+02 3.797820512820512562e+01 1.080082051282051339e+02
2.550000000000000000e+02 3.741081807081807398e+01 1.074972283272283278e+02
2.550000000000000000e+02 3.718849816849817103e+01 1.073313919413919422e+02
2.550000000000000000e+02 3.713431013431013383e+01 1.072979365079365124e+02
2.550000000000000000e+02 3.714984126984126789e+01 1.073782295482295552e+02
2.550000000000000000e+02 3.722423687423687255e+01 1.075164835164835182e+02
2.550000000000000000e+02 3.733366300366300550e+01 1.076851770451770420e+02
2.550000000000000000e+02 3.754760683760683548e+01 1.079182295482295473e+02
2.550000000000000000e+02 3.763615384615384585e+01 1.079412942612942601e+02
2.550000000000000000e+02 3.772125763125762887e+01 1.079484615384615438e+02
2.550000000000000000e+02 3.759405372405372248e+01 1.078405494505494460e+02
2.550000000000000000e+02 3.754195360195360109e+01 1.079039926739926756e+02
2.550000000000000000e+02 3.743400488400488513e+01 1.077800366300366335e+02
2.550000000000000000e+02 3.737020757020756889e+01 1.077616605616605625e+02
2.550000000000000000e+02 3.755510378510378189e+01 1.078872649572649607e+02
2.550000000000000000e+02 3.765788766788767106e+01 1.079805738705738776e+02
2.550000000000000000e+02 3.777024420024419982e+01 1.080074114774114804e+02
2.550000000000000000e+02 3.782388278388278735e+01 1.080234676434676402e+02
2.550000000000000000e+02 3.788062271062270980e+01 1.080868498168498206e+02
2.550000000000000000e+02 3.811295482295482628e+01 1.080974603174603175e+02
2.550000000000000000e+02 3.825007326007325759e+01 1.081115995115995077e+02
2.550000000000000000e+02 3.838987789987790222e+01 1.081210744810744870e+02
2.550000000000000000e+02 3.851114774114773809e+01 1.081143589743589786e+02
2.550000000000000000e+02 3.863578754578754371e+01 1.081949938949938996e+02
2.550000000000000000e+02 3.869068376068376125e+01 1.083623687423687443e+02
2.550000000000000000e+02 3.882650793650793730e+01 1.085273260073260104e+02
2.550000000000000000e+02 3.884010989010989334e+01 1.085130402930402909e+02
2.550000000000000000e+02 3.889086691086691161e+01 1.085416727716727650e+02
2.550000000000000000e+02 3.897641025641025436e+01 1.085558363858363862e+02
2.550000000000000000e+02 3.901056166056166319e+01 1.087020268620268553e+02
2.550000000000000000e+02 3.912843711843711958e+01 1.086838339438339460e+02
2.550000000000000000e+02 3.910844932844933197e+01 1.086163736263736297e+02
2.550000000000000000e+02 3.910417582417582594e+01 1.086157387057387069e+02
2.550000000000000000e+02 3.884068376068375983e+01 1.084460195360195343e+02
2.550000000000000000e+02 3.799362637362637685e+01 1.077981807081807091e+02
2.550000000000000000e+02 3.739137973137972892e+01 1.073144078144078151e+02
2.550000000000000000e+02 3.710402930402930366e+01 1.069555311355311318e+02
2.550000000000000000e+02 3.705894993894993661e+01 1.070002197802197799e+02
2.550000000000000000e+02 3.718863247863247778e+01 1.070986080586080647e+02
2.550000000000000000e+02 3.736540903540903713e+01 1.072557509157509088e+02
2.550000000000000000e+02 3.745719169719169628e+01 1.073854090354090403e+02
2.550000000000000000e+02 3.753547008547008801e+01 1.074867155067155124e+02
2.550000000000000000e+02 3.760126984126983984e+01 1.075255067155067223e+02
2.550000000000000000e+02 3.773631257631257796e+01 1.076210622710622715e+02
2.550000000000000000e+02 3.783349206349206639e+01 1.077306471306471281e+02
2.550000000000000000e+02 3.784935286935287024e+01 1.076601587301587273e+02
2.550000000000000000e+02 3.781903540903540772e+01 1.075690842490842556e+02
2.550000000000000000e+02 3.771214896214895873e+01 1.074641758241758254e+02
2.550000000000000000e+02 3.772057387057387245e+01 1.075310622710622681e+02
2.550000000000000000e+02 3.783921855921855837e+01 1.075624542124542131e+02
2.550000000000000000e+02 3.797545787545787732e+01 1.076100244200244163e+02
2.550000000000000000e+02 3.807927960927960953e+01 1.077263736263736291e+02
2.550000000000000000e+02 3.817829059829060157e+01 1.078332478632478626e+02
2.550000000000000000e+02 3.832478632478632363e+01 1.079336874236874166e+02
2.550000000000000000e+02 3.850747252747252958e+01 1.081621367521367461e+02
2.550000000000000000e+02 3.863970695970696312e+01 1.081897557997558010e+02
2.550000000000000000e+02 3.881409035409035369e+01 1.083540537240537276e+02
2.550000000000000000e+02 3.889328449328449011e+01 1.083160805860805880e+02
2.550000000000000000e+02 3.893750915750915453e+01 1.084377899877899836e+02
2.550000000000000000e+02 3.904245421245420999e+01 1.083926251526251576e+02
2.550000000000000000e+02 3.913810744810744779e+01 1.083496947496947485e+02
2.550000000000000000e+02 3.923047619047618895e+01 1.082992796092796084e+02
2.550000000000000000e+02 3.925918192918192773e+01 1.083175091575091642e+02
2.550000000000000000e+02 3.937242979242979146e+01 1.083620634920634984e+02
2.550000000000000000e+02 3.944156288156288070e+01 1.083977655677655747e+02
2.550000000000000000e+02 3.951253968253968196e+01 1.084413431013431079e+02
2.550000000000000000e+02 3.934391941391941572e+01 1.082523809523809462e+02
2.550000000000000000e+02 3.837918192918193228e+01 1.076922710622710611e+02
2.550000000000000000e+02 3.794952380952381077e+01 1.072928571428571445e+02
2.550000000000000000e+02 3.739096459096459313e+01 1.070364713064713129e+02
2.550000000000000000e+02 3.720271062271062590e+01 1.069211843711843670e+02
2.550000000000000000e+02 3.710919413919413756e+01 1.069016361416361462e+02
2.550000000000000000e+02 3.716269841269841123e+01 1.070772405372405416e+02
2.550000000000000000e+02 3.727595848595848338e+01 1.071543956043956030e+02
2.550000000000000000e+02 3.723380952380952635e+01 1.071409157509157524e+02
2.550000000000000000e+02 3.728742368742368996e+01 1.070903540903540971e+02
2.550000000000000000e+02 3.741269841269841123e+01 1.071418559218559210e+02
2.550000000000000000e+02 3.749968253968253862e+01 1.072413675213675219e+02
2.550000000000000000e+02 3.749760683760683833e+01 1.072383638583638543e+02
2.550000000000000000e+02 3.747372405372405524e+01 1.071955311355311409e+02
2.550000000000000000e+02 3.745014652014651801e+01 1.071690720390720344e+02
2.550000000000000000e+02 3.750235653235652933e+01 1.071854090354090374e+02
2.550000000000000000e+02 3.757253968253968424e+01 1.071483394383394341e+02
2.550000000000000000e+02 3.766440781440781649e+01 1.073131257631257682e+02
2.550000000000000000e+02 3.770092796092796306e+01 1.074312576312576368e+02
2.550000000000000000e+02 3.770855921855921622e+01 1.076152503052502993e+02
2.550000000000000000e+02 3.781750915750915709e+01 1.078451037851037881e+02
2.550000000000000000e+02 3.792329670329670677e+01 1.080000854700854660e+02
2.550000000000000000e+02 3.797456654456654235e+01 1.080172039072039070e+02
2.550000000000000000e+02 3.819976800976800746e+01 1.079796336996336947e+02
2.550000000000000000e+02 3.839023199023198885e+01 1.079894383394383368e+02
2.550000000000000000e+02 3.847230769230769454e+01 1.080268253968254015e+02
2.550000000000000000e+02 3.868166056166056421e+01 1.079998901098901030e+02
2.550000000000000000e+02 3.871844932844933140e+01 1.080604395604395620e+02
2.550000000000000000e+02 3.866343101343101551e+01 1.080396336996336970e+02
2.550000000000000000e+02 3.872824175824175796e+01 1.081539438339438277e+02
2.550000000000000000e+02 3.869457875457875673e+01 1.080678998778998761e+02
2.550000000000000000e+02 3.826909645909645974e+01 1.077232234432234463e+02
2.550000000000000000e+02 3.770825396825397036e+01 1.073518070818070811e+02
2.550000000000000000e+02 3.723380952380952635e+01 1.069731135531135493e+02
2.550000000000000000e+02 3.703435897435897317e+01 1.068074481074481099e+02
2.550000000000000000e+02 3.701338217338217618e+01 1.068575091575091562e+02
2.550000000000000000e+02 3.719499389499389252e+01 1.070022710622710633e+02
2.550000000000000000e+02 3.721087912087912031e+01 1.069738095238095212e+02
2.550000000000000000e+02 3.744538461538461860e+01 1.069672771672771603e+02
2.550000000000000000e+02 3.763409035409035397e+01 1.070332478632478654e+02
2.550000000000000000e+02 3.783247863247863307e+01 1.071556898656898653e+02
2.550000000000000000e+02 3.796687423687424001e+01 1.071545543345543336e+02
2.550000000000000000e+02 3.792892551892551722e+01 1.072300366300366363e+02
2.550000000000000000e+02 3.781239316239316395e+01 1.071847863247863302e+02
2.550000000000000000e+02 3.767874236874236971e+01 1.070378510378510413e+02
2.550000000000000000e+02 3.763268620268620168e+01 1.070232722832722771e+02
2.550000000000000000e+02 3.772871794871795004e+01 1.071242612942612880e+02
2.550000000000000000e+02 3.772323565323565475e+01 1.070777777777777828e+02
2.550000000000000000e+02 3.772521367521367353e+01 1.071103296703296763e+02
2.550000000000000000e+02 3.774614163614163687e+01 1.072096459096459142e+02
2.550000000000000000e+02 3.782217338217338209e+01 1.072766422466422398e+02
2.550000000000000000e+02 3.788120879120879181e+01 1.072418315018314985e+02
2.550000000000000000e+02 3.793385836385836285e+01 1.073170451770451734e+02
2.550000000000000000e+02 3.803492063492063835e+01 1.074578388278388275e+02
2.550000000000000000e+02 3.803238095238095440e+01 1.075841636141636144e+02
2.550000000000000000e+02 3.801349206349206611e+01 1.076442490842490827e+02
2.550000000000000000e+02 3.795509157509157205e+01 1.075720512820512766e+02
2.550000000000000000e+02 3.810623931623931782e+01 1.076767277167277115e+02
2.550000000000000000e+02 3.805529914529914493e+01 1.076561782661782729e+02
2.550000000000000000e+02 3.799034188034188020e+01 1.074309157509157444e+02
2.550000000000000000e+02 3.766092796092796391e+01 1.071547252747252799e+02
2.550000000000000000e+02 3.705177045177045159e+01 1.065681074481074546e+02
2.550000000000000000e+02 3.688788766788766793e+01 1.064126251526251536e+02
2.550000000000000000e+02 3.688034188034188077e+01 1.062907203907203950e+02
2.550000000000000000e+02 3.688506715506715494e+01 1.062515628815628759e+02
2.550000000000000000e+02 3.692166056166055910e+01 1.064510622710622698e+02
2.550000000000000000e+02 3.695995115995116009e+01 1.065292307692307645e+02
2.550000000000000000e+02 3.702816849816849754e+01 1.065565689865689905e+02
2.550000000000000000e+02 3.699653235653235583e+01 1.066869108669108641e+02
2.550000000000000000e+02 3.696438339438339682e+01 1.067488278388278360e+02
2.550000000000000000e+02 3.697487179487179532e+01 1.068372893772893804e+02
2.550000000000000000e+02 3.696095238095237789e+01 1.068405128205128136e+02
2.550000000000000000e+02 3.696411477411477620e+01 1.067418192918192972e+02
2.550000000000000000e+02 3.714948717948718127e+01 1.067647985347985298e+02
2.550000000000000000e+02 3.720159951159951106e+01 1.068368009768009728e+02
2.550000000000000000e+02 3.722818070818070879e+01 1.068736752136752131e+02
2.550000000000000000e+02 3.717904761904761557e+01 1.068582661782661773e+02
2.550000000000000000e+02 3.733137973137973376e+01 1.069246153846153788e+02
2.550000000000000000e+02 3.733708180708180890e+01 1.069781807081807017e+02
2.550000000000000000e+02 3.732957264957264698e+01 1.070090842490842533e+02
2.550000000000000000e+02 3.736067155067154744e+01 1.070561782661782644e+02
2.550000000000000000e+02 3.735796092796093149e+01 1.071381318681318646e+02
2.550000000000000000e+02 3.742645909645909796e+01 1.071785714285714306e+02
2.550000000000000000e+02 3.762046398046398110e+01 1.072805860805860760e+02
2.550000000000000000e+02 3.762407814407814755e+01 1.072779731379731345e+02
2.550000000000000000e+02 3.768902319902319675e+01 1.072497313797313865e+02
2.550000000000000000e+02 3.777581196581196821e+01 1.072395970695970675e+02
2.550000000000000000e+02 3.772383394383394517e+01 1.073085958485958429e+02
2.550000000000000000e+02 3.775261294261294154e+01 1.072860439560439545e+02
2.550000000000000000e+02 3.770991452991452775e+01 1.074975946275946228e+02
2.550000000000000000e+02 3.742970695970696227e+01 1.073624542124542103e+02
2.550000000000000000e+02 3.695098901098901223e+01 1.070084493284493306e+02
2.550000000000000000e+02 3.654194139194139268e+01 1.066254334554334520e+02
2.550000000000000000e+02 3.653040293040292852e+01 1.063080952380952340e+02
2.550000000000000000e+02 3.663438339438339142e+01 1.062415873015873018e+02
2.550000000000000000e+02 3.671192918192917887e+01 1.062153235653235583e+02
2.550000000000000000e+02 3.676323565323565390e+01 1.061883638583638572e+02
2.550000000000000000e+02 3.680263736263736263e+01 1.061518681318681274e+02
2.550000000000000000e+02 3.671140415140415314e+01 1.061475457875457806e+02
2.550000000000000000e+02 3.668449328449328561e+01 1.062377045177045147e+02
2.550000000000000000e+02 3.676891330891331222e+01 1.063323809523809587e+02
2.550000000000000000e+02 3.684080586080585817e+01 1.063833699633699581e+02
2.550000000000000000e+02 3.682594627594627923e+01 1.064323687423687375e+02
2.550000000000000000e+02 3.673295482295482373e+01 1.063427716727716756e+02
2.550000000000000000e+02 3.672880341880341604e+01 1.063732234432234378e+02
2.550000000000000000e+02 3.674875457875457840e+01 1.064382295482295433e+02
2.550000000000000000e+02 3.682442002442002149e+01 1.065017094017094053e+02
2.550000000000000000e+02 3.685163614163614199e+01 1.065295848595848582e+02
2.550000000000000000e+02 3.717935286935286854e+01 1.066078998778998823e+02
2.550000000000000000e+02 3.729836385836385659e+01 1.066136019536019575e+02
2.550000000000000000e+02 3.735705738705738810e+01 1.065909768009768044e+02
2.550000000000000000e+02 3.744743589743589496e+01 1.066036263736263692e+02
2.550000000000000000e+02 3.758234432234431921e+01 1.066914529914529908e+02
2.550000000000000000e+02 3.769288156288155989e+01 1.067736507936507877e+02
2.550000000000000000e+02 3.767489621489621499e+01 1.067190598290598302e+02
2.550000000000000000e+02 3.761719169719169997e+01 1.067236263736263737e+02
2.550000000000000000e+02 3.761406593406593402e+01 1.066845054945055011e+02
2.550000000000000000e+02 3.759967032967033163e+01 1.067619291819291760e+02
2.550000000000000000e+02 3.761863247863247750e+01 1.068742490842490866e+02
2.550000000000000000e+02 3.767543345543345623e+01 1.069273870573870511e+02
2.550000000000000000e+02 3.762803418803418509e+01 1.069416239316239370e+02
2.550000000000000000e+02 3.765269841269841322e+01 1.069710622710622658e+02
2.550000000000000000e+02 3.769982905982905663e+01 1.070293772893772939e+02
2.550000000000000000e+02 3.784128205128205025e+01 1.069554945054944994e+02
2.550000000000000000e+02 3.782570207570207543e+01 1.069142735042735097e+02
2.550000000000000000e+02 3.760499389499389622e+01 1.066031868131868094e+02
2.550000000000000000e+02 3.705107448107447965e+01 1.062250671550671512e+02
2.550000000000000000e+02 3.657415140415140087e+01 1.058703174603174659e+02
2.550000000000000000e+02 3.629628815628815630e+01 1.056739682539682548e+02
2.550000000000000000e+02 3.627219780219780176e+01 1.056480219780219727e+02
2.550000000000000000e+02 3.625969474969475215e+01 1.057379609279609269e+02
2.550000000000000000e+02 3.631528693528693452e+01 1.058162637362637355e+02
2.550000000000000000e+02 3.635984126984126874e+01 1.058465323565323501e+02
2.550000000000000000e+02 3.631070818070818262e+01 1.057748840048840009e+02
2.550000000000000000e+02 3.632821733821733545e+01 1.059183272283272288e+02
2.550000000000000000e+02 3.628586080586080698e+01 1.060054212454212461e+02
2.550000000000000000e+02 3.626770451770451587e+01 1.060481562881562922e+02
2.550000000000000000e+02 3.611863247863247750e+01 1.058847374847374851e+02
2.550000000000000000e+02 3.628266178266178343e+01 1.058719780219780233e+02
2.550000000000000000e+02 3.631070818070818262e+01 1.060561538461538476e+02
2.550000000000000000e+02 3.628284493284493095e+01 1.060548351648351684e+02
2.550000000000000000e+02 3.633643467643467773e+01 1.060810012210012161e+02
2.550000000000000000e+02 3.638989010989011064e+01 1.062493772893772928e+02
2.550000000000000000e+02 3.648197802197802275e+01 1.063320879120879141e+02
2.550000000000000000e+02 3.641249084249083978e+01 1.062962026862026903e+02
2.550000000000000000e+02 3.648163614163614454e+01 1.064316727716727655e+02
2.550000000000000000e+02 3.659709401709401533e+01 1.066052258852258916e+02
2.550000000000000000e+02 3.662909645909645917e+01 1.066264102564102529e+02
2.550000000000000000e+02 3.663522588522588563e+01 1.064669230769230808e+02
2.550000000000000000e+02 3.671965811965812065e+01 1.063593650793650767e+02
2.550000000000000000e+02 3.670813186813186491e+01 1.063947252747252747e+02
2.550000000000000000e+02 3.677326007326007584e+01 1.064481807081807148e+02
2.550000000000000000e+02 3.685434676434676504e+01 1.063682661782661825e+02
2.550000000000000000e+02 3.689405372405372674e+01 1.063731013431013395e+02
2.550000000000000000e+02 3.687175824175824346e+01 1.063551770451770437e+02
2.550000000000000000e+02 3.696118437118437328e+01 1.063982783882783849e+02
2.550000000000000000e+02 3.700452991452991114e+01 1.064774969474969453e+02
2.550000000000000000e+02 3.709805860805860789e+01 1.067195726495726547e+02
2.550000000000000000e+02 3.714626373626373379e+01 1.067324420024419993e+02
2.550000000000000000e+02 3.692168498168498303e+01 1.065266910866910877e+02
2.550000000000000000e+02 3.642274725274725000e+01 1.059568376068376097e+02
2.550000000000000000e+02 3.600456654456654348e+01 1.055286691086691064e+02
2.550000000000000000e+02 3.590457875457875758e+01 1.052955921855921844e+02
2.550000000000000000e+02 3.582084249084248739e+01 1.051967155067155062e+02
2.550000000000000000e+02 3.603304029304029399e+01 1.052431501831501777e+02
2.550000000000000000e+02 3.617466422466422671e+01 1.053051404151404142e+02
2.550000000000000000e+02 3.624020757020757344e+01 1.053560561660561632e+02
2.550000000000000000e+02 3.627971916971917210e+01 1.054310744810744751e+02
2.550000000000000000e+02 3.653340659340659613e+01 1.054803174603174654e+02
2.550000000000000000e+02 3.664343101343101239e+01 1.055300000000000011e+02
2.550000000000000000e+02 3.666274725274725199e+01 1.054639194139194132e+02
2.550000000000000000e+02 3.659717948717948843e+01 1.054063614163614204e+02
2.550000000000000000e+02 3.665294261294260991e+01 1.054504517704517639e+02
2.550000000000000000e+02 3.648877899877899722e+01 1.054491941391941339e+02
2.550000000000000000e+02 3.634478632478632676e+01 1.054885714285714329e+02
2.550000000000000000e+02 3.636092796092795965e+01 1.054301098901098896e+02
2.550000000000000000e+02 3.635128205128204826e+01 1.054955067155067212e+02
2.550000000000000000e+02 3.645380952380952522e+01 1.055291697191697153e+02
2.550000000000000000e+02 3.665765567765567567e+01 1.056844932844932856e+02
2.550000000000000000e+02 3.676614163614163289e+01 1.057302442002442007e+02
2.550000000000000000e+02 3.680136752136752420e+01 1.058134798534798477e+02
2.550000000000000000e+02 3.686507936507936734e+01 1.058226617826617826e+02
2.550000000000000000e+02 3.685161172161172516e+01 1.057842857142857156e+02
2.550000000000000000e+02 3.691627594627594533e+01 1.057281196581196525e+02
2.550000000000000000e+02 3.701664224664224889e+01 1.057009645909645883e+02
2.550000000000000000e+02 3.704496947496947712e+01 1.057259951159951186e+02
2.550000000000000000e+02 3.704483516483516325e+01 1.057079120879120921e+02
2.550000000000000000e+02 3.704068376068376267e+01 1.057001953601953659e+02
2.550000000000000000e+02 3.710188034188033868e+01 1.057236141636141582e+02
2.550000000000000000e+02 3.717288156288156387e+01 1.057836752136752096e+02
2.550000000000000000e+02 3.716115995115995219e+01 1.058424786324786311e+02
2.550000000000000000e+02 3.718317460317460643e+01 1.058379975579975536e+02
2.550000000000000000e+02 3.725837606837606586e+01 1.058852869352869419e+02
2.550000000000000000e+02 3.721831501831501754e+01 1.058852136752136772e+02
2.550000000000000000e+02 3.728752136752136437e+01 1.059851037851037887e+02
2.550000000000000000e+02 3.727760683760683946e+01 1.061081562881562945e+02
2.550000000000000000e+02 3.710586080586080726e+01 1.060348717948717905e+02
2.550000000000000000e+02 3.656225885225885008e+01 1.054352991452991404e+02
2.550000000000000000e+02 3.580185592185592469e+01 1.046826373626373652e+02
2.550000000000000000e+02 3.530529914529914493e+01 1.041614163614163573e+02
2.550000000000000000e+02 3.515002442002442251e+01 1.040079731379731385e+02
2.550000000000000000e+02 3.514409035409035198e+01 1.039578632478632443e+02
2.550000000000000000e+02 3.521752136752136408e+01 1.040508547008546998e+02
2.550000000000000000e+02 3.528804639804639720e+01 1.041556166056166006e+02
2.550000000000000000e+02 3.538726495726496069e+01 1.042596947496947450e+02
2.550000000000000000e+02 3.546526251526251627e+01 1.043112942612942646e+02
2.550000000000000000e+02 3.558783882783883001e+01 1.044425396825396888e+02
2.550000000000000000e+02 3.560504273504273698e+01 1.044612087912087901e+02
2.550000000000000000e+02 3.582459096459096770e+01 1.044096947496947507e+02
2.550000000000000000e+02 3.587449328449328334e+01 1.043615506715506740e+02
2.550000000000000000e+02 3.580549450549450796e+01 1.043337973137973194e+02
2.550000000000000000e+02 3.576725274725274772e+01 1.043021978021977958e+02
2.550000000000000000e+02 3.581597069597069805e+01 1.042705250305250360e+02
2.550000000000000000e+02 3.580256410256410504e+01 1.043915018315018273e+02
2.550000000000000000e+02 3.588748473748474055e+01 1.045598168498168548e+02
2.550000000000000000e+02 3.596471306471306661e+01 1.046565567765567835e+02
2.550000000000000000e+02 3.608363858363858157e+01 1.047042002442002513e+02
2.550000000000000000e+02 3.615273504273504557e+01 1.046979120879120870e+02
2.550000000000000000e+02 3.622190476190476005e+01 1.047189010989010995e+02
2.550000000000000000e+02 3.624363858363858526e+01 1.048544322344322381e+02
2.550000000000000000e+02 3.633019536019536133e+01 1.048901709401709468e+02
2.550000000000000000e+02 3.641194139194139012e+01 1.049243223443223485e+02
2.550000000000000000e+02 3.639778998778998442e+01 1.049633333333333383e+02
2.550000000000000000e+02 3.659460317460317214e+01 1.049286446886446953e+02
2.550000000000000000e+02 3.666804639804639976e+01 1.049676800976801019e+02
2.550000000000000000e+02 3.672296703296703413e+01 1.049690231990231979e+02
2.550000000000000000e+02 3.677069597069596796e+01 1.050036630036630072e+02
2.550000000000000000e+02 3.684885225885226134e+01 1.049968864468864496e+02
2.550000000000000000e+02 3.694570207570207288e+01 1.051011355311355260e+02
2.550000000000000000e+02 3.693236874236874456e+01 1.051899267399267330e+02
2.550000000000000000e+02 3.700612942612942646e+01 1.052634310134310169e+02
2.550000000000000000e+02 3.702573870573870352e+01 1.053295482295482230e+02
2.550000000000000000e+02 3.707518925518925812e+01 1.053693772893772831e+02
2.550000000000000000e+02 3.709846153846153527e+01 1.053307692307692349e+02
2.550000000000000000e+02 3.714620268620268462e+01 1.052607814407814431e+02
2.550000000000000000e+02 3.717695970695970686e+01 1.052381074481074421e+02
2.550000000000000000e+02 3.737163614163614511e+01 1.053914163614163613e+02
2.550000000000000000e+02 3.748655677655677465e+01 1.054512698412698484e+02
2.550000000000000000e+02 3.751446886446886708e+01 1.054877045177045147e+02
2.550000000000000000e+02 3.742183150183150531e+01 1.054788766788766736e+02
2.550000000000000000e+02 3.684094017094017204e+01 1.050014774114774099e+02
2.550000000000000000e+02 3.606145299145298821e+01 1.043737851037851101e+02
2.550000000000000000e+02 3.571876678876678568e+01 1.040935409035408981e+02
2.550000000000000000e+02 3.563737484737485062e+01 1.039160561660561655e+02
2.550000000000000000e+02 3.562985347985348028e+01 1.037965323565323530e+02
2.550000000000000000e+02 3.570002442002441967e+01 1.039050671550671581e+02
2.550000000000000000e+02 3.576448107448107550e+01 1.039766788766788750e+02
2.550000000000000000e+02 3.579813186813186832e+01 1.039834920634920650e+02
2.550000000000000000e+02 3.572676434676434809e+01 1.040073382173382157e+02
2.550000000000000000e+02 3.572780219780219824e+01 1.040344810744810786e+02
2.550000000000000000e+02 3.587730158730158792e+01 1.040986080586080647e+02
2.550000000000000000e+02 3.592385836385836484e+01 1.041345177045177053e+02
2.550000000000000000e+02 3.588289377289377313e+01 1.041307570207570166e+02
2.550000000000000000e+02 3.588444444444444770e+01 1.042658608058608110e+02
2.550000000000000000e+02 3.584166056166056080e+01 1.042294017094017136e+02
2.550000000000000000e+02 3.579969474969475129e+01 1.041773260073260019e+02
2.550000000000000000e+02 3.586002442002442336e+01 1.041897680097680166e+02
2.550000000000000000e+02 3.587727716727716398e+01 1.042480463980463981e+02
2.550000000000000000e+02 3.587824175824175654e+01 1.044220757020757020e+02
2.550000000000000000e+02 3.596095238095237789e+01 1.045661050061050048e+02
2.550000000000000000e+02 3.604236874236874399e+01 1.047746764346764365e+02
2.550000000000000000e+02 3.615471306471306434e+01 1.048039926739926671e+02
2.550000000000000000e+02 3.621151404151404307e+01 1.048724908424908477e+02
2.550000000000000000e+02 3.631641025641025777e+01 1.047510866910866980e+02
2.550000000000000000e+02 3.654420024420024760e+01 1.046670329670329664e+02
2.550000000000000000e+02 3.663062271062270980e+01 1.046644932844932896e+02
2.550000000000000000e+02 3.665959706959706921e+01 1.046476068376068440e+02
2.550000000000000000e+02 3.670186813186813168e+01 1.046566666666666663e+02
2.550000000000000000e+02 3.658721611721611566e+01 1.047568864468864405e+02
2.550000000000000000e+02 3.655932844932844716e+01 1.049163736263736268e+02
2.550000000000000000e+02 3.661648351648351962e+01 1.050245177045177059e+02
2.550000000000000000e+02 3.663035409035408918e+01 1.051553113553113548e+02
2.550000000000000000e+02 3.669716727716727434e+01 1.052530647130647168e+02
2.550000000000000000e+02 3.690347985347985116e+01 1.051996703296703259e+02
2.550000000000000000e+02 3.703152625152625177e+01 1.051864468864468876e+02
2.550000000000000000e+02 3.717705738705738838e+01 1.052311233211233201e+02
2.550000000000000000e+02 3.728482295482295683e+01 1.051396947496947547e+02
2.550000000000000000e+02 3.741057387057387018e+01 1.051386080586080567e+02
2.550000000000000000e+02 3.746106227106226783e+01 1.052963003663003718e+02
2.550000000000000000e+02 3.753848595848595693e+01 1.053406349206349262e+02
2.550000000000000000e+02 3.762775335775335606e+01 1.054655555555555537e+02
2.550000000000000000e+02 3.768120879120878897e+01 1.056023199023199055e+02
2.550000000000000000e+02 3.775980463980464208e+01 1.056223931623931662e+02
2.550000000000000000e+02 3.753435897435897317e+01 1.054272283272283204e+02
2.550000000000000000e+02 3.678310134310134316e+01 1.049508424908424900e+02
2.550000000000000000e+02 3.616421245421245345e+01 1.044367155067155011e+02
2.550000000000000000e+02 3.581858363858363958e+01 1.040579242979243020e+02
2.550000000000000000e+02 3.565332112332112047e+01 1.040187667887667828e+02
2.550000000000000000e+02 3.576390720390720190e+01 1.042620024420024407e+02
2.550000000000000000e+02 3.597316239316239006e+01 1.044268376068376085e+02
2.550000000000000000e+02 3.607968253968253691e+01 1.044876678876678824e+02
2.550000000000000000e+02 3.609920634920634797e+01 1.044847008547008613e+02
2.550000000000000000e+02 3.611805860805861101e+01 1.045487301587301516e+02
2.550000000000000000e+02 3.624868131868132082e+01 1.046321001221001268e+02
2.550000000000000000e+02 3.629307692307692434e+01 1.046512698412698370e+02
2.550000000000000000e+02 3.631334554334554099e+01 1.047077533577533615e+02
2.550000000000000000e+02 3.633605616605616717e+01 1.046007692307692309e+02
2.550000000000000000e+02 3.627871794871794719e+01 1.045779120879120825e+02
2.550000000000000000e+02 3.620929181929182050e+01 1.043705372405372458e+02
2.550000000000000000e+02 3.620543345543345737e+01 1.043532722832722897e+02
2.550000000000000000e+02 3.627252747252747156e+01 1.043302075702075769e+02
2.550000000000000000e+02 3.645840048840048553e+01 1.042886568986568960e+02
2.550000000000000000e+02 3.650885225885225793e+01 1.043555189255189219e+02
2.550000000000000000e+02 3.655649572649572576e+01 1.045410134310134254e+02
2.550000000000000000e+02 3.671252747252746929e+01 1.046154090354090300e+02
2.550000000000000000e+02 3.691144078144078122e+01 1.047137118437118488e+02
2.550000000000000000e+02 3.699377289377289202e+01 1.047095970695970664e+02
2.550000000000000000e+02 3.701572649572649709e+01 1.046764346764346811e+02
2.550000000000000000e+02 3.690148962148962397e+01 1.046619536019535985e+02
2.550000000000000000e+02 3.686741147741147984e+01 1.045384737484737485e+02
2.550000000000000000e+02 3.674272283272283346e+01 1.044694871794871744e+02
2.550000000000000000e+02 3.677324786324786032e+01 1.044087301587301653e+02
2.550000000000000000e+02 3.670175824175824175e+01 1.043724297924297986e+02
2.550000000000000000e+02 3.673573870573870437e+01 1.043984493284493311e+02
2.550000000000000000e+02 3.676880341880342229e+01 1.046201831501831521e+02
2.550000000000000000e+02 3.674119658119658283e+01 1.047437118437118500e+02
2.550000000000000000e+02 3.688311355311355300e+01 1.047823565323565305e+02
2.550000000000000000e+02 3.692997557997558289e+01 1.047836263736263760e+02
2.550000000000000000e+02 3.698100122100122178e+01 1.048435897435897459e+02
2.550000000000000000e+02 3.693012210012209806e+01 1.048795970695970681e+02
2.550000000000000000e+02 3.654978021978021729e+01 1.045438461538461468e+02
2.550000000000000000e+02 3.610383394383394062e+01 1.041790231990232058e+02
2.550000000000000000e+02 3.581703296703296502e+01 1.037684615384615370e+02
2.550000000000000000e+02 3.575417582417582452e+01 1.037229914529914510e+02
2.550000000000000000e+02 3.570231990231989982e+01 1.037481074481074472e+02
2.550000000000000000e+02 3.578466422466422614e+01 1.037969352869352804e+02
2.550000000000000000e+02 3.589413919413919274e+01 1.037975702075702031e+02
2.550000000000000000e+02 3.592097680097680268e+01 1.038627594627594561e+02
2.550000000000000000e+02 3.610457875457875332e+01 1.039065811965812003e+02
2.550000000000000000e+02 3.620822954822954642e+01 1.039375091575091545e+02
2.550000000000000000e+02 3.633736263736263794e+01 1.040296947496947553e+02
2.550000000000000000e+02 3.631429792429792514e+01 1.040267521367521368e+02
2.550000000000000000e+02 3.632404151404151094e+01 1.039168131868131866e+02
2.550000000000000000e+02 3.621908424908424706e+01 1.039274236874236834e+02
2.550000000000000000e+02 3.618125763125762973e+01 1.039902808302808239e+02
2.550000000000000000e+02 3.625368742368742403e+01 1.040269108669108675e+02
2.550000000000000000e+02 3.636219780219780517e+01 1.041180341880341871e+02
2.550000000000000000e+02 3.639934065934065899e+01 1.041873015873015902e+02
2.550000000000000000e+02 3.641615384615384698e+01 1.042959096459096457e+02
2.550000000000000000e+02 3.648328449328449352e+01 1.043368864468864530e+02
2.550000000000000000e+02 3.659714285714285609e+01 1.044203418803418799e+02
2.550000000000000000e+02 3.668665445665445901e+01 1.045881196581196519e+02
2.550000000000000000e+02 3.670725274725274545e+01 1.046474969474969470e+02
2.550000000000000000e+02 3.679095238095238329e+01 1.046963003663003633e+02
2.550000000000000000e+02 3.691797313797313507e+01 1.047316727716727769e+02
2.550000000000000000e+02 3.691581196581196878e+01 1.047989377289377302e+02
2.550000000000000000e+02 3.693056166056165779e+01 1.047757387057387035e+02
2.550000000000000000e+02 3.692123321123320778e+01 1.047302930402930343e+02
2.550000000000000000e+02 3.703105006105005970e+01 1.047181807081807108e+02
2.550000000000000000e+02 3.708421245421245516e+01 1.047170818070818115e+02
2.550000000000000000e+02 3.714196581196581093e+01 1.048687057387057422e+02
2.550000000000000000e+02 3.720024420024419953e+01 1.049705006105006078e+02
2.550000000000000000e+02 3.733792429792429601e+01 1.049617094017093990e+02
2.550000000000000000e+02 3.740067155067155369e+01 1.048606715506715545e+02
2.550000000000000000e+02 3.749803418803418964e+01 1.049334432234432199e+02
2.550000000000000000e+02 3.759526251526251173e+01 1.049906227106227163e+02
2.550000000000000000e+02 3.772681318681318885e+01 1.049788766788766736e+02
2.550000000000000000e+02 3.757266178266178258e+01 1.047938827838827791e+02
2.550000000000000000e+02 3.680079365079365061e+01 1.043396947496947433e+02
2.550000000000000000e+02 3.624200244200244470e+01 1.040052747252747309e+02
2.550000000000000000e+02 3.584711843711843926e+01 1.037935164835164841e+02
2.550000000000000000e+02 3.558494505494505233e+01 1.035980952380952402e+02
2.550000000000000000e+02 3.562144078144078208e+01 1.036006105006105003e+02
2.550000000000000000e+02 3.573194139194139041e+01 1.038813919413919393e+02
2.550000000000000000e+02 3.593467643467643313e+01 1.040294749694749754e+02
2.550000000000000000e+02 3.601084249084249223e+01 1.041235164835164824e+02
2.550000000000000000e+02 3.604214896214896413e+01 1.041545787545787505e+02
2.550000000000000000e+02 3.610300366300366193e+01 1.043010256410256460e+02
2.550000000000000000e+02 3.614582417582417406e+01 1.041226495726495784e+02
2.550000000000000000e+02 3.615445665445665213e+01 1.041399023199023191e+02
2.550000000000000000e+02 3.624860805860805613e+01 1.041198168498168428e+02
2.550000000000000000e+02 3.616822954822954728e+01 1.040963858363858350e+02
2.550000000000000000e+02 3.613310134310134458e+01 1.040803540903540920e+02
2.550000000000000000e+02 3.629362637362637400e+01 1.040131623931623892e+02
2.550000000000000000e+02 3.637837606837607041e+01 1.040422588522588541e+02
2.550000000000000000e+02 3.647056166056166404e+01 1.040408913308913270e+02
2.550000000000000000e+02 3.648691086691086838e+01 1.041206593406593441e+02
2.550000000000000000e+02 3.665362637362637344e+01 1.042198046398046358e+02
2.550000000000000000e+02 3.666769230769230603e+01 1.043131868131868174e+02
2.550000000000000000e+02 3.663866910866910587e+01 1.043846275946275881e+02
2.550000000000000000e+02 3.668855921855922020e+01 1.044734920634920599e+02
2.550000000000000000e+02 3.672439560439560324e+01 1.046216117216117283e+02
2.550000000000000000e+02 3.666020757020756804e+01 1.045869963369963358e+02
2.550000000000000000e+02 3.668242979242979374e+01 1.045203296703296729e+02
2.550000000000000000e+02 3.666634920634920292e+01 1.045360439560439545e+02
2.550000000000000000e+02 3.674271062271062505e+01 1.045762148962148927e+02
2.550000000000000000e+02 3.675761904761904475e+01 1.046964468864468927e+02
2.550000000000000000e+02 3.680899877899877737e+01 1.047181318681318629e+02
2.550000000000000000e+02 3.686054945054944909e+01 1.047318803418803412e+02
2.550000000000000000e+02 3.690101343101343190e+01 1.047049450549450569e+02
2.550000000000000000e+02 3.702024420024419982e+01 1.047996336996337021e+02
2.550000000000000000e+02 3.713967032967033077e+01 1.049222344322344327e+02
2.550000000000000000e+02 3.725218559218559022e+01 1.049228815628815568e+02
2.550000000000000000e+02 3.746721611721611822e+01 1.050070451770451712e+02
2.550000000000000000e+02 3.761827838827839088e+01 1.050352380952380997e+02
2.550000000000000000e+02 3.775213675213674946e+01 1.050338827838827882e+02
2.550000000000000000e+02 3.779815628815628514e+01 1.050534310134310090e+02
2.550000000000000000e+02 3.791434676434676732e+01 1.051067643467643506e+02
2.550000000000000000e+02 3.799420024420024333e+01 1.052622710622710684e+02
2.550000000000000000e+02 3.790504273504273414e+01 1.050503785103785077e+02
2.550000000000000000e+02 3.733616605616605710e+01 1.045313186813186803e+02
2.550000000000000000e+02 3.681241758241758077e+01 1.039835409035408986e+02
2.550000000000000000e+02 3.638594627594627440e+01 1.035716361416361480e+02
2.550000000000000000e+02 3.598754578754578404e+01 1.034257631257631260e+02
2.550000000000000000e+02 3.604250305250305075e+01 1.035300488400488348e+02
2.550000000000000000e+02 3.615481074481074586e+01 1.038380952380952351e+02
2.550000000000000000e+02 3.628847374847374851e+01 1.039675579975580035e+02
2.550000000000000000e+02 3.636875457875457585e+01 1.040890598290598348e+02
2.550000000000000000e+02 3.647155067155067343e+01 1.038332722832722794e+02
2.550000000000000000e+02 3.655526251526251258e+01 1.038300976800976798e+02
2.550000000000000000e+02 3.667322344322344208e+01 1.039983150183150116e+02
2.550000000000000000e+02 3.675689865689865599e+01 1.041262881562881546e+02
2.550000000000000000e+02 3.673335775335775111e+01 1.041067155067155028e+02
2.550000000000000000e+02 3.663565323565323695e+01 1.040301343101343150e+02
2.550000000000000000e+02 3.664238095238095383e+01 1.039698046398046358e+02
2.550000000000000000e+02 3.661803418803418708e+01 1.041580830280830270e+02
2.550000000000000000e+02 3.665672771672771546e+01 1.041767765567765593e+02
2.550000000000000000e+02 3.670520146520146199e+01 1.041216849816849788e+02
2.550000000000000000e+02 3.665328449328449523e+01 1.040899389499389542e+02
2.550000000000000000e+02 3.664170940170939872e+01 1.040525763125763063e+02
2.550000000000000000e+02 3.666897435897435997e+01 1.040673382173382180e+02
2.550000000000000000e+02 3.669318681318681286e+01 1.039622222222222234e+02
2.550000000000000000e+02 3.669435897435897687e+01 1.038577777777777840e+02
2.550000000000000000e+02 3.670262515262515279e+01 1.039047496947496967e+02
2.550000000000000000e+02 3.679731379731379803e+01 1.039388156288156324e+02
2.550000000000000000e+02 3.688549450549450626e+01 1.039743589743589780e+02
2.550000000000000000e+02 3.693746031746032088e+01 1.039576556776556799e+02
2.550000000000000000e+02 3.702039072039072209e+01 1.040435653235653177e+02
2.550000000000000000e+02 3.705119658119657799e+01 1.039729304029304018e+02
2.550000000000000000e+02 3.710389499389499690e+01 1.039688766788766827e+02
2.550000000000000000e+02 3.711600732600732755e+01 1.040363369963369991e+02
2.550000000000000000e+02 3.717135531135531323e+01 1.040146520146520146e+02
2.550000000000000000e+02 3.718540903540903741e+01 1.040120757020757054e+02
2.550000000000000000e+02 3.719968253968254146e+01 1.042175824175824204e+02
2.550000000000000000e+02 3.730275946275946097e+01 1.045208302808302818e+02
2.550000000000000000e+02 3.741945054945055205e+01 1.046311721611721595e+02
2.550000000000000000e+02 3.740600732600732670e+01 1.046957875457875389e+02
2.550000000000000000e+02 3.716693528693528492e+01 1.044562026862026869e+02
2.550000000000000000e+02 3.671150183150183466e+01 1.041582051282051253e+02
2.550000000000000000e+02 3.625349206349206099e+01 1.038485958485958491e+02
2.550000000000000000e+02 3.607002442002441711e+01 1.036826862026861988e+02
2.550000000000000000e+02 3.599506715506715437e+01 1.036795726495726484e+02
2.550000000000000000e+02 3.605862026862026681e+01 1.036578510378510316e+02
2.550000000000000000e+02 3.614263736263736604e+01 1.037243345543345612e+02
2.550000000000000000e+02 3.629768009768010018e+01 1.038377411477411414e+02
2.550000000000000000e+02 3.644658119658119944e+01 1.037742368742368768e+02
2.550000000000000000e+02 3.644365079365079652e+01 1.038210622710622744e+02
2.550000000000000000e+02 3.649810744810744723e+01 1.037888766788766759e+02
2.550000000000000000e+02 3.650427350427350603e+01 1.036725885225885264e+02
2.550000000000000000e+02 3.652688644688644359e+01 1.036317704517704499e+02
2.550000000000000000e+02 3.643252747252747525e+01 1.035202930402930406e+02
2.550000000000000000e+02 3.642537240537240706e+01 1.033420879120879050e+02
2.550000000000000000e+02 3.642667887667887783e+01 1.034039072039072096e+02
2.550000000000000000e+02 3.641128205128205053e+01 1.035989621489621442e+02
2.550000000000000000e+02 3.644990231990232132e+01 1.036979975579975530e+02
2.550000000000000000e+02 3.643672771672771660e+01 1.037255921855921912e+02
2.550000000000000000e+02 3.651289377289377569e+01 1.037641147741147734e+02
2.550000000000000000e+02 3.659396825396825648e+01 1.038562759462759431e+02
2.550000000000000000e+02 3.662783882783882916e+01 1.040393528693528680e+02
2.550000000000000000e+02 3.666882783882783770e+01 1.042157387057387012e+02
2.550000000000000000e+02 3.665126984126984411e+01 1.042969352869352804e+02
2.550000000000000000e+02 3.670553113553113889e+01 1.044358974358974308e+02
2.550000000000000000e+02 3.668993894993894855e+01 1.042903663003663013e+02
2.550000000000000000e+02 3.660417582417582594e+01 1.043321245421245465e+02
2.550000000000000000e+02 3.653815628815628713e+01 1.043634310134310113e+02
2.550000000000000000e+02 3.647986568986569011e+01 1.043773748473748526e+02
2.550000000000000000e+02 3.656890109890110097e+01 1.044641147741147762e+02
2.550000000000000000e+02 3.665315018315018136e+01 1.045420390720390742e+02
2.550000000000000000e+02 3.684991452991452832e+01 1.045270329670329659e+02
2.550000000000000000e+02 3.693540903540903741e+01 1.043453724053724017e+02
2.550000000000000000e+02 3.669282051282051071e+01 1.040083028083028154e+02
2.550000000000000000e+02 3.633799755799756070e+01 1.035367399267399264e+02
2.550000000000000000e+02 3.595046398046397940e+01 1.031737973137973086e+02
2.550000000000000000e+02 3.580868131868131599e+01 1.029225885225885264e+02
2.550000000000000000e+02 3.574194139194138842e+01 1.028920879120879164e+02
2.550000000000000000e+02 3.587307692307692264e+01 1.031025152625152685e+02
2.550000000000000000e+02 3.600194139194139353e+01 1.033317216117216049e+02
2.550000000000000000e+02 3.609820512820513017e+01 1.034329914529914589e+02
2.550000000000000000e+02 3.628780219780220051e+01 1.034614896214896191e+02
2.550000000000000000e+02 3.639481074481074785e+01 1.035379487179487228e+02
2.550000000000000000e+02 3.650653235653235384e+01 1.036014896214896197e+02
2.550000000000000000e+02 3.650426129426129762e+01 1.036027106227106174e+02
2.550000000000000000e+02 3.653736263736264078e+01 1.036383272283272277e+02
2.550000000000000000e+02 3.654319902319902269e+01 1.036698901098901047e+02
2.550000000000000000e+02 3.653758241758242065e+01 1.036799511599511590e+02
2.550000000000000000e+02 3.657556776556776867e+01 1.036331013431013446e+02
2.550000000000000000e+02 3.663500610500610577e+01 1.037448717948717984e+02
2.550000000000000000e+02 3.674949938949939110e+01 1.037819047619047552e+02
2.550000000000000000e+02 3.679384615384615387e+01 1.039351159951159929e+02
2.550000000000000000e+02 3.695650793650793986e+01 1.039772893772893809e+02
2.550000000000000000e+02 3.698804639804640004e+01 1.040588766788766719e+02
2.550000000000000000e+02 3.705588522588522693e+01 1.041250549450549414e+02
2.550000000000000000e+02 3.711802197802197867e+01 1.041726739926739924e+02
2.550000000000000000e+02 3.703336996336996378e+01 1.041673137973137955e+02
2.550000000000000000e+02 3.706295482295482202e+01 1.040901465201465186e+02
2.550000000000000000e+02 3.704877899877899949e+01 1.041294383394383374e+02
2.550000000000000000e+02 3.709301587301587233e+01 1.041189133089133065e+02
2.550000000000000000e+02 3.712537240537240280e+01 1.041329670329670307e+02
2.550000000000000000e+02 3.717925518925518702e+01 1.041644078144078094e+02
2.550000000000000000e+02 3.733799755799756070e+01 1.041400122100122161e+02
2.550000000000000000e+02 3.736137973137973489e+01 1.042383150183150207e+02
2.550000000000000000e+02 3.744622710622710571e+01 1.042794261294261275e+02
2.550000000000000000e+02 3.755473748473748685e+01 1.042879731379731396e+02
2.550000000000000000e+02 3.757161172161172402e+01 1.042925152625152663e+02
2.550000000000000000e+02 3.768918192918192744e+01 1.044101831501831441e+02
2.550000000000000000e+02 3.770105006105006140e+01 1.044971916971916954e+02
2.550000000000000000e+02 3.774655677655677977e+01 1.045173260073260053e+02
2.550000000000000000e+02 3.785192918192917944e+01 1.045526617826617866e+02
2.550000000000000000e+02 3.762048840048839793e+01 1.044441025641025647e+02
2.550000000000000000e+02 3.702336996336996577e+01 1.038773870573870539e+02
2.550000000000000000e+02 3.633444444444444343e+01 1.031626739926739873e+02
2.550000000000000000e+02 3.589551892551892820e+01 1.028108180708180726e+02
2.550000000000000000e+02 3.569761904761904958e+01 1.025632478632478666e+02
2.550000000000000000e+02 3.564769230769231001e+01 1.025662881562881523e+02
2.550000000000000000e+02 3.568471306471306548e+01 1.025446275946275989e+02
2.550000000000000000e+02 3.567297924297924538e+01 1.026189010989011052e+02
2.550000000000000000e+02 3.569155067155067229e+01 1.025814163614163590e+02
2.550000000000000000e+02 3.566987789987790336e+01 1.025679487179487239e+02
2.550000000000000000e+02 3.556153846153846132e+01 1.026553113553113548e+02
2.550000000000000000e+02 3.563706959706959765e+01 1.028186935286935295e+02
2.550000000000000000e+02 3.569573870573870522e+01 1.029762637362637321e+02
2.550000000000000000e+02 3.569548229548229301e+01 1.029672771672771603e+02
2.550000000000000000e+02 3.570117216117215975e+01 1.029560927960927899e+02
2.550000000000000000e+02 3.567923076923077019e+01 1.029842612942612874e+02
2.550000000000000000e+02 3.570101343101342906e+01 1.030166422466422489e+02
2.550000000000000000e+02 3.573919413919414012e+01 1.029905616605616672e+02
2.550000000000000000e+02 3.584202686202686294e+01 1.031604761904761887e+02
2.550000000000000000e+02 3.595247863247863052e+01 1.033856043956043891e+02
2.550000000000000000e+02 3.596573870573870835e+01 1.034401831501831452e+02
2.550000000000000000e+02 3.606526251526251770e+01 1.033849694749694805e+02
2.550000000000000000e+02 3.614780219780219994e+01 1.034753479853479803e+02
2.550000000000000000e+02 3.625134310134310311e+01 1.036454700854700803e+02
2.550000000000000000e+02 3.631338217338217333e+01 1.037039072039072067e+02
2.550000000000000000e+02 3.632777777777777573e+01 1.036865567765567704e+02
2.550000000000000000e+02 3.637234432234432546e+01 1.035733333333333377e+02
2.550000000000000000e+02 3.644916971916971704e+01 1.036325396825396865e+02
2.550000000000000000e+02 3.651404151404151577e+01 1.036779731379731402e+02
2.550000000000000000e+02 3.654256410256409993e+01 1.037122832722832726e+02
2.550000000000000000e+02 3.662333333333333485e+01 1.037250427350427344e+02
2.550000000000000000e+02 3.663648351648351564e+01 1.037774603174603243e+02
2.550000000000000000e+02 3.674115995115995048e+01 1.038267277167277172e+02
2.550000000000000000e+02 3.685919413919413756e+01 1.040046275946275927e+02
2.550000000000000000e+02 3.690518925518925641e+01 1.039417216117216185e+02
2.550000000000000000e+02 3.693107448107448221e+01 1.039363736263736229e+02
2.550000000000000000e+02 3.698863247863248205e+01 1.039826373626373623e+02
2.550000000000000000e+02 3.707399267399267728e+01 1.040121123321123378e+02
2.550000000000000000e+02 3.717400488400488712e+01 1.040803296703296752e+02
2.550000000000000000e+02 3.723529914529914464e+01 1.041689133089133037e+02
2.550000000000000000e+02 3.731189255189255505e+01 1.041042002442002428e+02
2.550000000000000000e+02 3.742129426129426406e+01 1.041526984126984132e+02
2.550000000000000000e+02 3.752185592185592355e+01 1.043063614163614119e+02
2.550000000000000000e+02 3.730643467643467659e+01 1.041187545787545758e+02
2.550000000000000000e+02 3.687340659340659244e+01 1.036831501831501896e+02
2.550000000000000000e+02 3.640959706959706921e+01 1.033208791208791268e+02
2.550000000000000000e+02 3.610429792429792428e+01 1.030011111111111148e+02
2.550000000000000000e+02 3.599284493284493180e+01 1.029216727716727746e+02
2.550000000000000000e+02 3.602553113553113207e+01 1.029654456654456709e+02
2.550000000000000000e+02 3.608339438339438487e+01 1.029975335775335736e+02
2.550000000000000000e+02 3.608531135531135448e+01 1.030202075702075746e+02
2.550000000000000000e+02 3.604844932844932970e+01 1.030342612942612988e+02
2.550000000000000000e+02 3.602015873015872671e+01 1.031219658119658078e+02
2.550000000000000000e+02 3.600884004884004952e+01 1.031439560439560381e+02
2.550000000000000000e+02 3.614930402930402664e+01 1.032035164835164807e+02
2.550000000000000000e+02 3.617167277167277462e+01 1.032788400488400526e+02
2.550000000000000000e+02 3.632588522588522295e+01 1.031997435897435906e+02
2.550000000000000000e+02 3.636334554334554525e+01 1.031890964590964614e+02
2.550000000000000000e+02 3.636329670329670449e+01 1.030924420024419987e+02
2.550000000000000000e+02 3.631208791208791098e+01 1.030648229548229580e+02
2.550000000000000000e+02 3.625000000000000000e+01 1.031716117216117254e+02
2.550000000000000000e+02 3.635575091575091733e+01 1.032383638583638543e+02
2.550000000000000000e+02 3.637982905982905635e+01 1.033262271062271083e+02
2.550000000000000000e+02 3.638214896214896044e+01 1.033111843711843676e+02
2.550000000000000000e+02 3.644503052503052487e+01 1.034189743589743529e+02
2.550000000000000000e+02 3.642699633699633921e+01 1.034270818070818052e+02
2.550000000000000000e+02 3.638123321123320864e+01 1.035012576312576300e+02
2.550000000000000000e+02 3.645134310134309885e+01 1.035855555555555583e+02
2.550000000000000000e+02 3.654665445665445844e+01 1.037762881562881603e+02
2.550000000000000000e+02 3.657457875457875218e+01 1.037596947496947450e+02
2.550000000000000000e+02 3.655554334554334872e+01 1.037435897435897374e+02
2.550000000000000000e+02 3.657061050061049912e+01 1.037610989010989044e+02
2.550000000000000000e+02 3.661407814407814243e+01 1.038032600732600770e+02
2.550000000000000000e+02 3.662059829059828786e+01 1.037775946275946239e+02
2.550000000000000000e+02 3.658903540903541085e+01 1.037520390720390679e+02
2.550000000000000000e+02 3.666625152625152850e+01 1.037793894993894952e+02
2.550000000000000000e+02 3.680487179487179361e+01 1.039165323565323575e+02
2.550000000000000000e+02 3.689881562881562616e+01 1.039159218559218516e+02
2.550000000000000000e+02 3.700006105006104917e+01 1.039483394383394312e+02
2.550000000000000000e+02 3.709374847374847661e+01 1.039877045177045147e+02
2.550000000000000000e+02 3.716078144078144163e+01 1.042770573870573827e+02
2.550000000000000000e+02 3.720020757020756719e+01 1.044627594627594647e+02
2.550000000000000000e+02 3.732842490842490690e+01 1.045893284493284483e+02
2.550000000000000000e+02 3.745583638583638475e+01 1.046133943833943789e+02
2.550000000000000000e+02 3.761151404151404165e+01 1.047068742368742420e+02
2.550000000000000000e+02 3.772194139194139240e+01 1.049206715506715568e+02
2.550000000000000000e+02 3.763914529914529794e+01 1.049565934065934130e+02
2.550000000000000000e+02 3.720056166056166091e+01 1.046059706959706972e+02
2.550000000000000000e+02 3.656663003663003764e+01 1.041529059829059776e+02
2.550000000000000000e+02 3.614096459096459313e+01 1.036658608058608024e+02
2.550000000000000000e+02 3.598223443223443496e+01 1.034076678876678841e+02
2.550000000000000000e+02 3.604161172161172288e+01 1.033136996336996276e+02
2.550000000000000000e+02 3.628622710622710912e+01 1.033922710622710639e+02
2.550000000000000000e+02 3.635319902319902496e+01 1.035271916971916966e+02
2.550000000000000000e+02 3.637485958485958548e+01 1.034989010989011007e+02
2.550000000000000000e+02 3.630140415140414945e+01 1.035144566544566516e+02
2.550000000000000000e+02 3.636048840048839992e+01 1.035500610500610463e+02
2.550000000000000000e+02 3.633645909645909455e+01 1.036271550671550727e+02
2.550000000000000000e+02 3.638869352869352980e+01 1.035812332112332115e+02
2.550000000000000000e+02 3.638841269841270076e+01 1.036037851037850999e+02
2.550000000000000000e+02 3.647194139194139240e+01 1.034964590964590911e+02
2.550000000000000000e+02 3.650449328449328590e+01 1.034254212454212478e+02
2.550000000000000000e+02 3.658225885225885321e+01 1.032178021978022002e+02
2.550000000000000000e+02 3.659548229548229870e+01 1.031988034188034220e+02
2.550000000000000000e+02 3.665562881562881614e+01 1.033011721611721612e+02
2.550000000000000000e+02 3.662968253968254118e+01 1.033355677655677596e+02
2.550000000000000000e+02 3.664156288156288355e+01 1.034642124542124577e+02
2.550000000000000000e+02 3.666013431013431045e+01 1.037136263736263686e+02
2.550000000000000000e+02 3.669533577533577784e+01 1.039900854700854751e+02
2.550000000000000000e+02 3.687962148962149200e+01 1.041742490842490838e+02
2.550000000000000000e+02 3.697465201465201545e+01 1.042411965811965757e+02
2.550000000000000000e+02 3.700722832722832578e+01 1.042106715506715489e+02
2.550000000000000000e+02 3.710144078144077895e+01 1.043086324786324752e+02
2.550000000000000000e+02 3.729814407814407673e+01 1.043876312576312557e+02
2.550000000000000000e+02 3.735251526251526144e+01 1.045114529914529982e+02
2.550000000000000000e+02 3.753129426129426349e+01 1.043981196581196542e+02
2.550000000000000000e+02 3.778518925518925187e+01 1.044277899877899927e+02
2.550000000000000000e+02 3.794059829059828814e+01 1.046562026862026897e+02
2.550000000000000000e+02 3.801874236874236601e+01 1.048814041514041548e+02
2.550000000000000000e+02 3.805798534798535115e+01 1.050067277167277098e+02
2.550000000000000000e+02 3.805069597069596909e+01 1.048459218559218584e+02
2.550000000000000000e+02 3.808963369963370127e+01 1.048103540903540960e+02
2.550000000000000000e+02 3.822838827838828024e+01 1.049627350427350478e+02
2.550000000000000000e+02 3.841393162393162442e+01 1.051308913308913304e+02
2.550000000000000000e+02 3.860537240537240677e+01 1.054435897435897402e+02
2.550000000000000000e+02 3.875948717948718070e+01 1.053677411477411425e+02
2.550000000000000000e+02 3.855896214896215213e+01 1.049608669108669119e+02
2.550000000000000000e+02 3.825105006105005856e+01 1.045534554334554400e+02
2.550000000000000000e+02 3.808854700854701036e+01 1.043193528693528691e+02
2.550000000000000000e+02 3.807289377289377086e+01 1.042035042735042794e+02
2.550000000000000000e+02 3.798576312576312830e+01 1.041251648351648385e+02
2.550000000000000000e+02 3.811122100122100420e+01 1.043123809523809484e+02
2.550000000000000000e+02 3.824150183150182869e+01 1.043789010989010961e+02
2.550000000000000000e+02 3.830319902319902070e+01 1.046062148962148939e+02
2.550000000000000000e+02 3.845902319902319988e+01 1.046770085470085405e+02
2.550000000000000000e+02 3.855838827838827854e+01 1.046021855921855916e+02
2.550000000000000000e+02 3.868240537240536980e+01 1.045673748473748503e+02
2.550000000000000000e+02 3.869003663003663007e+01 1.044086691086691019e+02
2.550000000000000000e+02 3.859378510378510185e+01 1.042994261294261236e+02
2.550000000000000000e+02 3.855578754578754541e+01 1.041703418803418799e+02
2.550000000000000000e+02 3.857898656898657208e+01 1.041647008547008539e+02
2.550000000000000000e+02 3.847035409035409259e+01 1.040609768009768032e+02
2.550000000000000000e+02 3.839183150183150417e+01 1.040549572649572667e+02
2.550000000000000000e+02 3.832186813186812913e+01 1.039714652014652074e+02
2.550000000000000000e+02 3.834693528693528464e+01 1.039238583638583577e+02
2.550000000000000000e+02 3.841095238095238074e+01 1.040513186813186763e+02
2.550000000000000000e+02 3.844643467643467716e+01 1.040269719169719167e+02
2.550000000000000000e+02 3.854139194139194302e+01 1.040905982905982938e+02
2.550000000000000000e+02 3.856097680097680325e+01 1.041495238095238136e+02
2.550000000000000000e+02 3.860995115995115867e+01 1.041940537240537310e+02
2.550000000000000000e+02 3.848750915750915880e+01 1.043273015873015908e+02
2.550000000000000000e+02 3.841798534798535059e+01 1.043521123321123270e+02
2.550000000000000000e+02 3.829808302808302756e+01 1.044309645909645923e+02
2.550000000000000000e+02 3.818623931623931611e+01 1.043242735042735063e+02
2.550000000000000000e+02 3.819350427350427424e+01 1.042426251526251519e+02
2.550000000000000000e+02 3.825471306471306576e+01 1.041636141636141701e+02
2.550000000000000000e+02 3.839713064713064483e+01 1.040692796092796044e+02
2.550000000000000000e+02 3.860638583638583299e+01 1.041692796092796129e+02
2.550000000000000000e+02 3.873402930402930622e+01 1.043729426129426088e+02
2.550000000000000000e+02 3.885556776556776271e+01 1.044059584859584930e+02
2.550000000000000000e+02 3.899284493284493180e+01 1.043065689865689905e+02
2.550000000000000000e+02 3.872105006105006453e+01 1.038368253968254038e+02
2.550000000000000000e+02 3.828329670329670620e+01 1.033760195360195411e+02
2.550000000000000000e+02 3.799732600732600929e+01 1.031529059829059776e+02
2.550000000000000000e+02 3.773716727716728059e+01 1.028889987789987828e+02
2.550000000000000000e+02 3.759941391941391942e+01 1.028527838827838821e+02
2.550000000000000000e+02 3.753576312576312546e+01 1.029668620268620316e+02
2.550000000000000000e+02 3.763191697191697216e+01 1.031367643467643518e+02
2.550000000000000000e+02 3.767503052503052174e+01 1.031857387057387001e+02
2.550000000000000000e+02 3.774339438339438146e+01 1.031863858363858384e+02
2.550000000000000000e+02 3.776659340659340813e+01 1.033249938949938951e+02
2.550000000000000000e+02 3.781858363858363958e+01 1.035252380952380946e+02
2.550000000000000000e+02 3.784995115995116066e+01 1.036094261294261258e+02
2.550000000000000000e+02 3.785894993894994087e+01 1.035973260073260036e+02
2.550000000000000000e+02 3.782921855921856036e+01 1.035636141636141616e+02
2.550000000000000000e+02 3.782285714285714562e+01 1.032881684981685027e+02
2.550000000000000000e+02 3.788533577533577557e+01 1.032199511599511652e+02
2.550000000000000000e+02 3.798833943833943749e+01 1.033413919413919473e+02
2.550000000000000000e+02 3.811505494505494340e+01 1.033639560439560370e+02
2.550000000000000000e+02 3.827114774114774320e+01 1.035109523809523751e+02
2.550000000000000000e+02 3.836708180708181004e+01 1.035812210012209960e+02
2.550000000000000000e+02 3.840722832722832436e+01 1.036414652014651949e+02
2.550000000000000000e+02 3.846412698412698461e+01 1.035649084249084240e+02
2.550000000000000000e+02 3.849094017094017062e+01 1.037465689865689882e+02
2.550000000000000000e+02 3.876184371184371003e+01 1.039588888888888931e+02
2.550000000000000000e+02 3.867494505494505574e+01 1.041411477411477478e+02
2.550000000000000000e+02 3.876907203907203581e+01 1.042486813186813208e+02
2.550000000000000000e+02 3.883013431013431216e+01 1.043090720390720350e+02
2.550000000000000000e+02 3.885968253968253805e+01 1.043384981684981625e+02
2.550000000000000000e+02 3.897275946275946268e+01 1.044963125763125760e+02
2.550000000000000000e+02 3.923398046398046546e+01 1.046293650793650727e+02
2.550000000000000000e+02 3.945296703296703100e+01 1.048547008547008517e+02
2.550000000000000000e+02 3.953688644688644871e+01 1.049480463980464009e+02
2.550000000000000000e+02 3.960818070818071135e+01 1.049446398046398059e+02
2.550000000000000000e+02 3.970582417582417634e+01 1.049196214896214912e+02
2.550000000000000000e+02 3.980100122100122206e+01 1.049741025641025658e+02
2.550000000000000000e+02 3.992476190476190823e+01 1.052052503052503027e+02
2.550000000000000000e+02 4.006777777777777771e+01 1.054206105006105076e+02
2.550000000000000000e+02 3.998048840048839736e+01 1.053913308913308953e+02
2.550000000000000000e+02 3.930338217338217532e+01 1.049792185592185660e+02
2.550000000000000000e+02 3.867821733821733687e+01 1.044559096459096423e+02
2.550000000000000000e+02 3.836409035409035084e+01 1.041235164835164824e+02
2.550000000000000000e+02 3.819194139194139126e+01 1.040663858363858338e+02
2.550000000000000000e+02 3.816742368742368541e+01 1.041554456654456686e+02
2.550000000000000000e+02 3.819948717948717842e+01 1.041793894993895009e+02
2.550000000000000000e+02 3.825637362637362315e+01 1.043707326007325946e+02
2.550000000000000000e+02 3.828189255189255391e+01 1.044750305250305189e+02
2.550000000000000000e+02 3.838971916971917153e+01 1.044653724053724062e+02
2.550000000000000000e+02 3.836148962148962482e+01 1.044468620268620214e+02
2.550000000000000000e+02 3.843713064713064398e+01 1.044584493284493334e+02
2.550000000000000000e+02 3.837873015873015703e+01 1.044747252747252730e+02
2.550000000000000000e+02 3.828374847374847434e+01 1.044441880341880307e+02
2.550000000000000000e+02 3.824208791208791069e+01 1.043431013431013383e+02
2.550000000000000000e+02 3.828953601953602259e+01 1.042525152625152600e+02
2.550000000000000000e+02 3.824853479853479854e+01 1.043040293040292994e+02
2.550000000000000000e+02 3.826848595848596091e+01 1.042956898656898659e+02
2.550000000000000000e+02 3.824766788766788750e+01 1.043439438339438396e+02
2.550000000000000000e+02 3.834951159951160093e+01 1.044658363858363828e+02
2.550000000000000000e+02 3.845824175824175484e+01 1.045138827838827780e+02
2.550000000000000000e+02 3.842717948717948673e+01 1.046864346764346720e+02
2.550000000000000000e+02 3.845382173382173363e+01 1.048237851037850987e+02
2.550000000000000000e+02 3.860402930402930366e+01 1.048710012210012223e+02
2.550000000000000000e+02 3.863957264957264925e+01 1.049344322344322364e+02
2.550000000000000000e+02 3.869996336996337050e+01 1.049641269841269775e+02
2.550000000000000000e+02 3.882832722832722538e+01 1.050150549450549420e+02
2.550000000000000000e+02 3.879470085470085650e+01 1.051289743589743608e+02
2.550000000000000000e+02 3.878488400488400600e+01 1.052387667887667817e+02
2.550000000000000000e+02 3.895067155067155085e+01 1.053429670329670387e+02
2.550000000000000000e+02 3.895487179487179219e+01 1.053857264957265016e+02
2.550000000000000000e+02 3.911402930402930167e+01 1.055199267399267455e+02
2.550000000000000000e+02 3.923564102564102285e+01 1.055971672771672729e+02
2.550000000000000000e+02 3.928800976800976485e+01 1.056025274725274699e+02
2.550000000000000000e+02 3.933300366300366591e+01 1.056395604395604408e+02
2.550000000000000000e+02 3.936648351648351962e+01 1.056512820512820525e+02
2.550000000000000000e+02 3.902296703296703129e+01 1.052559706959707029e+02
2.550000000000000000e+02 3.846167277167277376e+01 1.047411599511599576e+02
2.550000000000000000e+02 3.819855921855921821e+01 1.042710134310134293e+02
2.550000000000000000e+02 3.800285714285714533e+01 1.039982173382173443e+02
2.550000000000000000e+02 3.790008547008547168e+01 1.040329792429792377e+02
2.550000000000000000e+02 3.793352869352869305e+01 1.040983394383394369e+02
2.550000000000000000e+02 3.793792429792429743e+01 1.042512087912087964e+02
2.550000000000000000e+02 3.791837606837606955e+01 1.042357387057387115e+02
2.550000000000000000e+02 3.798573870573870437e+01 1.041896092796092859e+02
2.550000000000000000e+02 3.808700854700854421e+01 1.043212698412698387e+02
2.550000000000000000e+02 3.818137973137972807e+01 1.044070940170940105e+02
2.550000000000000000e+02 3.829128205128205309e+01 1.043897191697191715e+02
2.550000000000000000e+02 3.842181929181928979e+01 1.043653113553113485e+02
2.550000000000000000e+02 3.842737484737484976e+01 1.043490598290598257e+02
2.550000000000000000e+02 3.842343101343101353e+01 1.042836019536019592e+02
2.550000000000000000e+02 3.842820512820512846e+01 1.042663736263736212e+02
2.550000000000000000e+02 3.853179487179487239e+01 1.041872527472527423e+02
2.550000000000000000e+02 3.875559218559218522e+01 1.042220024420024487e+02
2.550000000000000000e+02 3.882317460317459989e+01 1.043603663003662945e+02
2.550000000000000000e+02 3.897257631257631516e+01 1.045026251526251571e+02
2.550000000000000000e+02 3.907079365079365374e+01 1.046077533577533529e+02
2.550000000000000000e+02 3.915214896214896356e+01 1.048276678876678858e+02
2.550000000000000000e+02 3.928827838827838548e+01 1.049681074481074461e+02
2.550000000000000000e+02 3.929026862026861977e+01 1.050936019536019472e+02
2.550000000000000000e+02 3.933869352869352554e+01 1.051223199023199015e+02
2.550000000000000000e+02 3.933775335775335691e+01 1.051395482295482253e+02
2.550000000000000000e+02 3.933378510378510384e+01 1.051459340659340711e+02
2.550000000000000000e+02 3.935935286935286825e+01 1.050664468864468830e+02
2.550000000000000000e+02 3.945637362637362600e+01 1.050802197802197782e+02
2.550000000000000000e+02 3.950223443223443098e+01 1.050653724053724005e+02
2.550000000000000000e+02 3.956560439560439590e+01 1.052358974358974422e+02
2.550000000000000000e+02 3.971995115995115810e+01 1.052293528693528657e+02
2.550000000000000000e+02 3.986902319902319647e+01 1.054798534798534746e+02
2.550000000000000000e+02 4.000496947496947797e+01 1.055009768009768010e+02
2.550000000000000000e+02 4.001803418803418566e+01 1.055706959706959651e+02
2.550000000000000000e+02 4.011584859584859686e+01 1.055480097680097629e+02
2.550000000000000000e+02 4.013072039072039132e+01 1.055455311355311352e+02
2.550000000000000000e+02 3.997004884004883962e+01 1.055019658119658175e+02
2.550000000000000000e+02 3.932333333333333059e+01 1.050034065934065950e+02
2.550000000000000000e+02 3.849689865689865798e+01 1.043003418803418754e+02
2.550000000000000000e+02 3.815645909645909484e+01 1.039745299145299100e+02
2.550000000000000000e+02 3.791246642246642296e+01 1.039255921855921798e+02
2.550000000000000000e+02 3.782926739926740112e+01 1.038798046398046466e+02
2.550000000000000000e+02 3.789915750915751147e+01 1.038861050061050122e+02
2.550000000000000000e+02 3.795700854700854876e+01 1.039788034188034231e+02
2.550000000000000000e+02 3.807555555555555316e+01 1.040710012210012252e+02
2.550000000000000000e+02 3.815478632478632193e+01 1.041188400488400418e+02
2.550000000000000000e+02 3.833300366300366591e+01 1.040680463980463912e+02
2.550000000000000000e+02 3.841196581196581405e+01 1.042446153846153862e+02
2.550000000000000000e+02 3.844332112332112672e+01 1.041714285714285779e+02
2.550000000000000000e+02 3.855153846153846331e+01 1.042713064713064739e+02
2.550000000000000000e+02 3.842774114774114480e+01 1.042669963369963426e+02
2.550000000000000000e+02 3.840982905982905748e+01 1.043378632478632539e+02
2.550000000000000000e+02 3.833914529914530078e+01 1.043843711843711901e+02
2.550000000000000000e+02 3.835641025641025692e+01 1.044453113553113610e+02
2.550000000000000000e+02 3.847527472527472270e+01 1.045601098901098851e+02
2.550000000000000000e+02 3.871755799755799643e+01 1.046147252747252736e+02
2.550000000000000000e+02 3.894108669108668863e+01 1.045791330891330944e+02
2.550000000000000000e+02 3.906816849816849668e+01 1.046761782661782689e+02
2.550000000000000000e+02 3.923702075702075831e+01 1.046978021978022042e+02
2.550000000000000000e+02 3.933136752136751824e+01 1.047784004884004929e+02
2.550000000000000000e+02 3.941159951159951191e+01 1.048570207570207629e+02
2.550000000000000000e+02 3.953737484737484920e+01 1.050044078144078128e+02
2.550000000000000000e+02 3.959544566544566635e+01 1.051001831501831560e+02
2.550000000000000000e+02 3.955172161172161083e+01 1.051462271062271014e+02
2.550000000000000000e+02 3.957556776556776867e+01 1.051486324786324786e+02
2.550000000000000000e+02 3.962279609279609360e+01 1.050927228327228278e+02
2.550000000000000000e+02 3.968995115995115697e+01 1.051752014652014680e+02
2.550000000000000000e+02 3.971294261294261219e+01 1.052391941391941401e+02
2.550000000000000000e+02 3.974501831501831361e+01 1.053111233211233184e+02
2.550000000000000000e+02 3.984703296703296616e+01 1.054092185592185587e+02
2.550000000000000000e+02 4.012531135531135362e+01 1.054164835164835097e+02
2.550000000000000000e+02 4.016943833943833653e+01 1.054794993894993951e+02
2.550000000000000000e+02 4.017009768009768322e+01 1.055298290598290549e+02
2.550000000000000000e+02 4.024393162393162271e+01 1.055231990231990267e+02
2.550000000000000000e+02 4.029669108669108368e+01 1.055650427350427378e+02
2.550000000000000000e+02 4.027720390720390498e+01 1.056189865689865712e+02
2.550000000000000000e+02 4.029708180708180976e+01 1.056865567765567704e+02
2.550000000000000000e+02 4.034560439560439704e+01 1.056272405372405387e+02
2.550000000000000000e+02 4.007974358974359319e+01 1.054450183150183165e+02
2.550000000000000000e+02 3.939238095238095383e+01 1.048188522588522602e+02
2.550000000000000000e+02 3.881786324786325082e+01 1.042375335775335827e+02
2.550000000000000000e+02 3.843579975579975638e+01 1.038798046398046466e+02
2.550000000000000000e+02 3.832241758241758589e+01 1.038215873015873001e+02
2.550000000000000000e+02 3.829526251526251457e+01 1.038361538461538487e+02
2.550000000000000000e+02 3.838377289377289259e+01 1.038528449328449312e+02
2.550000000000000000e+02 3.846387057387057240e+01 1.039418559218559182e+02
2.550000000000000000e+02 3.852236874236874087e+01 1.039616117216117175e+02
2.550000000000000000e+02 3.844272283272282920e+01 1.039731501831501816e+02
2.550000000000000000e+02 3.852141636141636383e+01 1.040341880341880341e+02
2.550000000000000000e+02 3.857731379731379917e+01 1.040432112332112382e+02
2.550000000000000000e+02 3.862700854700855047e+01 1.041482417582417526e+02
2.550000000000000000e+02 3.862761904761904930e+01 1.041161660561660511e+02
2.550000000000000000e+02 3.859898656898656810e+01 1.041201587301587352e+02
2.550000000000000000e+02 3.862843711843711958e+01 1.040633821733821804e+02
2.550000000000000000e+02 3.863373626373626024e+01 1.040746520146520169e+02
2.550000000000000000e+02 3.866599511599511629e+01 1.041072649572649595e+02
