2.549066274304489923e+02 2.383975736130418355e+01 1.106684298893322023e+02
2.549245545305194014e+02 2.426648733548771375e+01 1.112571897961762772e+02
2.549303858027477361e+02 2.566922424220541288e+01 1.118383672437760623e+02
2.549353505082053175e+02 2.804154104457402852e+01 1.130001624812695269e+02
2.549461464858912052e+02 2.980370457294506181e+01 1.141336498709176510e+02
2.549595782708382217e+02 3.044021591955371875e+01 1.145394558682818484e+02
2.549609864418407312e+02 2.962031738007979698e+01 1.144314419309996254e+02
2.549636403025762377e+02 2.688498131465400576e+01 1.137382607282771545e+02
2.549622140780993220e+02 2.516930548284017277e+01 1.134404867216695862e+02
2.549626293080103210e+02 2.480480583488292368e+01 1.139073856763734227e+02
2.549690743983679795e+02 2.507721470997093505e+01 1.141595024462457815e+02
2.549757541838926898e+02 2.630425520391399274e+01 1.147755592063692660e+02
2.549851780975248801e+02 2.788590204184795240e+01 1.155262226715531426e+02
2.549853586322687704e+02 2.950455850228376420e+01 1.160836959072773595e+02
2.549888971132494362e+02 3.229551732230867600e+01 1.165519669260349218e+02
2.549861168781932008e+02 3.456841364120524673e+01 1.173415175750573241e+02
2.549893484501092189e+02 3.710564893213698667e+01 1.179870556588615500e+02
2.549920023108447253e+02 3.867315989962268219e+01 1.183318228593092698e+02
2.549935188026935862e+02 3.948233467530826601e+01 1.184264230651188825e+02
2.549932480005777222e+02 4.002410138831218234e+01 1.185798234370204511e+02
2.549937896048094501e+02 4.048444693181203036e+01 1.187380621400588581e+02
2.549948547597985282e+02 4.138589301511076002e+01 1.190419923814338006e+02
2.549976169413803575e+02 4.320763300897257864e+01 1.190645231174739536e+02
2.549969489628279007e+02 4.459849072954089877e+01 1.193850625552887692e+02
2.549973822462132773e+02 4.440797241429113029e+01 1.191812388294127203e+02
2.549942409416692328e+02 3.626894260800491310e+01 1.167459695618421733e+02
2.549736960878121010e+02 2.606710476431189250e+01 1.132829882110812179e+02
2.549585311693235496e+02 2.168960661479301777e+01 1.116655954938527913e+02
2.549569244101027152e+02 2.025442761459443020e+01 1.114152660179451573e+02
2.549591449874528450e+02 2.090855915220884143e+01 1.118646531024895694e+02
2.549628820566518073e+02 2.242521348233467648e+01 1.122854615370728055e+02
2.549675037460959288e+02 2.453705475618782827e+01 1.129478976729071462e+02
2.549772165153183607e+02 2.772755501796320843e+01 1.142732934953331778e+02
2.549829755736491563e+02 3.120277662436135913e+01 1.156082576591865063e+02
2.549848892419346100e+02 3.442100702280153968e+01 1.166997707208752360e+02
2.549905038724702706e+02 3.769213410120777752e+01 1.177759202758570893e+02
2.549916954017800776e+02 3.908822732934953592e+01 1.180867649979238507e+02
2.549924897546532918e+02 3.669043707461501214e+01 1.175720243360834729e+02
2.549868390171688475e+02 3.351537253344405798e+01 1.167362026321965658e+02
2.549861529851419846e+02 3.167162535429943659e+01 1.161057572529833379e+02
2.549904677655214869e+02 3.097203516816811231e+01 1.158609160332906072e+02
2.549905760863678097e+02 3.156065064721705582e+01 1.162521348233467506e+02
2.549891679153653001e+02 3.338426820241555504e+01 1.165991587080933698e+02
2.549907566211117285e+02 3.530988788792402744e+01 1.173892870682962979e+02
2.549956491126717424e+02 3.742938383491902954e+01 1.181203083533425939e+02
2.549971836579949809e+02 4.083493708364174779e+01 1.189394125399433051e+02
2.549992778610243533e+02 4.446325215287681942e+01 1.198620895091260365e+02
2.549995847700890010e+02 4.698685707064324646e+01 1.205195970464515938e+02
2.549997833583072975e+02 4.901919084327779075e+01 1.210571211929735824e+02
2.549997111444097300e+02 5.009600837681211516e+01 1.211327652506724917e+02
2.549992056471267858e+02 5.092285750392662891e+01 1.213893051217706898e+02
2.549994403422938660e+02 5.156296149193912015e+01 1.214566806881984462e+02
2.549997291978841361e+02 5.251844162409055627e+01 1.214086584463180003e+02
2.549992056471267858e+02 5.344003538480980353e+01 1.216804535032767092e+02
2.549995125561914335e+02 5.231817443266956502e+01 1.213884385549999081e+02
2.549966962141864144e+02 4.213041829900164004e+01 1.191107219584409052e+02
2.549824881298405899e+02 2.887877091946345232e+01 1.151596288205665246e+02
2.549681897781227917e+02 2.421525157516564164e+01 1.133431784947013057e+02
2.549661858424653929e+02 2.361544294199418559e+01 1.130803921214637739e+02
2.549773789965879018e+02 2.390267371955732756e+01 1.132598436569117695e+02
2.549718546334242149e+02 2.583925186402123231e+01 1.140027080211586679e+02
2.549817118304417818e+02 2.887709194634507526e+01 1.149868931775920231e+02
2.549892040223140839e+02 3.286631402213355813e+01 1.162334314238775193e+02
2.549886624180823560e+02 3.683827697640411003e+01 1.175713924644797856e+02
2.549974725135852509e+02 4.183437742593562092e+01 1.189725767723998473e+02
2.549969489628279007e+02 4.479650123666299777e+01 1.198777960318463300e+02
2.549983390803560042e+02 4.475849867306963148e+01 1.199157083280677369e+02
2.549977613691754925e+02 4.132581105233702345e+01 1.191608925637738992e+02
2.549940242999765303e+02 3.626813020165730705e+01 1.179055442219855223e+02
2.549923633803325345e+02 3.309580978859381162e+01 1.168841689083064068e+02
2.549921828455886441e+02 3.260679532776082823e+01 1.165327580292827321e+02
2.549938979256558014e+02 3.308575400335794825e+01 1.167072448592731604e+02
2.549949089202216896e+02 3.411974869563647417e+01 1.170595042515932249e+02
2.549953422036070947e+02 3.624012926287664271e+01 1.177989565091801865e+02
2.549942409416692328e+02 3.888088317596721311e+01 1.183291689985737776e+02
2.549976530483291413e+02 4.117322308678305376e+01 1.190231626076438403e+02
2.549969489628279007e+02 4.344599303135888846e+01 1.195836327201169809e+02
2.549988987380621381e+02 4.570762398223538270e+01 1.205146503944684184e+02
2.549993681283962985e+02 4.718613132097272000e+01 1.208279864960011594e+02
2.549996750374609462e+02 4.850936072647181163e+01 1.211052698091747715e+02
2.549994403422938660e+02 5.028345760141539245e+01 1.217704320196421861e+02
2.549999819465256223e+02 5.194419671065696775e+01 1.219549385279196940e+02
2.549999458395768386e+02 5.352575328121896803e+01 1.220602624975176411e+02
2.549999097326280548e+02 4.985616796952573537e+01 1.212214619703561880e+02
2.549941867812460430e+02 3.548020436533010979e+01 1.172914733440450590e+02
2.549834630174577228e+02 2.575607950750121944e+01 1.140136484266397048e+02
2.549757361304183121e+02 2.294251773753859069e+01 1.131670849054900572e+02
2.549718546334242149e+02 2.255633586683757130e+01 1.128692206315105295e+02
2.549676481738910638e+02 2.328448664945568680e+01 1.130411258146630331e+02
2.549703020346265703e+02 2.492175624198877060e+01 1.135061111010814017e+02
2.549751764727121781e+02 2.710055785235868697e+01 1.142817786282970189e+02
2.549796537343611647e+02 2.929266487335487668e+01 1.150840569767651829e+02
2.549883013485945469e+02 3.222554205556859586e+01 1.164341138452095095e+02
2.549928327706667233e+02 3.561643588308569974e+01 1.176274665559386960e+02
2.549941687277716653e+02 3.757859580076185324e+01 1.181762199635319774e+02
2.549934826957448024e+02 3.684979509306565859e+01 1.181267353902258463e+02
2.549936632304887212e+02 3.415392392265891885e+01 1.174342041125814688e+02
2.549897095195970564e+02 3.141012077774367839e+01 1.163131916737376059e+02
2.549861710386163907e+02 3.036462602227798868e+01 1.155850408911194904e+02
2.549890957014677610e+02 3.003025762307956015e+01 1.154598580996912887e+02
2.549888790597750585e+02 3.023216768067014470e+01 1.156897510425881421e+02
2.549860446642956333e+02 3.135995017241068084e+01 1.160143344586665677e+02
2.549895289848531377e+02 3.285564441876839226e+01 1.165493852791969829e+02
2.549924897546532918e+02 3.504103554729107373e+01 1.173362459605351091e+02
2.549938979256558014e+02 3.713025581773212025e+01 1.180269899442147619e+02
2.549957213265693099e+02 3.889097506815186733e+01 1.187067213085158244e+02
2.549954324709790399e+02 4.028836814644978404e+01 1.190290119333465668e+02
2.549968586954559271e+02 4.196179884818833727e+01 1.191009008683721220e+02
2.549986459894206519e+02 4.261419725226119937e+01 1.192884945207705272e+02
2.549978155295986824e+02 4.312651874853315803e+01 1.192760917838638051e+02
2.549988987380621381e+02 4.349975627809571677e+01 1.194618078749255261e+02
2.549973100323157098e+02 4.343272372768139178e+01 1.193560506219421882e+02
2.549958477008900388e+02 3.912864905851130715e+01 1.182346771136105161e+02
2.549886263111335722e+02 2.891828997490567232e+01 1.155754544962178016e+02
2.549729017349388869e+02 2.174143813977000050e+01 1.132408514018522823e+02
2.549582423137332796e+02 1.883148887003303784e+01 1.118826524164575460e+02
2.549513458865158668e+02 1.810463793757108419e+01 1.119271903377805017e+02
2.549528262714159439e+02 1.922718492173818916e+01 1.118167933418786504e+02
2.549462186997887727e+02 2.042743405968478498e+01 1.121990395551623863e+02
2.549581520463613344e+02 2.315861782600061503e+01 1.131526060190283687e+02
2.549697423769204363e+02 2.639845823328699481e+01 1.146794244552364148e+02
2.549832283222906142e+02 2.960323879330577057e+01 1.156130959903233446e+02
2.549855391670126892e+02 3.322471159574659794e+01 1.168467079489447684e+02
2.549922370060118055e+02 3.595515516961238944e+01 1.177834666281525813e+02
2.549896192522250828e+02 3.663791951761116650e+01 1.178881948330956249e+02
2.549929230380386684e+02 3.454745355743713020e+01 1.172372407069740632e+02
2.549838963008430994e+02 3.136922965824772902e+01 1.162598978173349451e+02
2.549867487497969023e+02 2.899230921990937304e+01 1.154229387445613924e+02
2.549872361936054688e+02 2.877176797674712461e+01 1.152327273383762645e+02
2.549825783972125350e+02 2.982663248542181833e+01 1.154850968568901095e+02
2.549846545467675298e+02 3.135209691105053054e+01 1.160343196548175655e+02
2.549883194020689245e+02 3.346973335018324036e+01 1.166280623205935996e+02
2.549950714014912307e+02 3.591984257370330624e+01 1.175385170876135135e+02
2.549959379682619840e+02 3.889528984853134830e+01 1.182985322525319987e+02
2.549983210268816265e+02 4.144449459298441951e+01 1.192760556769150213e+02
2.549990431658572732e+02 4.404999007058908234e+01 1.201018215955660651e+02
2.549990973262804346e+02 4.589946020111570135e+01 1.205050098391435398e+02
2.549999458395768386e+02 4.749825783972125492e+01 1.209241754075571862e+02
2.549994583957682721e+02 4.993962918163600762e+01 1.215183874636673806e+02
2.549995306096658396e+02 5.134760159592713791e+01 1.220012456897329827e+02
2.549996028235634071e+02 4.898156740264663966e+01 1.215920636926576464e+02
2.549968406419815494e+02 3.740262858587134787e+01 1.183031900489249182e+02
2.549863154664114973e+02 2.553443700240111269e+01 1.147583181383257198e+02
2.549750500983914492e+02 2.165328302431802854e+01 1.133291509450993857e+02
2.549717282591034575e+02 2.102433608347926608e+01 1.131398602661082151e+02
2.549723420772327529e+02 2.209317398133270771e+01 1.136618042642306534e+02
2.549786607932696541e+02 2.410400606596739692e+01 1.144222166055857457e+02
2.549830838944955076e+02 2.774318932678594152e+01 1.153678395407196149e+02
2.549911537975483498e+02 3.205396183495513895e+01 1.163906230254012399e+02
2.549967323211351982e+02 3.730071672293333052e+01 1.179387445613908341e+02
2.549976891552779250e+02 4.200191366828546080e+01 1.193903161163365922e+02
2.549984654546767615e+02 4.421573901897420455e+01 1.199241212471340106e+02
2.549974364066364672e+02 4.309257821667780064e+01 1.196701810763481433e+02
2.549967503746096043e+02 3.882567565127909148e+01 1.185834341318986844e+02
2.549926522359228045e+02 3.387474499467422362e+01 1.172877001678973130e+02
2.549908829954324574e+02 3.123805311332165857e+01 1.165147226083659859e+02
2.549899622682385143e+02 3.079812604935819920e+01 1.162958783917965064e+02
2.549899803217129204e+02 3.217280785687205480e+01 1.162931342636890406e+02
2.549923814338069405e+02 3.416461157949847660e+01 1.166691339748334570e+02
2.549929771984618299e+02 3.648296654691195329e+01 1.173821017854886151e+02
2.549940423534509080e+02 3.926878012673539331e+01 1.179562564315502584e+02
2.549969850697766844e+02 4.194634507410951585e+01 1.187915004242566539e+02
2.549988987380621381e+02 4.351560722861114527e+01 1.195257532812189680e+02
2.549986459894206519e+02 4.558004007871314656e+01 1.200339224783809584e+02
2.549997111444097300e+02 4.775098842772291619e+01 1.206032568467801696e+02
2.549990792728060569e+02 4.893903341698109699e+01 1.209679370294813197e+02
2.549997472513585137e+02 4.984174324348720830e+01 1.211701720496109544e+02
2.549994403422938660e+02 4.498340885703453296e+01 1.203656911772670668e+02
2.549937354443862603e+02 3.139560578433319549e+01 1.165118159989890074e+02
2.549839143543174771e+02 2.349760791464317222e+01 1.139250239208535618e+02
2.549757361304183121e+02 2.116750013540105968e+01 1.130534743911465796e+02
2.549684966871874394e+02 2.097264898629741126e+01 1.129744362802621396e+02
2.549741113177231000e+02 2.281410337419436374e+01 1.133233377263454287e+02
2.549789135419111403e+02 2.519282915997183636e+01 1.140330198046614072e+02
2.549805564080807301e+02 2.761623729486739620e+01 1.146810492679316127e+02
2.549868931775920373e+02 3.100413424563557285e+01 1.157199725587189221e+02
2.549945297972594744e+02 3.537213626762470398e+01 1.169952880431839048e+02
2.549928869310898847e+02 3.902641223303425022e+01 1.180397898575580911e+02
2.549953602570814724e+02 4.063939990251123646e+01 1.185365853658536537e+02
2.549939701395533689e+02 3.917807947139426972e+01 1.180684768283656183e+02
2.549927966637179395e+02 3.487302991460706636e+01 1.170981386867902785e+02
2.549894387174811925e+02 3.172490115722770909e+01 1.160395371089166048e+02
2.549875431026701165e+02 3.088987380621400547e+01 1.156445631961871072e+02
2.549892762362116514e+02 3.092616128974021095e+01 1.153179758444512686e+02
2.549931577332057486e+02 3.188727410590168176e+01 1.157441100539798953e+02
2.549922008990630218e+02 3.357969706269971510e+01 1.162474228665306697e+02
2.549904858189958645e+02 3.519820909534039544e+01 1.165696412774638446e+02
2.549921467386398604e+02 3.632649708436388636e+01 1.174010940405481023e+02
2.549938437652326115e+02 3.783497319059053154e+01 1.179079814410283262e+02
2.549976711018035473e+02 3.999160513440811826e+01 1.184536838114495083e+02
2.549980682782401402e+02 4.222113700781715551e+01 1.190361430557310740e+02
2.549991334332292183e+02 4.386221588344677258e+01 1.196849127114513180e+02
2.549985557220487067e+02 4.492834576014153924e+01 1.199795093065660438e+02
2.549989167915365442e+02 4.467426116156054405e+01 1.199049123503818350e+02
2.549942409416692328e+02 3.648986297412937319e+01 1.175690455128089411e+02
2.549818201512881046e+02 2.512615767904533115e+01 1.140256720405842117e+02
2.549688758101496546e+02 2.078852160098210788e+01 1.125271072917983020e+02
2.549566536079868513e+02 1.948825621490856008e+01 1.117654131537614433e+02
2.549573757469624979e+02 1.949044068530988838e+01 1.116423787257857754e+02
2.549585311693235496e+02 2.085396544565001520e+01 1.122474228665306697e+02
2.549692007726887084e+02 2.252398404072863869e+01 1.129632972865627920e+02
2.549676120669422801e+02 2.451481287573793466e+01 1.136740806268166324e+02
2.549812424401075930e+02 2.710245346716975590e+01 1.146824032785109466e+02
2.549891137549421387e+02 3.025706342185553765e+01 1.158064667545269089e+02
2.549875972630932779e+02 3.215071040421729265e+01 1.161694679641096997e+02
2.549858821830261206e+02 3.240401870339947266e+01 1.164651116607391117e+02
2.549851780975248801e+02 3.098001480384900219e+01 1.157835388420501488e+02
2.549814590818002955e+02 2.855046848766044931e+01 1.152094744633604790e+02
2.549810980123124580e+02 2.672791608745102820e+01 1.148043544980231445e+02
2.549811882796844316e+02 2.622447690057951775e+01 1.145583036955462148e+02
2.549798523225794895e+02 2.689509126031304831e+01 1.147934501994908914e+02
2.549794731996172743e+02 2.795865754364427502e+01 1.151769962629307997e+02
2.549860988247188232e+02 2.956879276416746549e+01 1.156862847755050439e+02
2.549895650918019214e+02 3.227943167662616730e+01 1.164602372226535039e+02
2.549920564712678868e+02 3.474560849235435711e+01 1.173247097903991687e+02
2.549930494123593974e+02 3.654566626347240543e+01 1.179750500983914350e+02
2.549930494123593974e+02 3.847182755321261283e+01 1.181971800473001082e+02
2.549958115939412551e+02 3.911323139138126948e+01 1.185138018811720286e+02
2.549969489628279007e+02 4.063685436262208839e+01 1.188681915834702352e+02
2.549984293477279778e+02 4.189090285425429983e+01 1.193157372136267611e+02
2.549986459894206519e+02 4.258870574642089935e+01 1.195222689606614779e+02
2.549987904172157869e+02 4.001859507862288012e+01 1.187110541423697043e+02
2.549882291346969794e+02 2.955425971728259071e+01 1.155543499846545501e+02
2.549640194255384529e+02 2.173869401166254534e+01 1.126604502536513195e+02
2.549570688378978502e+02 1.877032369879583484e+01 1.116037984510118974e+02
2.549563647523966097e+02 1.820402231409434890e+01 1.112720297521258033e+02
2.549552995974075316e+02 1.886604322001769063e+01 1.116157679045332287e+02
2.549475185499449310e+02 2.064196349587477997e+01 1.119929410915130603e+02
2.549588741853369811e+02 2.255131700095683556e+01 1.126244877326641500e+02
2.549662400028885543e+02 2.496983264429239568e+01 1.137915545846798153e+02
2.549849614558321775e+02 2.810422270766008879e+01 1.148550847610622725e+02
2.549866765358993348e+02 3.099880847069018586e+01 1.157203336282067454e+02
2.549900164286617041e+02 3.209741654781462472e+01 1.164433572240977810e+02
2.549936271235399374e+02 3.152674622231048218e+01 1.163307396508457998e+02
2.549873264609774139e+02 2.912543554006968805e+01 1.157161813290967842e+02
2.549867126428481185e+02 2.683695907277355630e+01 1.150045314220721764e+02
2.549836977126248030e+02 2.603937462764709210e+01 1.148108356953295726e+02
2.549853586322687704e+02 2.654803126861764540e+01 1.148562943438464714e+02
2.549879763860554931e+02 2.808375006770052806e+01 1.154401075987073710e+02
2.549870556588615500e+02 2.944754563015652238e+01 1.160555324872271683e+02
2.549894026105324087e+02 3.193710169522124431e+01 1.167377913379429941e+02
2.549910996371251599e+02 3.461166976584643606e+01 1.174879673593183043e+02
2.549968225885071718e+02 3.751994006246501812e+01 1.182500225668429863e+02
2.549977433157011149e+02 4.022525319997833293e+01 1.187256955101009197e+02
2.549975266740084123e+02 4.213018360383455985e+01 1.194319113213337857e+02
2.549978155295986824e+02 4.368919138488202236e+01 1.197477929627556819e+02
2.549989167915365442e+02 4.584232095466772705e+01 1.202642487046632169e+02
2.549993500749219209e+02 4.701077792421151713e+01 1.209514000469390282e+02
2.549997111444097300e+02 4.790465960174035587e+01 1.212724810889855718e+02
2.549999638930512162e+02 4.829652831687458558e+01 1.213991081583650811e+02
2.549998194652560812e+02 4.377368164503258896e+01 1.204071961148923151e+02
2.549956491126717424e+02 3.029566175010380746e+01 1.166268346843349946e+02
2.549836616056760192e+02 2.240147316351031748e+01 1.140315935801845058e+02
2.549686952754057643e+02 1.986636818255673376e+01 1.134012926287664129e+02
2.549731003231571833e+02 2.026195591341553737e+01 1.131907349569424639e+02
2.549781011355635485e+02 2.169491433626401289e+01 1.137120831904099987e+02
2.549835532848296680e+02 2.412715062013684530e+01 1.147319961726634290e+02
2.549894567709555702e+02 2.757818057085086139e+01 1.157263093282302151e+02
2.549932480005777222e+02 3.146404650575003004e+01 1.170346446173566051e+02
2.549961726634290642e+02 3.577651604051199996e+01 1.181758227870953704e+02
2.549961365564802804e+02 3.976683937823834469e+01 1.193563936379556196e+02
2.549988084706901930e+02 4.147004025924789516e+01 1.199396291816360076e+02
2.549968948024047108e+02 3.875580870538534839e+01 1.190369374086042882e+02
2.549958115939412551e+02 3.431427488220108302e+01 1.175282266072105557e+02
2.549951255619143922e+02 3.096374862342257828e+01 1.166256612084995794e+02
2.549938618187070176e+02 3.017789893665035805e+01 1.162990377498149570e+02
2.549946200646314480e+02 3.038784279034500102e+01 1.163730389413442623e+02
2.549954505244534175e+02 3.132162264627827497e+01 1.168586774024660997e+02
2.549931757866801547e+02 3.315087288548681244e+01 1.170855012547164762e+02
2.549954866314022013e+02 3.559076384250148806e+01 1.181154519687313780e+02
2.549983029734072204e+02 3.813384845913596166e+01 1.188212344965788674e+02
2.549987182033182194e+02 4.064978065028614651e+01 1.193835460634399084e+02
2.549983210268816265e+02 4.293210088281490044e+01 1.198117203155747319e+02
2.549986279359462742e+02 4.434868480439060789e+01 1.202501128342149457e+02
2.549998194652560812e+02 4.572688703941073385e+01 1.203944503619721615e+02
2.549997111444097300e+02 4.695354841039157634e+01 1.208043906049719283e+02
2.549995306096658396e+02 4.754539546135654149e+01 1.208911375494213871e+02
2.549995667166146234e+02 4.775266740084128969e+01 1.212352367713166359e+02
2.549996208770377848e+02 4.786044664295643969e+01 1.213487931252369521e+02
2.549994945027170559e+02 4.306737556642775644e+01 1.202662887472694138e+02
2.549973461392644936e+02 3.033559603545702288e+01 1.167876369807369485e+02
2.549837157660991807e+02 2.287747106930728691e+01 1.144187683919770393e+02
2.549822173277247259e+02 2.069363253958224291e+01 1.136181690166272489e+02
2.549775956382805759e+02 2.065053889621057692e+01 1.135092162986766766e+02
2.549812424401075930e+02 2.193074687223556296e+01 1.137383329421747220e+02
2.549867306963224962e+02 2.431790363055370108e+01 1.145365492589048699e+02
2.549889151667238423e+02 2.683020707335126787e+01 1.154402339730281142e+02
2.549908829954324574e+02 3.070699211063169187e+01 1.165885432651513725e+02
2.549959018613132002e+02 3.520228918055279621e+01 1.175979491253091709e+02
2.549963893051217667e+02 3.879523749345561612e+01 1.185692982614504132e+02
2.549967142676608205e+02 4.024585221425863324e+01 1.189947103320033932e+02
2.549962448773266317e+02 3.812673539022584634e+01 1.182424401075987106e+02
2.549936993374374765e+02 3.436444548753407702e+01 1.171171309418497657e+02
2.549949450271704734e+02 3.188147894062212373e+01 1.162501850481125132e+02
2.549904497120470808e+02 3.070283981152172714e+01 1.159689119170984526e+02
2.549905760863678097e+02 3.093984582332869948e+01 1.160055243631636870e+02
2.549915329205105650e+02 3.229001101261938089e+01 1.162444079363073399e+02
2.549938257117582339e+02 3.390312505641711027e+01 1.169619071690346743e+02
2.549956671661461201e+02 3.589034319654817295e+01 1.176455561372786178e+02
2.549990070589084894e+02 3.834848621617230435e+01 1.183713599682258888e+02
2.549954505244534175e+02 4.083156108393060180e+01 1.191987868065209142e+02
2.549983932407791940e+02 4.353550215739019080e+01 1.198580635843368043e+02
2.549987182033182194e+02 4.599691285587911693e+01 1.202976295788124474e+02
2.549993139679731371e+02 4.818651044393493521e+01 1.203656731237926749e+02
2.549993500749219209e+02 4.920671228177862844e+01 1.208054918669097901e+02
2.549987723637414092e+02 4.972520806629236034e+01 1.208553194562293527e+02
2.549995667166146234e+02 5.024393854597317244e+01 1.207766063078839522e+02
2.549999819465256223e+02 5.014800238305861768e+01 1.214014912169847094e+02
2.549996569839865685e+02 5.093121626256973400e+01 1.216803090754815742e+02
2.549998916791536487e+02 5.122880973443339059e+01 1.217460598292141327e+02
2.549996569839865685e+02 4.829688938636240891e+01 1.209363615027712058e+02
2.549977974761242763e+02 3.631956455019768271e+01 1.178755032405986469e+02
2.549836977126248030e+02 2.544001733133541521e+01 1.146593128847646739e+02
2.549713130291924585e+02 2.126349045873878296e+01 1.134312794497300985e+02
2.549693452004838434e+02 2.026771497174631165e+01 1.130077088335650188e+02
2.549674856926215512e+02 2.047838096441660127e+01 1.130956653607986908e+02
2.549722698633351854e+02 2.197987037605387073e+01 1.135905291473344079e+02
2.549781372425123323e+02 2.409718185264754098e+01 1.142016031485259333e+02
2.549847087071906913e+02 2.639952338827607292e+01 1.152761098373381969e+02
2.549916954017800776e+02 2.894654366232781584e+01 1.161194417865718265e+02
2.549933924283728288e+02 3.181372425123214853e+01 1.167576862667220325e+02
2.549964615190193342e+02 3.376909606253723695e+01 1.175087649618169081e+02
2.549942048347204491e+02 3.407762993988193045e+01 1.173314437363470546e+02
2.549922911664349670e+02 3.195102092397682014e+01 1.169459478976729088e+02
2.549870556588615500e+02 2.968857756675271986e+01 1.158780307270134102e+02
2.549871639797079013e+02 2.819261251827914450e+01 1.157179686230615090e+02
2.549908468884837021e+02 2.827378093914173718e+01 1.158058529363976135e+02
2.549910815836507822e+02 2.912151793612680706e+01 1.156860861872867474e+02
2.549914245996642137e+02 3.070267733025220735e+01 1.163590474986911261e+02
2.549953241501326886e+02 3.335726020472640130e+01 1.169942770486180024e+02
2.549944395298875293e+02 3.574481413948114294e+01 1.177900019858821850e+02
2.549969670163022784e+02 3.836088895307901936e+01 1.185767904533227437e+02
2.549979599573937890e+02 4.055424166380819884e+01 1.194175949161416099e+02
2.549995667166146234e+02 4.272648986297412677e+01 1.201614883284288027e+02
2.549992598075499757e+02 4.444377245400877285e+01 1.205989962268238571e+02
2.549996028235634071e+02 4.661661641782961141e+01 1.210669061760935961e+02
2.549998194652560812e+02 4.787743496235850671e+01 1.213766135292737118e+02
2.549995486631402173e+02 4.840656424328862073e+01 1.214070877940459638e+02
2.549999458395768386e+02 4.943563033705837029e+01 1.218200249137946543e+02
2.550000000000000000e+02 5.058800166091964456e+01 1.220863136610640680e+02
2.549999819465256223e+02 5.187389648137784093e+01 1.225602354173060604e+02
2.549997291978841361e+02 5.282251629326064091e+01 1.228264519506779067e+02
2.549999819465256223e+02 5.055909804841941479e+01 1.221585636655774465e+02
2.549994764492426498e+02 3.761892726255167929e+01 1.187137982704771559e+02
2.549920564712678868e+02 2.591680959000559525e+01 1.152187900561463039e+02
2.549821992742503198e+02 2.206329548121535922e+01 1.137388203859832885e+02
2.549816576700185919e+02 2.142059179289054072e+01 1.133349641638533285e+02
2.549815493491722407e+02 2.253896842447328908e+01 1.141159574660143363e+02
2.549825242367893736e+02 2.479130183603834681e+01 1.151619938257117610e+02
2.549868931775920373e+02 2.732532360852846054e+01 1.162656027152425509e+02
2.549919120434727802e+02 3.125090718708815629e+01 1.173789785344189482e+02
2.549961907169034703e+02 3.605890848693831430e+01 1.189264501453304632e+02
2.549982307595096813e+02 4.101565236229712497e+01 1.194529797259482535e+02
2.549980682782401402e+02 4.379669982488130131e+01 1.201491758588940399e+02
2.549983932407791940e+02 4.353613402899387808e+01 1.201648282211911720e+02
2.549982127060352752e+02 3.880426423065119224e+01 1.189815493491722549e+02
2.549977974761242763e+02 3.390189742015851238e+01 1.175743351808055479e+02
2.549966962141864144e+02 3.186631402213355813e+01 1.168075860699391626e+02
2.549935007492191801e+02 3.136083479265584728e+01 1.164928237439295202e+02
2.549930494123593974e+02 3.231010452961672286e+01 1.165652903901355870e+02
2.549944756368363130e+02 3.473836904912350576e+01 1.174696250293368962e+02
2.549970392301998459e+02 3.676180245888320997e+01 1.180722319510389724e+02
2.549974905670596286e+02 3.926244335722410028e+01 1.184568251159935670e+02
2.549984654546767615e+02 4.244299615460995767e+01 1.194075932913289222e+02
2.549994222888194884e+02 4.484490260150565888e+01 1.200503691935513046e+02
2.549994945027170559e+02 4.693327435865032271e+01 1.203569352421873617e+02
2.549992959144987594e+02 4.882305789749237590e+01 1.209193190229459702e+02
2.549994222888194884e+02 5.082397862468631899e+01 1.217919156541676386e+02
2.549998014117817036e+02 5.196549981043851574e+01 1.223833294217472201e+02
2.549999638930512162e+02 5.303079922731129869e+01 1.226252098716397967e+02
2.550000000000000000e+02 5.409851780975248658e+01 1.226779260168619459e+02
2.550000000000000000e+02 5.362398223538119879e+01 1.227342889639110979e+02
2.549998555722048650e+02 4.636616056760123428e+01 1.210762759293025965e+02
2.549968225885071718e+02 3.295176111642685868e+01 1.175434637395966888e+02
2.549922550594862116e+02 2.604399631709122431e+01 1.153977180408369634e+02
2.549890234875701935e+02 2.421319347908504938e+01 1.148687151342275854e+02
2.549888971132494362e+02 2.455651640158148297e+01 1.149654456500153401e+02
2.549895109313787316e+02 2.629755736491487639e+01 1.156595475799317541e+02
2.549928508241411009e+02 2.912899207452474215e+01 1.165061833149789692e+02
2.549968586954559271e+02 3.279729558953620483e+01 1.175075914859814787e+02
2.549981946525608976e+02 3.725014894116372943e+01 1.187889548843674987e+02
2.549982488129840590e+02 4.208479716921521430e+01 1.201150006318716095e+02
2.549993861818707046e+02 4.589153472585799420e+01 1.209947283854777851e+02
2.549996208770377848e+02 4.723585058944593840e+01 1.213392428372840328e+02
2.549996569839865685e+02 4.528389088480078328e+01 1.210034482136087064e+02
2.549996930909353523e+02 4.111167879258363200e+01 1.197683919770359751e+02
2.549994042353450823e+02 3.727825820079074504e+01 1.187241429113032751e+02
2.549982488129840590e+02 3.572367352096910764e+01 1.181164088028741190e+02
2.549978877434962499e+02 3.568301709664024912e+01 1.179738405156072218e+02
2.549971475510461971e+02 3.682943077395244558e+01 1.184604177573974084e+02
2.549969489628279007e+02 3.890280009387806359e+01 1.189997472513585279e+02
2.549990973262804346e+02 4.151062446967919328e+01 1.195951327833041518e+02
2.549994222888194884e+02 4.429790038092831139e+01 1.204878770919463449e+02
2.549992056471267858e+02 4.655720243360834587e+01 1.210554602733296008e+02
2.549999097326280548e+02 4.792177429546315892e+01 1.214105721146034540e+02
2.550000000000000000e+02 4.998431153075409128e+01 1.218291960787853583e+02
2.549999458395768386e+02 5.221133397122276421e+01 1.222619017529923582e+02
2.549999277861024325e+02 5.305405210232709123e+01 1.228901987687530521e+02
2.550000000000000000e+02 5.405383546063439582e+01 1.232567204058421027e+02
2.549999458395768386e+02 5.520593598237980615e+01 1.235228827787907733e+02
2.550000000000000000e+02 5.573273636511346751e+01 1.237447058186347988e+02
2.550000000000000000e+02 5.332299471033200433e+01 1.232428553375097096e+02
2.549995667166146234e+02 4.070051091332526738e+01 1.200923074145619296e+02
2.549936632304887212e+02 2.776841003051037049e+01 1.165709411276200171e+02
2.549914065461898076e+02 2.356599447563683469e+01 1.151962593201061509e+02
2.549891679153653001e+02 2.265344550558755188e+01 1.148222996515679455e+02
2.549893845570580027e+02 2.302948132368074141e+01 1.149474824429961615e+02
2.549876333700420616e+02 2.526912314274882121e+01 1.152913469697243301e+02
2.549931577332057486e+02 2.794022494629091469e+01 1.160097849831199994e+02
2.549962268238522540e+02 3.069868751241176241e+01 1.167109458215233531e+02
2.549984474012023554e+02 3.416493654203751618e+01 1.178413821739993921e+02
2.549987362567926255e+02 3.809474463360474061e+01 1.192637612608546505e+02
2.549987182033182194e+02 4.116540593237168366e+01 1.194241302738712136e+02
2.549987001498438417e+02 4.221239912621184232e+01 1.196675633225614206e+02
2.549987543102670031e+02 4.070143164051921758e+01 1.191587622537957429e+02
2.549990070589084894e+02 3.653292051055225897e+01 1.180486721669585251e+02
2.549977794226498986e+02 3.350069505876405884e+01 1.173471141521185785e+02
2.549979238504450052e+02 3.265817551587802825e+01 1.170906645483923398e+02
2.549971656045206032e+02 3.261018938094636610e+01 1.171376577422324914e+02
2.549965698398656855e+02 3.406250112834214860e+01 1.177345778195013679e+02
2.549999097326280548e+02 3.677171381632395253e+01 1.187449585672762709e+02
2.549990251123828671e+02 3.921052156487515816e+01 1.196292177429546371e+02
2.549992417540755696e+02 4.155314040187033697e+01 1.200052535610478230e+02
2.549999458395768386e+02 4.395405390767453468e+01 1.206905092885125725e+02
2.549999458395768386e+02 4.637518730479681039e+01 1.212048166669675595e+02
2.550000000000000000e+02 4.829181636005849043e+01 1.216966294163311773e+02
2.550000000000000000e+02 5.010714737051145562e+01 1.222185914679280074e+02
2.550000000000000000e+02 5.200572295138199053e+01 1.228133992886931054e+02
2.550000000000000000e+02 5.368057987759744520e+01 1.235237493455615549e+02
2.550000000000000000e+02 5.489595782708381932e+01 1.237851275477965771e+02
2.550000000000000000e+02 5.510182159556606507e+01 1.237643299452979733e+02
2.549999097326280548e+02 4.762753876983625645e+01 1.220759870737123407e+02
2.550000000000000000e+02 3.351403657633911592e+01 1.183094365510642518e+02
2.549936993374374765e+02 2.661450416132584706e+01 1.159266306800743820e+02
2.549899983751872981e+02 2.490881190085031704e+01 1.155694065822967644e+02
2.549944936903106907e+02 2.502123088588398758e+01 1.155940856817894655e+02
2.549955768987741749e+02 2.620730804643353551e+01 1.160091170045675284e+02
2.549939881930277465e+02 2.844171435792818414e+01 1.165052986947337956e+02
2.549968586954559271e+02 3.190601361231968980e+01 1.175134588651585972e+02
2.549982668664584367e+02 3.573739416150637993e+01 1.185400696864111438e+02
2.549990431658572732e+02 4.022346590601361527e+01 1.197287826542218028e+02
2.549997111444097300e+02 4.421077431351663733e+01 1.205660847430087870e+02
2.549999277861024325e+02 4.541580762217688516e+01 1.211853008611507221e+02
2.549997833583072975e+02 4.383977541477857187e+01 1.208673791771226433e+02
2.549998555722048650e+02 3.956803451824303863e+01 1.200607860482749913e+02
2.549984654546767615e+02 3.542135003881497113e+01 1.188258381325486113e+02
2.549991695401780021e+02 3.405128992074524774e+01 1.184575111480204299e+02
2.549990251123828671e+02 3.504083695907277018e+01 1.184908739686952686e+02
2.549996930909353523e+02 3.641580762217688516e+01 1.186180968027296814e+02
2.549996028235634071e+02 3.878160712029030321e+01 1.190359083605639938e+02
2.549999277861024325e+02 4.173972305970283969e+01 1.199419400263580684e+02
2.549998916791536487e+02 4.413509414886895144e+01 1.203499485475979895e+02
2.549998194652560812e+02 4.629504793197450851e+01 1.210236861584011905e+02
2.549999819465256223e+02 4.926007835207885677e+01 1.218195374699861020e+02
2.550000000000000000e+02 5.112893791410157007e+01 1.223786174649311249e+02
2.550000000000000000e+02 5.219163763066202222e+01 1.226273221281435610e+02
2.549998916791536487e+02 5.410248957411853610e+01 1.230172591215179381e+02
2.550000000000000000e+02 5.577725623296203139e+01 1.235082233575851660e+02
2.550000000000000000e+02 5.533296022819591542e+01 1.232379086855265342e+02
2.549998375187304873e+02 4.826414038381686566e+01 1.215874781101622943e+02
2.549987001498438417e+02 3.501946164539365469e+01 1.181944900796158180e+02
2.549960643425827413e+02 2.790577891715260606e+01 1.158359119712588665e+02
2.549935910165911537e+02 2.647679225867018005e+01 1.152693939448646887e+02
2.549935729631167476e+02 2.708167391814554747e+01 1.154231012258309050e+02
2.549923272733837507e+02 2.843108086151179847e+01 1.157494358289252716e+02
2.549953241501326886e+02 3.105892654041270262e+01 1.165157877633550640e+02
2.549971656045206032e+02 3.422601144590276334e+01 1.175295264573667140e+02
2.549994583957682721e+02 3.814141286490585259e+01 1.185709591810943948e+02
2.549986459894206519e+02 4.237051145492949900e+01 1.196225379574299126e+02
2.549986279359462742e+02 4.579384737592749843e+01 1.206282428553375041e+02
2.549999097326280548e+02 4.626085465147767906e+01 1.205939954144175061e+02
2.549995125561914335e+02 4.299667816071202964e+01 1.197995342203607123e+02
2.549993500749219209e+02 3.790321532378906255e+01 1.188444151576970995e+02
2.549991875936524082e+02 3.465321081042046814e+01 1.181521005217454103e+02
2.549984293477279778e+02 3.350706793522413562e+01 1.178957592388655229e+02
2.549977974761242763e+02 3.406705060388871686e+01 1.178796916466574061e+02
2.549993139679731371e+02 3.503644996479572171e+01 1.184520951057030942e+02
2.549991875936524082e+02 3.708539293387012492e+01 1.187325558303695487e+02
2.549988626311133544e+02 3.946113989637305508e+01 1.190855193081908681e+02
2.549989348450109219e+02 4.131335415500713282e+01 1.196059287609900537e+02
2.549997653048329198e+02 4.332402375837229869e+01 1.200538715675831867e+02
2.549999458395768386e+02 4.572466646206062535e+01 1.206604502536513195e+02
2.550000000000000000e+02 4.803654023216768110e+01 1.211763282843783287e+02
2.550000000000000000e+02 4.964577277897131324e+01 1.217399035944467443e+02
2.549998194652560812e+02 5.143898828329511730e+01 1.220103988012492948e+02
2.549998014117817036e+02 5.161791626798577681e+01 1.221577873661786242e+02
2.549998194652560812e+02 4.532075607950750396e+01 1.205453232474589669e+02
2.549969309093534946e+02 3.275013991442653349e+01 1.169627737358054560e+02
2.549928869310898847e+02 2.564615190193352845e+01 1.147595999350074862e+02
2.549879041721579256e+02 2.346357711541586255e+01 1.138901626618042684e+02
2.549868751241176312e+02 2.356182412305248164e+01 1.139543608167391824e+02
2.549904136050982970e+02 2.440293549493599912e+01 1.141774656532649743e+02
2.549926341824483984e+02 2.570455489158888795e+01 1.150141539239226631e+02
2.549936632304887212e+02 2.790920907728692413e+01 1.157047354263328032e+02
2.549966420537632530e+02 3.049885360437616200e+01 1.167407701612175259e+02
2.549979960643425727e+02 3.406874763048148935e+01 1.178834287158563683e+02
2.549983210268816265e+02 3.725610658771280725e+01 1.187907421783322235e+02
2.549985376685743290e+02 3.781509631528587789e+01 1.190485999530609718e+02
2.549990251123828671e+02 3.593767940640176306e+01 1.184431766893538622e+02
2.549979057969706275e+02 3.292076330089725644e+01 1.178707551768337822e+02
2.549975808344315737e+02 3.075734325070859754e+01 1.171131591774837091e+02
2.549972197649437646e+02 3.021120759690202462e+01 1.169135599646151888e+02
2.549976711018035473e+02 3.107698001480384775e+01 1.171978660793269711e+02
2.549974364066364672e+02 3.218179848711884716e+01 1.175059666732862809e+02
2.549980502247657626e+02 3.389176942102507439e+01 1.181167157119387667e+02
2.549990973262804346e+02 3.628002744128107793e+01 1.187569460742719940e+02
2.549995847700890010e+02 3.803177411492841742e+01 1.191595566066689571e+02
2.549993139679731371e+02 4.033900814211695263e+01 1.193532342799371690e+02
2.549991514867036244e+02 4.263880413785633294e+01 1.197589139029806233e+02
2.549999458395768386e+02 4.465380657507537165e+01 1.203725334440613040e+02
2.550000000000000000e+02 4.621649726489862786e+01 1.206684479428065941e+02
2.549999458395768386e+02 4.750156162553483341e+01 1.209012836020292099e+02
2.549998375187304873e+02 4.802435413695365440e+01 1.210019858821830212e+02
2.549998194652560812e+02 4.567657200628261194e+01 1.205677276091783909e+02
2.549987001498438417e+02 3.456695130977956865e+01 1.176978931595385518e+02
2.549944214764131232e+02 2.552912928093011402e+01 1.148900362874835253e+02
2.549894567709555702e+02 2.246915563900272517e+01 1.136970807531909458e+02
2.549897817334946239e+02 2.197393078297918478e+01 1.139617627412395535e+02
2.549945478507338805e+02 2.283948655918831605e+01 1.142369157444350236e+02
2.549946561715802318e+02 2.477512592298387872e+01 1.148652669206188790e+02
2.549946020111570419e+02 2.721324763950822501e+01 1.159415609033958532e+02
2.549971656045206032e+02 2.980623205935982512e+01 1.167390550811503687e+02
2.549978155295986824e+02 3.233899008864256075e+01 1.182173638316694024e+02
2.549987182033182194e+02 3.584174324348720830e+01 1.195279377516202999e+02
2.549988084706901930e+02 3.780783881858063467e+01 1.202546262028127302e+02
2.549994583957682721e+02 3.711808777599249254e+01 1.202130129443411448e+02
2.549991514867036244e+02 3.341963495874781387e+01 1.193984401798126100e+02
2.549968406419815494e+02 3.149392500586737853e+01 1.179069884999368156e+02
2.549980863317145463e+02 3.081628784459569204e+01 1.169571591052698096e+02
2.549975627809571961e+02 3.144763589752847821e+01 1.170651549890776550e+02
2.549986640428950579e+02 3.227179505695870887e+01 1.171818707010164076e+02
2.549993139679731371e+02 3.374763048148616207e+01 1.176055857449766222e+02
2.549986459894206519e+02 3.521416836670217521e+01 1.180601902836200878e+02
2.549997291978841361e+02 3.767258218844216344e+01 1.188758643100864703e+02
2.549997111444097300e+02 3.959220812045278137e+01 1.197234027188532366e+02
2.549997111444097300e+02 4.126024083334837655e+01 1.201795418028199549e+02
2.550000000000000000e+02 4.374037298478091884e+01 1.205820440143705667e+02
2.549997653048329198e+02 4.735576176635193235e+01 1.214242747016663344e+02
2.550000000000000000e+02 4.998519615099925772e+01 1.221017493816684976e+02
2.550000000000000000e+02 5.238603744290588793e+01 1.225029878500117348e+02
2.549999097326280548e+02 5.289846726002419075e+01 1.225872975754183898e+02
2.549999819465256223e+02 4.471592858045531216e+01 1.207791699012474993e+02
2.549982668664584367e+02 3.211595746601433632e+01 1.172805870989871977e+02
2.549946381181058257e+02 2.735298153129569698e+01 1.156944991063530210e+02
2.549918398295752127e+02 2.641907530104168700e+01 1.152218772002671869e+02
2.549904316585727031e+02 2.696196132945785351e+01 1.153682547706306138e+02
2.549898720008665691e+02 2.816008015742629667e+01 1.157203155747323535e+02
2.549955046848766074e+02 2.990168077846581696e+01 1.164560307631203671e+02
2.549984293477279778e+02 3.336343449296817454e+01 1.178930873246556246e+02
2.549992056471267858e+02 3.807232221841093178e+01 1.193476918632990902e+02
2.549998916791536487e+02 4.292713617735733322e+01 1.206774024661045956e+02
2.550000000000000000e+02 4.546801827011608310e+01 1.214762145474896613e+02
2.549999819465256223e+02 4.480547381343539826e+01 1.211331443736347069e+02
2.549998736256792711e+02 4.148755212940730530e+01 1.204941777545088542e+02
2.549998014117817036e+02 3.774421837482623232e+01 1.195024462457800070e+02
2.549997472513585137e+02 3.588471051253813471e+01 1.189758083443158654e+02
2.549997833583072975e+02 3.595880197143940649e+01 1.189673954252495918e+02
2.549995667166146234e+02 3.819104186600711159e+01 1.190972901734938887e+02
2.549995486631402173e+02 4.020337238901626620e+01 1.193315881641421896e+02
2.549993861818707046e+02 4.265349966601072396e+01 1.197637883410662312e+02
2.550000000000000000e+02 4.506197757758480549e+01 1.201576429383834892e+02
2.549996028235634071e+02 4.693401455110036125e+01 1.206587351735841622e+02
2.550000000000000000e+02 4.837979094076654718e+01 1.214215125200844909e+02
2.550000000000000000e+02 4.982251629326064091e+01 1.219235254824791070e+02
2.549999638930512162e+02 5.148773266415121697e+01 1.222115325594410677e+02
2.549999458395768386e+02 5.217578668014659371e+01 1.225741726995360210e+02
2.549999458395768386e+02 5.166059468144644740e+01 1.221877200267191483e+02
2.549999277861024325e+02 4.482303984401798402e+01 1.205037099889873815e+02
2.549983932407791940e+02 3.394905309526818371e+01 1.176430105973894626e+02
2.549975447274827900e+02 2.845018143741762984e+01 1.162061345705981097e+02
2.549938798721813953e+02 2.590633857485873293e+01 1.153035150114639578e+02
2.549946020111570419e+02 2.608824538282392425e+01 1.152344243649690441e+02
2.549952158292863373e+02 2.780132151432543353e+01 1.158138145186041044e+02
2.549975266740084123e+02 3.033010777924211610e+01 1.164252495892834531e+02
2.549985015616255453e+02 3.399550468487660737e+01 1.175601090429853173e+02
2.549996569839865685e+02 3.864017620191005875e+01 1.189677926016861989e+02
2.549995847700890010e+02 4.340073297106027894e+01 1.201768518351356789e+02
2.549993861818707046e+02 4.674660143344586771e+01 1.207543102670108794e+02
2.549999277861024325e+02 4.651605856547092799e+01 1.205550179632070211e+02
2.549994583957682721e+02 4.192697369608781344e+01 1.190979762055207516e+02
2.549983029734072204e+02 3.748403170190103140e+01 1.179557328807929082e+02
2.549977613691754925e+02 3.596865916845696631e+01 1.174986369626834630e+02
2.549988806845877605e+02 3.555277933238251364e+01 1.175335523821559462e+02
2.549993139679731371e+02 3.646733223808922020e+01 1.180894730190825186e+02
2.549990792728060569e+02 3.771621743604556798e+01 1.182420790381108873e+02
2.549990973262804346e+02 3.961035186221588589e+01 1.189840407286382202e+02
2.549986820963694356e+02 4.205403404885269936e+01 1.194501453304688425e+02
2.549992237006011919e+02 4.444555974797349762e+01 1.204156270874329806e+02
2.549998555722048650e+02 4.642842700077630269e+01 1.210082504377967609e+02
2.549998555722048650e+02 4.796566229170804263e+01 1.213655467494719318e+02
2.550000000000000000e+02 4.918483147081656170e+01 1.214184795363867835e+02
2.550000000000000000e+02 5.230929212326912392e+01 1.215483742846310804e+02
2.550000000000000000e+02 5.257321586539329417e+01 1.218808290155440375e+02
2.550000000000000000e+02 4.760224585221425997e+01 1.206489862974129323e+02
2.549982668664584367e+02 3.456890108501381320e+01 1.168601216804173930e+02
2.549916773483056716e+02 2.774373093101767296e+01 1.148614215305735655e+02
2.549912982253434564e+02 2.503982596450686771e+01 1.140663284649130702e+02
2.549866584824249287e+02 2.462165333718474258e+01 1.133954433030636721e+02
