2.549808185897059047e+02 5.179658692372499473e+01 1.144898411019024707e+02
2.549870099335801967e+02 5.268974705617272747e+01 1.149539959638707671e+02
2.549878328337154016e+02 5.375559865984835284e+01 1.153676012461059202e+02
2.549913791414408593e+02 5.551013930523717477e+01 1.158679245283018844e+02
2.549935539489410132e+02 5.578377319304845372e+01 1.158500950253727524e+02
2.549933580203373822e+02 4.786467211348184492e+01 1.133465389212171033e+02
2.549491761202217788e+02 3.454109602460863471e+01 1.064480887164717160e+02
2.548779168870863430e+02 2.839213150727874790e+01 1.026671760810360752e+02
2.548841866024020817e+02 2.776298516820470752e+01 1.028187660416544276e+02
2.548950606399028231e+02 2.841260604635670717e+01 1.034815729148298402e+02
2.549117929426516866e+02 3.079110092282372335e+01 1.048765257940006705e+02
2.549377534826309386e+02 3.422813926605144985e+01 1.071246693704813993e+02
2.549591684790062516e+02 3.721336624933874049e+01 1.092679715511667524e+02
2.549790944179940766e+02 4.095039087756421736e+01 1.112077039126942140e+02
2.549824839828366407e+02 4.449777621034894537e+01 1.123327455475224781e+02
2.549913595485805047e+02 4.424708556202119780e+01 1.131761985932326269e+02
2.549897529340308324e+02 4.302795901173612236e+01 1.127867513078234225e+02
2.549838750759223274e+02 4.036887478202942958e+01 1.116078293070005287e+02
2.549722369168675016e+02 3.731144810830933523e+01 1.100821528634965460e+02
2.549647328513489697e+02 3.579862458120260982e+01 1.095701522365250042e+02
2.549678677090068390e+02 3.597068908089892147e+01 1.094549070318775819e+02
2.549729030741197846e+02 3.704541625031838237e+01 1.098345382942455757e+02
2.549742353886243791e+02 3.915443092537079650e+01 1.112869766257175854e+02
2.549795450537824024e+02 4.174098238601853694e+01 1.122332725954662180e+02
2.549811320754716917e+02 4.402221830365014910e+01 1.130449656145300708e+02
2.549812692254942306e+02 4.639350300750406575e+01 1.137536981523932695e+02
2.549914771057426606e+02 4.820407923352730251e+01 1.144032798448245529e+02
2.549907913556299945e+02 4.961368757224867210e+01 1.143332157761711585e+02
2.549950430063285012e+02 5.123009855208761820e+01 1.146089265071807830e+02
2.549929661631301485e+02 5.290248633397990119e+01 1.150255099041909119e+02
2.549942984776347430e+02 5.339769587962146602e+01 1.152400713180117151e+02
2.549913399557201217e+02 5.394800054860009197e+01 1.152259448656909484e+02
2.549958659064636777e+02 5.506892768275240257e+01 1.156518152785125153e+02
2.549943180704950976e+02 5.569094222065479016e+01 1.158946100041144973e+02
2.549947882991437780e+02 5.531987303826485913e+01 1.156555183291208664e+02
2.549892435196614429e+02 4.876057524638022045e+01 1.138357334587276455e+02
2.549585415074746777e+02 3.514506553811791179e+01 1.086725837104958998e+02
2.548932189110288107e+02 2.693158173161699764e+01 1.049027998197456810e+02
2.548680812711847921e+02 2.481635611982993339e+01 1.034923881737494895e+02
2.548575794980309297e+02 2.467883383295127331e+01 1.032584886067516976e+02
2.548664354709144106e+02 2.592460667332823832e+01 1.041028625168988384e+02
2.548802484374693904e+02 2.779078743705793642e+01 1.052812359176316193e+02
2.549172005721115113e+02 2.883538078724112808e+01 1.069648895942318632e+02
2.549407707831266237e+02 3.145308489586394884e+01 1.087001704578851502e+02
2.549542702639158165e+02 3.499770763533768303e+01 1.104557103391524180e+02
2.549626951938713546e+02 3.695409392817257554e+01 1.110321910695742531e+02
2.549687102020023985e+02 3.725263034150355423e+01 1.115164090205529135e+02
2.549593056290287905e+02 3.733088422578812526e+01 1.106739943964419410e+02
2.549470209055820078e+02 3.482215560649699171e+01 1.091867395521072126e+02
2.549334822390720774e+02 3.227627892396010623e+01 1.076908834420737122e+02
2.549279766453104514e+02 3.140069358725680360e+01 1.070506083583142356e+02
2.549308567957836260e+02 3.197727228198044713e+01 1.073446188209016583e+02
2.549453163267305342e+02 3.301206920198279704e+01 1.081990438684143498e+02
2.549500969846587850e+02 3.457949803091753438e+01 1.091861517662963621e+02
2.549637532083308713e+02 3.710011951644820982e+01 1.103123493798859727e+02
2.549735496385117131e+02 3.950898332647583544e+01 1.114299653206371659e+02
2.549813671897960319e+02 4.191379141440859257e+01 1.124470307020121851e+02
2.549832285115303989e+02 4.412653069221575919e+01 1.130405768138090536e+02
2.549842081545484689e+02 4.580334646054977554e+01 1.135018515253041755e+02
2.549888124767334716e+02 4.752922275122945450e+01 1.139924371559003902e+02
2.549943572562158352e+02 4.850102862516899194e+01 1.144408785438586165e+02
2.549953760849546427e+02 4.882307647093399083e+01 1.144746762279825276e+02
2.549941417347518495e+02 4.978622230059366416e+01 1.142060385195634780e+02
2.549921824487156812e+02 5.110858363212445710e+01 1.143360763337839643e+02
2.549902231626795128e+02 5.193160132447736288e+01 1.144005956229549952e+02
2.549933384274770276e+02 5.219412606046356728e+01 1.143338231548423778e+02
2.549888712553145638e+02 4.894956797742902666e+01 1.132812555104919738e+02
2.549555046141186097e+02 3.591680871490429183e+01 1.085026940182997350e+02
2.548905542820196217e+02 2.687513470091498746e+01 1.037830482572150714e+02
2.548330492368581019e+02 2.445379023883696945e+01 1.021039205313583693e+02
2.548378298947863527e+02 2.425233644859813253e+01 1.019219812300397763e+02
2.548340484727365265e+02 2.517809910068771018e+01 1.023937969004094839e+02
2.548544642332334149e+02 2.522465173690707019e+01 1.040028017790317278e+02
2.548765453868610393e+02 2.652293344305335054e+01 1.051192617410215746e+02
2.548914751464566280e+02 2.838546993475577551e+01 1.064131742393071960e+02
2.549232939516840020e+02 3.111269813280040708e+01 1.080654989321891151e+02
2.549351672250631964e+02 3.404510276455259543e+01 1.094416230725523604e+02
2.549573659358529767e+02 3.501624248123983563e+01 1.099173769078547735e+02
2.549584827288935855e+02 3.420956523442857389e+01 1.100164580027038141e+02
2.549571504143889911e+02 3.249221183800622725e+01 1.092583514567291729e+02
2.549431023335096711e+02 3.008846176453300458e+01 1.083192068810125619e+02
2.549386743470679164e+02 2.879145359431023365e+01 1.075668214502635180e+02
2.549418483904465234e+02 2.908475871392464640e+01 1.076578694723642684e+02
2.549363232038245144e+02 3.049197672368189060e+01 1.078522698328729064e+02
2.549497247203119059e+02 3.283344109406532141e+01 1.089702776308313190e+02
2.549599326005603643e+02 3.565152138560708295e+01 1.099913791414408593e+02
2.549730402241423235e+02 3.822300593663668877e+01 1.111138345187013812e+02
2.549803091753365152e+02 4.134399184937009153e+01 1.122158937283253977e+02
2.549795254609220478e+02 4.407024040439663537e+01 1.130661063108603201e+02
2.549888712553145638e+02 4.600382060777052828e+01 1.137763279061110069e+02
2.549885773624091314e+02 4.752124845706224932e+01 1.142408550324261824e+02
2.549920452986931423e+02 4.911140500401653952e+01 1.147073610376378809e+02
2.549893414839632442e+02 5.082554517133956296e+01 1.147982915025764612e+02
2.549898117126119246e+02 5.166727404533787649e+01 1.148473912106428401e+02
2.549929073845490564e+02 5.246779913399556960e+01 1.150261564685828546e+02
2.549980994925449238e+02 5.418595583769274526e+01 1.153567076157448241e+02
2.549951801563510116e+02 5.527302650914006676e+01 1.158630654989321869e+02
2.549956895707204296e+02 5.591506495033210200e+01 1.160240600325241473e+02
2.549980015282430941e+02 5.593246341033327695e+01 1.161542154039068180e+02
2.549922412272967733e+02 4.831671858774662809e+01 1.138369482160700699e+02
2.549582280217088908e+02 3.314195027332040411e+01 1.080345422128176551e+02
2.549076784419757473e+02 2.649963753208330886e+01 1.042537079488234468e+02
2.548916710750602590e+02 2.510664393894864688e+01 1.035903132898371837e+02
2.548918865965242162e+02 2.602378573247908378e+01 1.040700640686533802e+02
2.549246066733282419e+02 2.871474754599423918e+01 1.056571445365308932e+02
2.549407511902662691e+02 3.213640549383804768e+01 1.077424518505456632e+02
2.549650267442544020e+02 3.624784968357530346e+01 1.097021885225023965e+02
2.549797213895256505e+02 4.115053194615882148e+01 1.117262485550265438e+02
2.549882834695036991e+02 4.493416798918474342e+01 1.134234604909970869e+02
2.549908501342110867e+02 4.717208409255667334e+01 1.141950861106212898e+02
2.549931424988733966e+02 4.848870471600148591e+01 1.145085522835478713e+02
2.549912419914183204e+02 4.780940065440153575e+01 1.142818628891631931e+02
2.549905758341660373e+02 4.528256823213620663e+01 1.130564274378416485e+02
2.549873821979270758e+02 4.343919355786751169e+01 1.122210074648798042e+02
2.549868727835576578e+02 4.371435568878700906e+01 1.120981994161327577e+02
2.549894002625443363e+02 4.537565391171457208e+01 1.126182135229922210e+02
2.549905366484452998e+02 4.761966339465898557e+01 1.133717353396422283e+02
2.549925743059229148e+02 5.007108289739218776e+01 1.140373048061286454e+02
2.549947491134230688e+02 5.321232782773957126e+01 1.151253551205940511e+02
2.549951997492113946e+02 5.563994200513332800e+01 1.157676678618311428e+02
2.549978839710809382e+02 5.746885714845510051e+01 1.162312937165696809e+02
2.549968063637610385e+02 5.815684084719528357e+01 1.163736358470973187e+02
2.549984325711710653e+02 5.932692646799506520e+01 1.166561453006524403e+02
2.549986676854954055e+02 6.024259879699837228e+01 1.172178334215012114e+02
2.549982366425674343e+02 6.064139187680009258e+01 1.170587785810850505e+02
2.549993926213287807e+02 6.172425008326965923e+01 1.175456023824918219e+02
2.549995297713513196e+02 6.280199455318481938e+01 1.177143948745077324e+02
2.549989419855404549e+02 6.329013107623581647e+01 1.177785418993318842e+02
2.549990987284233483e+02 6.392272575873352025e+01 1.176572425008326945e+02
2.549991575070044405e+02 6.437267579693958908e+01 1.178444522815885875e+02
2.549987656497972068e+02 5.967912772585669501e+01 1.164814945433883935e+02
2.549927898273869005e+02 4.525147436274221491e+01 1.122143850780775551e+02
2.549624992652677236e+02 3.513152687160798848e+01 1.080191030388526485e+02
2.549412606046356586e+02 3.144951899527811889e+01 1.059674170732185132e+02
2.549323654460314685e+02 3.156905503634475707e+01 1.060741785693293338e+02
2.549406924116851769e+02 3.362507102411881021e+01 1.071751405787730960e+02
2.549547796782852345e+02 3.689962577636708829e+01 1.086648445306530277e+02
2.549703560022727800e+02 4.068038166891984275e+01 1.108217049707086801e+02
2.549861870334450202e+02 4.514281235917631818e+01 1.130899900076412194e+02
2.549891259624992585e+02 4.926857892983796461e+01 1.143324320617566912e+02
2.549928681988283472e+02 5.171135798115167148e+01 1.154855698583436237e+02
2.549956111992789829e+02 5.266133740864828638e+01 1.158286408432767161e+02
2.549949646348870544e+02 5.200380101491016660e+01 1.147676874546915116e+02
2.549900468269362648e+02 4.837786790493544231e+01 1.135754227159623042e+02
2.549850506475440284e+02 4.540516075941926744e+01 1.127503281804110600e+02
2.549846979760575323e+02 4.429998628499774327e+01 1.122090362271988084e+02
2.549822096827915914e+02 4.489545249711004971e+01 1.123408765845725839e+02
2.549853249475891062e+02 4.665643919355786551e+01 1.131952232606438145e+02
2.549936519132428145e+02 4.919304845314367469e+01 1.140491388937871022e+02
2.549953564920942881e+02 5.208520934971296157e+01 1.150154783596857300e+02
2.549937498775446159e+02 5.470448088716472057e+01 1.160233938752718501e+02
2.549962185779502022e+02 5.688902603891141752e+01 1.164224220693979106e+02
2.549966496208781450e+02 5.841223378200983518e+01 1.163796312623679938e+02
2.549980211211034771e+02 5.995828680028997582e+01 1.166012069201982797e+02
2.549989615784008379e+02 6.132849389682399988e+01 1.169817198612825422e+02
2.549994318070495183e+02 6.221311154215403860e+01 1.171805873939536440e+02
2.549979623425223849e+02 6.304087070671447179e+01 1.173142694802014177e+02
2.549978055996394914e+02 6.369415544975410626e+01 1.177753090773721993e+02
2.549991575070044405e+02 6.333897607711750055e+01 1.178224886851231474e+02
2.549970022923646695e+02 5.520298203334704823e+01 1.157364368424146193e+02
2.549726091812143522e+02 3.853253394463057901e+01 1.104762828425321857e+02
2.549293873312564926e+02 3.014179353043750709e+01 1.066286369247046366e+02
2.549106565567507232e+02 2.803025137639843933e+01 1.058280922431865889e+02
2.549070514704441734e+02 2.885867669821117332e+01 1.059390074256940721e+02
2.549064049060522450e+02 3.084556907462920350e+01 1.069474127627892415e+02
2.549322282960089296e+02 3.377374164854327176e+01 1.085162718705303746e+02
2.549500773917984304e+02 3.741133251043319774e+01 1.101440467093790971e+02
2.549671623660338184e+02 4.155308685514998501e+01 1.120047218793471728e+02
2.549811516683320463e+02 4.576022257489371015e+01 1.134763220282529090e+02
2.549829542114853211e+02 4.839812692254942306e+01 1.142444797115931010e+02
2.549858539548188503e+02 4.917302454985403415e+01 1.147435882364466408e+02
2.549874605693685226e+02 4.793044534571602355e+01 1.142789239601089406e+02
2.549807010325437489e+02 4.351926957816571928e+01 1.129167695291835685e+02
2.549750974744802932e+02 3.972460275475616953e+01 1.119206293226748130e+02
2.549705715237367372e+02 3.871829385371970744e+01 1.114220889907717691e+02
2.549758028174533138e+02 3.914635866690178290e+01 1.114519289171026060e+02
2.549746860244127049e+02 4.042069789768608246e+01 1.119047199200611260e+02
2.549848155332196882e+02 4.302065087482121442e+01 1.125329062089774510e+02
2.549785850036246870e+02 4.555187209780756064e+01 1.132629753717745302e+02
2.549866964478144098e+02 4.839046611414800481e+01 1.140550167518956073e+02
2.549904582770038530e+02 5.123164638805619120e+01 1.150682223397793820e+02
2.549917905915084475e+02 5.364344912713806934e+01 1.155643135641372226e+02
2.549935147632202757e+02 5.490591508454319580e+01 1.159946315562608987e+02
2.549962381708105568e+02 5.601976919610493866e+01 1.162408550324261824e+02
2.549964732851348970e+02 5.691296851427340187e+01 1.167112208311291397e+02
2.549967867709006839e+02 5.815848664746566499e+01 1.170501773153862786e+02
2.549950821920492103e+02 5.910239228825016511e+01 1.173440898136718999e+02
2.549965712494366983e+02 5.995009698465879211e+01 1.175425067105546759e+02
2.549962381708105568e+02 5.761225729344226920e+01 1.170951821156370585e+02
2.549822096827915914e+02 4.327028350868943107e+01 1.128298947863398638e+02
2.549281333881933449e+02 3.056427437841650629e+01 1.075070044475793054e+02
2.548871451243167030e+02 2.638936891396775053e+01 1.051011971237681024e+02
2.548882423244969573e+02 2.526019318560316762e+01 1.045490899116362016e+02
2.548875369815239367e+02 2.619153980289582506e+01 1.053114481083093352e+02
2.549059346774035646e+02 2.769664374302004362e+01 1.064381747291287041e+02
2.549130468857148344e+02 2.975457983110954530e+01 1.075019494896059911e+02
2.549330707890044891e+02 3.236178216657850015e+01 1.086778345970728310e+02
2.549474323556495960e+02 3.519026626697231563e+01 1.105439173965007171e+02
2.549639491369345023e+02 3.798209212562942128e+01 1.115473657399243734e+02
2.549711397166872473e+02 3.948786222300593352e+01 1.121099551323497678e+02
2.549732361527459261e+02 3.965453868610278221e+01 1.123649366170967312e+02
2.549647916299300618e+02 3.740104625874331390e+01 1.115346891592703571e+02
2.549566801857403107e+02 3.511303121142655925e+01 1.101711044495385892e+02
2.549436705264601528e+02 3.349805051039400894e+01 1.091810184368816010e+02
2.549454926624737823e+02 3.299625776367091845e+01 1.089805051039401178e+02
2.549380473755363425e+02 3.347557749955915796e+01 1.090896373361547091e+02
2.549433374478340113e+02 3.511841924802602222e+01 1.096360822116420763e+02
2.549619702580379794e+02 3.726861811555868798e+01 1.108392797664531031e+02
2.549697682164619152e+02 3.987391994357255953e+01 1.121057622602323676e+02
2.549763122318227317e+02 4.239522717921589390e+01 1.129485883344109425e+02
2.549811908540527838e+02 4.459289954740492590e+01 1.136005015772252591e+02
2.549832285115303989e+02 4.678171594271047695e+01 1.142998687278355732e+02
2.549857755833774036e+02 4.884521640314269320e+01 1.147706655694664875e+02
2.549903603127020517e+02 5.040347577342816265e+01 1.149057583416603023e+02
2.549941809204725871e+02 5.167808930425752578e+01 1.151414016732302770e+02
2.549918493700895397e+02 5.339965516565763437e+01 1.154999314249887306e+02
2.549912028056976112e+02 5.472495542624267983e+01 1.159830325829267821e+02
2.549922608201571279e+02 5.558563059621074132e+01 1.162934030839162176e+02
2.549915750700444619e+02 5.418354591586825819e+01 1.160112071161268830e+02
2.549825427614177329e+02 4.218123395834557954e+01 1.123337447834009311e+02
2.549285644311212877e+02 3.007310096200944471e+01 1.066183898587354832e+02
2.548890652246321338e+02 2.578306785007543311e+01 1.044967573816101378e+02
2.548888888888888857e+02 2.487380238641039298e+01 1.042665020866396333e+02
2.548896334175826439e+02 2.553131918728815108e+01 1.049398499186896316e+02
2.548996061835067337e+02 2.690411254138991737e+01 1.058264464429162075e+02
2.549175924293187450e+02 2.974041419306804457e+01 1.072190677717039904e+02
2.549399478829914472e+02 3.309720018025431187e+01 1.090357569701600795e+02
2.549579341288034584e+02 3.658482728893591229e+01 1.105520876192715320e+02
2.549764493818452422e+02 3.994016340445541857e+01 1.119597366719567333e+02
2.549756068888497111e+02 4.251227492701659827e+01 1.126935284782225324e+02
2.549775269891651419e+02 4.247702737122592254e+01 1.128068535825545240e+02
2.549782519249985171e+02 4.078802484374693904e+01 1.121196927839495316e+02
2.549765865318677811e+02 3.896240130096592935e+01 1.116472501420482359e+02
2.549736867885342519e+02 3.802895824761456822e+01 1.113218323243010275e+02
2.549698857736240996e+02 3.751764337075569955e+01 1.109709046023628929e+02
2.549766649033092278e+02 3.821444385665863308e+01 1.113783773193048461e+02
2.549792903465977076e+02 4.060383236348674529e+01 1.121222006700758271e+02
2.549834636258547391e+02 4.333944630576618096e+01 1.132131899135954853e+02
2.549884598052469755e+02 4.672918748408080347e+01 1.145456415682125453e+02
2.549895178197064922e+02 4.999273104880581542e+01 1.155382158741354601e+02
2.549919865201120786e+02 5.235790278022688682e+01 1.159378710397930945e+02
2.549958854993240323e+02 5.384086678814239946e+01 1.165022825682321326e+02
2.549964928779952515e+02 5.596171555085327043e+01 1.166665687023648559e+02
2.549952585277924584e+02 5.682297850663218242e+01 1.169888908481749183e+02
2.549968651423421306e+02 5.768784654871764417e+01 1.170349732557456122e+02
2.549985109426125121e+02 5.847510727091047755e+01 1.173561002370736048e+02
2.549982366425674343e+02 5.915801641881698458e+01 1.172628970003330835e+02
2.549979819353827395e+02 5.948521718685710624e+01 1.174750484923293925e+02
2.549967083994592372e+02 5.960634024961304078e+01 1.171839377730754848e+02
2.549988244283782990e+02 5.441963988322655155e+01 1.156562432649542558e+02
2.549871666764630902e+02 3.952326652167950272e+01 1.112309802308038940e+02
2.549379690040948958e+02 2.948423754383902562e+01 1.070520582299810002e+02
2.549140265287329328e+02 2.692703618801308707e+01 1.056241893454025416e+02
2.549132624071788200e+02 2.700456513646427226e+01 1.057615157036775742e+02
2.549162013362330867e+02 2.890793314916044565e+01 1.064581202609768980e+02
2.549306804600403495e+02 3.198217049707086801e+01 1.079809753325887982e+02
2.549546033425419864e+02 3.527669037402770158e+01 1.095041438899664996e+02
2.549658888301103161e+02 3.948112227904151439e+01 1.117628676110425374e+02
2.549797605752463880e+02 4.397784047493093595e+01 1.137760340132055887e+02
2.549826995043006264e+02 4.706884931131095584e+01 1.148248398283665495e+02
2.549878916122964654e+02 4.769629107153352976e+01 1.149981386782656330e+02
2.549882638766433445e+02 4.532290993162092008e+01 1.140370500989439506e+02
2.549762534532416396e+02 4.125409980603068050e+01 1.122140911851721228e+02
2.549647720370696788e+02 3.806150198867532453e+01 1.108993906620427481e+02
2.549632633868218363e+02 3.680497266795979527e+01 1.102926193695017503e+02
2.549609906150198810e+02 3.709847371617782130e+01 1.104545543603910716e+02
2.549621074080604899e+02 3.854536726816748171e+01 1.109018789553086890e+02
2.549725308097729055e+02 4.054685632555496966e+01 1.118521914614314596e+02
2.549740590528811310e+02 4.287247007190579495e+01 1.129119104998138710e+02
2.549805834753815645e+02 4.523291992397970063e+01 1.138061874253022268e+02
2.549851094261251205e+02 4.731332902290405684e+01 1.142490840337780895e+02
2.549890084053371027e+02 4.953198534454045188e+01 1.151373655439957702e+02
2.549908109484903775e+02 5.173099002723407835e+01 1.157019925938987797e+02
2.549967867709006839e+02 5.287143165030662573e+01 1.161295088069907280e+02
2.549956895707204296e+02 5.360624228531123237e+01 1.163132114657418867e+02
2.549954544563960894e+02 5.391077411391289331e+01 1.163249279962381735e+02
2.549950430063285012e+02 5.491385019298967762e+01 1.167974881953016251e+02
2.549978251924998460e+02 5.574425439369893809e+01 1.168369874017907932e+02
2.549957287564411388e+02 5.616953702070965448e+01 1.168447069887732965e+02
2.549943572562158352e+02 5.477846352789043749e+01 1.163197946668234124e+02
2.549832676972511081e+02 4.421318991359548534e+01 1.133573149944160292e+02
2.549378710397930945e+02 3.152806677246811162e+01 1.082200278218617200e+02
2.548924939751954355e+02 2.626138835008523031e+01 1.054442877015615494e+02
2.548839123023570323e+02 2.513446580066223746e+01 1.051356021865632187e+02
2.548767217226042874e+02 2.536599463155626211e+01 1.054342953427770908e+02
2.548883206959384040e+02 2.650475126863770825e+01 1.058972942259840551e+02
2.548987245047904651e+02 2.883134465800662127e+01 1.070386567134936087e+02
2.549237054017515902e+02 3.065598855776955034e+01 1.089032896412547302e+02
2.549405552616626380e+02 3.313579811516683549e+01 1.098167283841768125e+02
2.549589333646819114e+02 3.641509433962264097e+01 1.112177942357804881e+02
2.549715903524755447e+02 3.894723642704598632e+01 1.123704618037187259e+02
2.549664374302004433e+02 3.864513411312917412e+01 1.123156801661474589e+02
2.549581104645467065e+02 3.624391151864260507e+01 1.114053762808832460e+02
2.549402025901761419e+02 3.315595916847900781e+01 1.102156194282803341e+02
2.549355394894100471e+02 3.110856403926409186e+01 1.094214032406591031e+02
2.549328552675405035e+02 3.079954544563960894e+01 1.092265130586414301e+02
2.549375575540273076e+02 3.140817805991496670e+01 1.094771645212484543e+02
2.549440819765277411e+02 3.362023158760947439e+01 1.100192205960148186e+02
2.549534473637806400e+02 3.608991163619976561e+01 1.110816238562667735e+02
2.549689453163267387e+02 3.831299594427790822e+01 1.119864613334900696e+02
2.549759203746154981e+02 4.087713317267187563e+01 1.128096357687258831e+02
2.549839730402241287e+02 4.345512255334156038e+01 1.135898626540488578e+02
2.549865005192108072e+02 4.515141362487509724e+01 1.143412096631987254e+02
2.549920844844138799e+02 4.682566272850173306e+01 1.149773310605615251e+02
2.549922216344364188e+02 4.813160524304943522e+01 1.156040282920903621e+02
2.549923979701796668e+02 4.871353278865181835e+01 1.158397108093810601e+02
2.549888320695938262e+02 4.900971805873939502e+01 1.159723152883089341e+02
2.549894394482650455e+02 5.031097787966065482e+01 1.158072650326221122e+02
2.549919081486706318e+02 5.162522776700170368e+01 1.160426732498677467e+02
2.549922804130174825e+02 5.248535433687963803e+01 1.162397774251062970e+02
2.549902623484002504e+02 5.247062050588765203e+01 1.162175395285957791e+02
2.549902623484002504e+02 4.748566782264542496e+01 1.146688414741668112e+02
2.549550735711906668e+02 3.344066302239463795e+01 1.099754501459668035e+02
2.548996061835067337e+02 2.490007641215541057e+01 1.058961578400830774e+02
2.548747232508473815e+02 2.216628460588961502e+01 1.047881228080487404e+02
2.548919061893845992e+02 2.212713807088696782e+01 1.047679617547365751e+02
2.548998412978310739e+02 2.297219773114677110e+01 1.054180528615372623e+02
2.548987245047904651e+02 2.529193361938909490e+01 1.062095456415682122e+02
2.549093438351064833e+02 2.809002919336193926e+01 1.076335743255157809e+02
2.549300338956484211e+02 3.113234977174317564e+01 1.092464977762103473e+02
2.549543878210780008e+02 3.474550833676208583e+01 1.107785418993318842e+02
2.549638119869119635e+02 3.820172809028390049e+01 1.117137874958365131e+02
2.549713552381512045e+02 3.977476047728207931e+01 1.128939634397225689e+02
2.549807010325437489e+02 3.968271321930288309e+01 1.129331491604459359e+02
2.549705519308763826e+02 3.716111209075413058e+01 1.120153020239424819e+02
2.549604812006504915e+02 3.420041536863966769e+01 1.109211779227649401e+02
2.549567781500421120e+02 3.273863124277513492e+01 1.104003213229099316e+02
2.549674366660788678e+02 3.327426085934285283e+01 1.105803209310527251e+02
2.549689649091870933e+02 3.469535061423616895e+01 1.111781774721291498e+02
2.549748623601559530e+02 3.663523971864652395e+01 1.119048962558043883e+02
2.549789768608319207e+02 3.954274182487901612e+01 1.129602264934657825e+02
2.549872450479045369e+02 4.278902407962538490e+01 1.141040184956601848e+02
2.549887145124316703e+02 4.576131977507396442e+01 1.144791238072846227e+02
2.549931620917337796e+02 4.817184897823233314e+01 1.149979231568016615e+02
2.549931620917337796e+02 5.025061227688630083e+01 1.155275573580987043e+02
2.549925938987832694e+02 5.169464527126314835e+01 1.159064049060522308e+02
2.549955916064186283e+02 5.336336918826779652e+01 1.164167597327533912e+02
2.549974529281529669e+02 5.429371656968200455e+01 1.167303826485628662e+02
2.549961989850898192e+02 5.446546758361252927e+01 1.168811105233253045e+02
2.549957679421618764e+02 5.610548796018731110e+01 1.172442837829894842e+02
2.549964145065538048e+02 5.737438037579106265e+01 1.177537765238347163e+02
2.549993338427476885e+02 5.735047708614980877e+01 1.176864750484923263e+02
2.549998432571171065e+02 5.773210682027469431e+01 1.175925860616391390e+02
2.549991183212837313e+02 5.835782440878544008e+01 1.176169595799290732e+02
2.549940045847293106e+02 4.964966006387272301e+01 1.155026940182997350e+02
2.549708850095025241e+02 3.410923019651639265e+01 1.099724916240521964e+02
2.549254883520445105e+02 2.674243225768529797e+01 1.064134289464919050e+02
2.549098140637551637e+02 2.544804953075099263e+01 1.061353866650992330e+02
2.549044456200160766e+02 2.601395011657751866e+01 1.066587903368012746e+02
2.549251160876976314e+02 2.771129920257058288e+01 1.076425870412821553e+02
2.549385176041850229e+02 3.079211975156253089e+01 1.091104841395795404e+02
2.549612061364838667e+02 3.475079840905974038e+01 1.110576813809047962e+02
2.549720213954035160e+02 3.913901134426615158e+01 1.128993514763220247e+02
2.549789768608319207e+02 4.280414976782460457e+01 1.141880914594721617e+02
2.549834440329943845e+02 4.527927663159544380e+01 1.152180489429651828e+02
2.549906346127471011e+02 4.505154881561158930e+01 1.151273927780716662e+02
2.549809753325887982e+02 4.087433139364015489e+01 1.139663198730382589e+02
2.549733145241873729e+02 3.705632947353984008e+01 1.122234369795646529e+02
2.549698074021826528e+02 3.473167577734673728e+01 1.111285487568330126e+02
2.549617155508532562e+02 3.401837810301925913e+01 1.107008758008581708e+02
2.549682007876329806e+02 3.488935911753756614e+01 1.112131507278747620e+02
2.549650071513940190e+02 3.673867042849585829e+01 1.117986833597836949e+02
2.549769979819353694e+02 3.931044887243088937e+01 1.127806187425302227e+02
2.549804855110797632e+02 4.255022629753717922e+01 1.140926742295107630e+02
2.549900272340759102e+02 4.533090381864848695e+01 1.147889653010442998e+02
2.549948078920041610e+02 4.778992535120202234e+01 1.152893669546817108e+02
2.549976488567565980e+02 5.055880797037559660e+01 1.162114069633025792e+02
2.549955328278375362e+02 5.287499755089245213e+01 1.166247967240737466e+02
2.549961989850898192e+02 5.350469249005662675e+01 1.165385685456219704e+02
2.549973353709908110e+02 5.431519034463841678e+01 1.167324007131801125e+02
2.549957091635807842e+02 5.500291933619389084e+01 1.165566331628754426e+02
2.549984913497521575e+02 5.494760869139285830e+01 1.167212327827739529e+02
2.549964145065538048e+02 5.540147730167127094e+01 1.168604792413644446e+02
2.549989615784008379e+02 5.624931914810242972e+01 1.171875428593820345e+02
2.549949058563059623e+02 5.608174141342894359e+01 1.173024941711240388e+02
2.549937890632653534e+02 5.236910989635376978e+01 1.164565528321479633e+02
2.549805246968004724e+02 3.941581927545602326e+01 1.122875056329473580e+02
2.549374595897255062e+02 2.882783753600187993e+01 1.078611258057563873e+02
2.548961186543623398e+02 2.559599521934207189e+01 1.060489821509042088e+02
2.549046219557593247e+02 2.520748839123023544e+01 1.058921021179882018e+02
2.549033876055565315e+02 2.602456944689355112e+01 1.064184251258841272e+02
2.549111071925390490e+02 2.807227806187425401e+01 1.074101961245322201e+02
2.549340896177432967e+02 2.926440565058092957e+01 1.091201238268774887e+02
2.549454142910323355e+02 3.162195575932130254e+01 1.104826701150100945e+02
2.549603048649072150e+02 3.524250083269656386e+01 1.121620721409118460e+02
2.549688865377456466e+02 3.799612061364838667e+01 1.132064303767707116e+02
2.549767432747506746e+02 3.878708438644957823e+01 1.137460961225729363e+02
2.549758028174533138e+02 3.720513724798683342e+01 1.133692274535159328e+02
2.549625580438488157e+02 3.371047630243539572e+01 1.119404768902212055e+02
2.549555633926997018e+02 3.012294519876956755e+01 1.106826152550010818e+02
2.549503712847038628e+02 2.851707517780520718e+01 1.099674170732185132e+02
2.549363036109641598e+02 2.865316718587746792e+01 1.102373675032818028e+02
2.549484119986676944e+02 3.051117772683634044e+01 1.105899998040713967e+02
2.549558768784654887e+02 3.244230882266501936e+01 1.114291816062226985e+02
2.549605007935108461e+02 3.475115108054625068e+01 1.121654029271733322e+02
2.549774290248633406e+02 3.744415055153901761e+01 1.128314230294480751e+02
2.549788984893904740e+02 3.962612903857834112e+01 1.137719978839710819e+02
2.549883422480847912e+02 4.190918709222359695e+01 1.143752816473677001e+02
2.549922608201571279e+02 4.425946824976978178e+01 1.151964184251258843e+02
2.549927310488058083e+02 4.584210113834518552e+01 1.154787711357981124e+02
2.549891455553596131e+02 4.658012500244910825e+01 1.157750151844667812e+02
2.549950625991888558e+02 4.754479907521699289e+01 1.158056584180724542e+02
2.549936910989635237e+02 4.798708830502165057e+01 1.157558141813123314e+02
2.549956503849996921e+02 4.825886087109856959e+01 1.158691784713650321e+02
2.549965516565763437e+02 4.896498755853367157e+01 1.159641842512588426e+02
2.549977664139187539e+02 5.014555535962695387e+01 1.161509042105056864e+02
2.549959638707654790e+02 5.094327866925292625e+01 1.164487156880032899e+02
2.549934363917788289e+02 4.901498853817668788e+01 1.157807950782734707e+02
2.549772526891200926e+02 3.763036109641646476e+01 1.114036717020317866e+02
2.549135367072238978e+02 2.739697094378808373e+01 1.066862987127490783e+02
2.548670624424459845e+02 2.385172123278277567e+01 1.048920629322674785e+02
2.548591273339994814e+02 2.333580203373890427e+01 1.046150590724739970e+02
2.548596563412292539e+02 2.241897372597425431e+01 1.052214189149473924e+02
2.548697466643155281e+02 2.327482905229334520e+01 1.062690099727659288e+02
2.548939046611414767e+02 2.475262054507337695e+01 1.072422461255118691e+02
2.549107741139128791e+02 2.623805325339446171e+01 1.081975548110268619e+02
2.549339524677207578e+02 2.844146632966946697e+01 1.091422245733654677e+02
2.549406728188248223e+02 3.116246399811908674e+01 1.100030368933560680e+02
2.549462567840278950e+02 3.260671251395991277e+01 1.106996022649346543e+02
2.549411822331942119e+02 3.210987676090832821e+01 1.105422911890906903e+02
2.549395560257842135e+02 3.019148102431474001e+01 1.098017594388604863e+02
2.549278590881482671e+02 2.809680832304708176e+01 1.089027802268853264e+02
2.549285448382609331e+02 2.717974490095809159e+01 1.083954035149591419e+02
2.549167499363232139e+02 2.700266462900918896e+01 1.084701698700993404e+02
2.549239797017966680e+02 2.796935676639432700e+01 1.087103391524128568e+02
2.549373420325633219e+02 2.960757459981582684e+01 1.096517956856521465e+02
2.549540547424518593e+02 3.170716510903426766e+01 1.105935852975175777e+02
2.549664962087815070e+02 3.390182017672760395e+01 1.113964419365583183e+02
2.549720997668449627e+02 3.624383314720115834e+01 1.123025137639844075e+02
2.549776641391876808e+02 3.851923039244499591e+01 1.130533317659045025e+02
2.549830913615078600e+02 4.091290973569231681e+01 1.137706851623268420e+02
2.549872646407648915e+02 4.295961911479457029e+01 1.145893728325398229e+02
2.549894786339857831e+02 4.455130390485707181e+01 1.152021591332118646e+02
2.549900664197966194e+02 4.575234624502831338e+01 1.156042242206939790e+02
2.549930053488508861e+02 4.683806500911067872e+01 1.157987617312251416e+02
2.549915554771841073e+02 4.743533376437626004e+01 1.161080546248946916e+02
2.549911440271165191e+02 4.857538353024158084e+01 1.163888007210172617e+02
2.549955328278375362e+02 5.063145829659671904e+01 1.163398773486941309e+02
2.549984913497521575e+02 5.209872842336252319e+01 1.164949352455965084e+02
2.549986676854954055e+02 5.363860969062873352e+01 1.166090440643429531e+02
2.549931620917337796e+02 5.174286330061325856e+01 1.159196692725170976e+02
2.549808773682869969e+02 3.937387096142165888e+01 1.120943004369207898e+02
2.549334626462117228e+02 2.841289993926213242e+01 1.075850232175395291e+02
2.549015654695429021e+02 2.450627951174591956e+01 1.057582045102764567e+02
2.549037990556241198e+02 2.431419110875996736e+01 1.055951527263465124e+02
2.548933952467720871e+02 2.538413762025118103e+01 1.059124786927643527e+02
2.549104410352867376e+02 2.729547992711455962e+01 1.068330688297184565e+02
2.549262916593193324e+02 2.979719430239620692e+01 1.087415505789690258e+02
2.549484903701091412e+02 3.257028938654754313e+01 1.101822331942240254e+02
2.549669664374301874e+02 3.575479535257352381e+01 1.115462489468837504e+02
2.549796626109445583e+02 3.953235760888732386e+01 1.128364192088402973e+02
2.549847175689178869e+02 4.136738572464194164e+01 1.134699935343560782e+02
2.549735300456513585e+02 3.938668469209819989e+01 1.133543172867806987e+02
2.549734712670702663e+02 3.581494543388389218e+01 1.129591880718666062e+02
2.549697682164619152e+02 3.249597366719567049e+01 1.120425752855659454e+02
2.549661631301553655e+02 3.046779913399557316e+01 1.109762926389623630e+02
2.549601089363036124e+02 3.054699347557749789e+01 1.112818824820235477e+02
2.549656145300652383e+02 3.301379337369462519e+01 1.114334920355022689e+02
2.549718254667998849e+02 3.548384568663178840e+01 1.121557828327357527e+02
2.549749407315973997e+02 3.790577793452066402e+01 1.128065009110680137e+02
2.549825035756970237e+02 4.083385254413291676e+01 1.137500930660867198e+02
2.549883030623640821e+02 4.417143752816473778e+01 1.148832265522443663e+02
2.549888124767334716e+02 4.699692392092321569e+01 1.153880953780442411e+02
2.549945923705401754e+02 4.871674601775113445e+01 1.159209819941613233e+02
2.549957679421618764e+02 4.998554046905307757e+01 1.162529830129900716e+02
2.549955720135582453e+02 5.122915809479025739e+01 1.164260663414251837e+02
2.549963949136934502e+02 5.179686122377005830e+01 1.167175885107466797e+02
2.549985109426125121e+02 5.237757401203001706e+01 1.167617116322811910e+02
2.549972765924097189e+02 5.330696134328650970e+01 1.167627500538803673e+02
2.549986872783557601e+02 5.392104077274241547e+01 1.169840710045259442e+02
2.549985501283332212e+02 5.408027194890181732e+01 1.170727874762436613e+02
2.549969239209232228e+02 5.406640020376574540e+01 1.168975685260291186e+02
2.549915750700444619e+02 5.016291463390740546e+01 1.157089872450479078e+02
2.549759987460569448e+02 3.757371813711083774e+01 1.114189149473931764e+02
2.549189051509629849e+02 2.822516115127647396e+01 1.075820451027645532e+02
2.548860479241364487e+02 2.500893434432492768e+01 1.056560865220713623e+02
2.548938066968396754e+02 2.513121338584219799e+01 1.056872783557671625e+02
2.548988812476733585e+02 2.517988205098062338e+01 1.067832441858186883e+02
2.549163972648366894e+02 2.656889829346186360e+01 1.077858696291071539e+02
2.549429651834871322e+02 2.893297282470267717e+01 1.092054507337526275e+02
2.549519974921138612e+02 3.287503673661317549e+01 1.111680087776014432e+02
2.549705911165971202e+02 3.640623836673916003e+01 1.123508101647759503e+02
2.549723152883089483e+02 3.892899547404925897e+01 1.134944650169478280e+02
2.549806618468230113e+02 3.979139481572914860e+01 1.138157291482983595e+02
2.549780755892552691e+02 3.771770606790885694e+01 1.129272517094770620e+02
2.549661239444346563e+02 3.408093810615411456e+01 1.116152550010776139e+02
2.549618918865965327e+02 3.134230686337898319e+01 1.107302259056799727e+02
2.549473735770685039e+02 3.031099747252101295e+01 1.103115852583318599e+02
2.549428476263249763e+02 3.034626462117204326e+01 1.100975724446011839e+02
2.549491173416407150e+02 3.157979192382295963e+01 1.105021062324888845e+02
2.549619310723172418e+02 3.394623719116754046e+01 1.113195987382197956e+02
2.549647328513489697e+02 3.657454103724602845e+01 1.123433844706988793e+02
2.549786241893453962e+02 3.835039871470836204e+01 1.134502439311115012e+02
2.549782519249985171e+02 4.031899135954858338e+01 1.140274887830874491e+02
2.549833460686925548e+02 4.283385254413291676e+01 1.146809106761496082e+02
2.549894786339857831e+02 4.485877466251297818e+01 1.153589803875467794e+02
2.549910656556750723e+02 4.603746154901153886e+01 1.157901212798056321e+02
2.549903211269813141e+02 4.681657164129391191e+01 1.157957836164501657e+02
2.549936323203824600e+02 4.850814083348028305e+01 1.160903426791277298e+02
2.549947687062834234e+02 4.920791943415819247e+01 1.163284547111032765e+02
2.549957679421618764e+02 4.890834459922804456e+01 1.162901310762358236e+02
2.549960226493465711e+02 4.938215874135465100e+01 1.164428182370344302e+02
2.549956307921393375e+02 4.985140774701698518e+01 1.162101922059601549e+02
2.549948274848645156e+02 5.057303238699817882e+01 1.159887145124316703e+02
2.549961989850898192e+02 5.190044867650228611e+01 1.161531965751680104e+02
2.549970414780853787e+02 5.181616019122631656e+01 1.159854425047512620e+02
2.549884989909676847e+02 4.288563647406884627e+01 1.133996159799369110e+02
2.549510178490957912e+02 3.001302925214051953e+01 1.088418072454397674e+02
2.549032504555339926e+02 2.423037285213268177e+01 1.059064636846333229e+02
2.548775054370187547e+02 2.273688747820294154e+01 1.050708281902074930e+02
2.548748604008699203e+02 2.310145183095280075e+01 1.054491075452105235e+02
2.548893591175375661e+02 2.412314112737318439e+01 1.059161425576519946e+02
2.548946100041144973e+02 2.506167832441858323e+01 1.075022825682321326e+02
2.549147122788455988e+02 2.671237680989047547e+01 1.089210015870216921e+02
2.549304453457160093e+02 2.902057250337976768e+01 1.103362330766668578e+02
2.549560140284880276e+02 3.195779697878093373e+01 1.116361213973627997e+02
2.549552303140735603e+02 3.437751523344893201e+01 1.125798115166833213e+02
2.549617155508532562e+02 3.508403377809126056e+01 1.126129626364152898e+02
2.549654773800426995e+02 3.358565018907110300e+01 1.123184427594584491e+02
2.549548384568663266e+02 3.152873292972040886e+01 1.111811751797644945e+02
2.549488626344559918e+02 2.927261505907247496e+01 1.104096279315817384e+02
2.549415349046807364e+02 2.896618272301573427e+01 1.101302337428241174e+02
2.549427300691627920e+02 2.968665138423558503e+01 1.101043907600070497e+02
2.549617743294343484e+02 3.104911930092674055e+01 1.107571856815376492e+02
2.549636944297498076e+02 3.302688140441622977e+01 1.112716550089147489e+02
2.549616959579929016e+02 3.583647798742138235e+01 1.122687944513019431e+02
2.549777621034894821e+02 3.886038127706263623e+01 1.133493798859695545e+02
2.549887145124316703e+02 4.132016693117028439e+01 1.143133682086247802e+02
2.549870099335801967e+02 4.384976194674660377e+01 1.151222594486569051e+02
2.549872450479045369e+02 4.595317306373557642e+01 1.159271733380356153e+02
2.549931620917337796e+02 4.755757362017281054e+01 1.165403710887752453e+02
2.549930837202923328e+02 4.845228158858911627e+01 1.166277552459883680e+02
2.549944748133779910e+02 4.939162209290934413e+01 1.165501479260957325e+02
2.549926526773643616e+02 5.034714629988832257e+01 1.166792844687395956e+02
2.549947687062834234e+02 5.119054056701737920e+01 1.167978604596485042e+02
2.549943572562158352e+02 5.176286761104253742e+01 1.168436881600344890e+02
2.549977272281980447e+02 5.217049707086737698e+01 1.170479437293050466e+02
2.549975312995944137e+02 5.309590705147044076e+01 1.170198083818256691e+02
2.549977272281980447e+02 5.380906757577538713e+01 1.169386547542075618e+02
2.549983737925899732e+02 5.418505456611610782e+01 1.167887889653010376e+02
2.549931816845941341e+02 4.942150120496091148e+01 1.155173690707106289e+02
2.549695331021375750e+02 3.500295852191461421e+01 1.108095769901447909e+02
2.549021140696330292e+02 2.592650718078332162e+01 1.068659848351260848e+02
2.548773682869962158e+02 2.353762808832461317e+01 1.055548698054428911e+02
2.548845588667489608e+02 2.359378122612120166e+01 1.054661533337251882e+02
2.548923176394521874e+02 2.433211857599090777e+01 1.061444581594466996e+02
2.549040145770881054e+02 2.604145849252532230e+01 1.066944689355198932e+02
2.549179451008052695e+02 2.856131585650189209e+01 1.088438644957777370e+02
2.549373028468426128e+02 3.146317521895021585e+01 1.102170105213660207e+02
2.549599130076999813e+02 3.444603146613373923e+01 1.113386625913517065e+02
2.549680244518897325e+02 3.697740943200297892e+01 1.126220929093438343e+02
2.549757440388722216e+02 3.831959873821979556e+01 1.129847763474989648e+02
2.549652422657183592e+02 3.606794803973431840e+01 1.126053801994553254e+02
2.549595603362134852e+02 3.250118536805188540e+01 1.112106232488881119e+02
2.549496659417308422e+02 2.999478829914379219e+01 1.103319814259683795e+02
2.549479613628793686e+02 2.885665863359391992e+01 1.098180019201003148e+02
2.549381649326985269e+02 2.893838045416250182e+01 1.100415760496874924e+02
2.549431219263700257e+02 3.059150845431924637e+01 1.104791238072846227e+02
2.549519191206724145e+02 3.279470600913027312e+01 1.111654029271733322e+02
2.549608730578577251e+02 3.530443386429985253e+01 1.118954720899704114e+02
2.549711984952683110e+02 3.815970140480808936e+01 1.127170595035169214e+02
2.549784086678814106e+02 4.090358353416015547e+01 1.137009149865788942e+02
2.549878132408550186e+02 4.308240757068124083e+01 1.146465643919355841e+02
2.549884402123865925e+02 4.547024824154078004e+01 1.156238366739160313e+02
2.549922216344364188e+02 4.745529888908481553e+01 1.163079997648856789e+02
2.549940829561707574e+02 4.909069535061423295e+01 1.167444307294421861e+02
2.549951213777699479e+02 5.043351162836262347e+01 1.170306824193263964e+02
2.549947295205627142e+02 5.180072101726130995e+01 1.168453927388859483e+02
2.549966888065988826e+02 5.271850937518368596e+01 1.166056349066400202e+02
2.549940633633104028e+02 5.411869354807108579e+01 1.166342208899077235e+02
2.549979819353827395e+02 5.616812633476361327e+01 1.172496718195889400e+02
2.549986676854954055e+02 5.778365563588628362e+01 1.173982836654323165e+02
2.549994905856305820e+02 5.845594545347675108e+01 1.177709006837908277e+02
2.549986284997746679e+02 5.440739434550049936e+01 1.170323282195967778e+02
2.549851682047062127e+02 3.951936754246752770e+01 1.128053449323066673e+02
2.549286819882834720e+02 2.852981053704030145e+01 1.084507729383412737e+02
2.548958443543172905e+02 2.515674288289347516e+01 1.067718411410881885e+02
2.549216873371343581e+02 2.523619193166010177e+01 1.075149395560257801e+02
2.549309351672250727e+02 2.625713669938674499e+01 1.086520895785575789e+02
2.549361664609416209e+02 2.752610748643194327e+01 1.092776700170457929e+02
2.549520758635553079e+02 3.109063657203315145e+01 1.106550089147514626e+02
2.549650659299751112e+02 3.517872607221928405e+01 1.123936989361076826e+02
2.549789376751111831e+02 3.921936166460941564e+01 1.138156311839965582e+02
2.549864025549089774e+02 4.353257313035130238e+01 1.153125061227688661e+02
2.549861478477242827e+02 4.523638786026371861e+01 1.158854993240463216e+02
2.549904974627245906e+02 4.353849017418053080e+01 1.152938341268441746e+02
2.549866768549540552e+02 4.045868845392738677e+01 1.144962871529614574e+02
2.549778208820705743e+02 3.819553674640960850e+01 1.135646270499030095e+02
2.549724524383314588e+02 3.707882207723505275e+01 1.128629087560492934e+02
2.549779972178138223e+02 3.730376770704755529e+01 1.129362644252434364e+02
2.549860694762828359e+02 3.889073061776288398e+01 1.134714825917435661e+02
2.549898117126119246e+02 4.200282137189208242e+01 1.144778698642214749e+02
2.549951997492113946e+02 4.501393052371715697e+01 1.157001704578851502e+02
2.549943768490761897e+02 4.799764885675659798e+01 1.165130586414310585e+02
2.549962577636709113e+02 5.131115421540390997e+01 1.176198985089833258e+02
2.549973157781304565e+02 5.490875604929563991e+01 1.185265777150806201e+02
2.549985501283332212e+02 5.779531338780148531e+01 1.191979662610944501e+02
2.549995101784909650e+02 6.076022257489371015e+01 1.193022002782186206e+02
