2.545647387733706069e+02 2.919617583185641863e+01 1.046702279024487723e+02
2.545910736127405585e+02 2.934534834377574342e+01 1.049117221237612654e+02
2.545993734554803893e+02 2.936409475549786663e+01 1.049918499288584854e+02
2.546140760340480824e+02 2.958053967699258635e+01 1.052839669504006395e+02
2.546826090212425981e+02 3.017458375976635665e+01 1.058768003794213826e+02
2.547013928758643146e+02 3.102360150770075720e+01 1.064325778188262888e+02
2.547596290656748579e+02 3.298364993385087729e+01 1.072694391053643130e+02
2.547712738074436345e+02 3.550617807843039486e+01 1.083213224832130948e+02
2.547924040837722544e+02 3.712477222236090313e+01 1.089876812860387929e+02
2.548086917450887370e+02 3.859849978782357027e+01 1.093744789196475438e+02
2.548183020893137893e+02 3.990125059284591202e+01 1.097183794713062639e+02
2.548221961508699280e+02 4.069328024762237561e+01 1.100888145577993527e+02
2.548336037542747192e+02 4.127701505204562693e+01 1.104484785701804697e+02
2.548432140984998000e+02 4.196511569855969981e+01 1.109559796310626325e+02
2.548506028306832150e+02 4.103943985422230867e+01 1.106258830283817218e+02
2.547754299692968232e+02 3.400974763485684349e+01 1.080542547614887354e+02
2.546690172486957522e+02 2.832484211577344624e+01 1.057751429070667228e+02
2.546508199995007544e+02 2.603393574798432297e+01 1.049354359601607598e+02
2.546315244252514844e+02 2.508027757669553992e+01 1.046630388657297601e+02
2.546154614213324692e+02 2.533884576021567270e+01 1.046605301914580224e+02
2.546456778412920414e+02 2.636567983824667394e+01 1.051149996255710022e+02
2.546773295724020727e+02 2.798820548663288577e+01 1.059202715858315997e+02
2.546966126656848246e+02 3.004651656224258005e+01 1.064523975936696587e+02
2.547196899727914854e+02 3.221936546766181664e+01 1.075409500511719614e+02
2.547636853797958167e+02 3.451610044681860501e+01 1.085550161004468208e+02
2.547683782232095950e+02 3.512299992511420044e+01 1.087991313247297853e+02
2.547710241881131310e+02 3.384547315344100582e+01 1.083362247572452048e+02
2.547314720051920744e+02 3.150170989241406971e+01 1.072022291006215511e+02
2.547156086967374620e+02 2.980373680137789805e+01 1.064128703726816667e+02
2.546864531589326361e+02 2.922377124884551236e+01 1.059999625571004174e+02
2.547032775018097368e+02 2.917968847507550834e+01 1.058712588302838213e+02
2.547059234667132728e+02 2.993438755897256698e+01 1.062048750655250728e+02
2.547224233044607047e+02 3.120427597913182538e+01 1.069657023039864185e+02
2.547408452110531414e+02 3.303635705549037738e+01 1.075273208357255186e+02
2.547532887346796144e+02 3.430427348293851963e+01 1.079934350116073034e+02
2.547732582811212865e+02 3.537137115898255502e+01 1.083805821122787734e+02
2.547786875015601140e+02 3.657994059059933534e+01 1.088380719402910586e+02
2.547835051546391867e+02 3.794905269464067032e+01 1.090336486857542297e+02
2.548023888569930762e+02 3.882385611941788994e+01 1.093972192406580035e+02
2.548022640473278386e+02 3.917202516162851822e+01 1.094551434063053819e+02
2.548086293402561182e+02 3.969464067297371201e+01 1.096087591423079743e+02
2.548125608447118111e+02 3.954183619979531272e+01 1.093936746461645981e+02
2.547422805222036288e+02 3.382287012306233009e+01 1.072130500985996377e+02
2.546426824093257721e+02 2.816365043308953986e+01 1.050067522028905955e+02
2.545806520056913200e+02 2.566648361249094989e+01 1.039918124859589170e+02
2.545756970619804918e+02 2.526802875614687593e+01 1.038145702803225134e+02
2.545791667706747319e+02 2.575204063802700816e+01 1.041921444796684995e+02
2.546034796934674489e+02 2.677358278625096588e+01 1.046135892763535651e+02
2.546257207758168875e+02 2.825461171713137531e+01 1.052037892214373045e+02
2.546613040113826401e+02 3.032928533985671748e+01 1.061457028032250776e+02
2.547079828261900616e+02 3.268966076732981918e+01 1.070218541723871084e+02
2.547424178128354129e+02 3.468862484710815863e+01 1.079050198447367706e+02
2.547523152192905798e+02 3.512295000124809974e+01 1.081869773595267219e+02
2.547423678889693122e+02 3.373872344674371249e+01 1.075676593195377109e+02
2.547025036818851333e+02 3.141453034122962507e+01 1.068541224632435558e+02
2.546810364194603267e+02 3.000654002645964979e+01 1.060795411996705013e+02
2.546731110057162937e+02 2.936939916627143532e+01 1.057812960235640674e+02
2.546731734105489124e+02 2.940541923566561167e+01 1.058145827612890315e+02
2.546842565088240349e+02 3.008735428471580775e+01 1.060903996405481706e+02
2.546935797908190011e+02 3.113072564339382353e+01 1.067086692793489959e+02
2.547177429420134160e+02 3.238267891465515191e+01 1.073358752901824715e+02
2.547223359376950214e+02 3.324466438681011482e+01 1.074910012231347167e+02
2.547510047178053583e+02 3.404428246923441748e+01 1.077542622500686491e+02
2.547519283093282638e+02 3.491087341803748956e+01 1.080341479244152652e+02
2.547699258630588304e+02 3.578291854921245374e+01 1.083212725593469941e+02
2.547789620828236821e+02 3.660188212975212707e+01 1.086065999350989699e+02
2.547889842989441149e+02 3.713563066323855821e+01 1.087423179651032115e+02
2.548129227927410625e+02 3.784991637752427351e+01 1.094541574099498291e+02
2.548190634282718747e+02 3.857808092658695642e+01 1.098416539776840324e+02
2.547938893187888425e+02 3.631808991288285426e+01 1.088613739047951867e+02
2.546977109907391252e+02 2.952070592346671418e+01 1.060557150345722732e+02
2.545997603654427053e+02 2.526202541124784773e+01 1.042635855320636011e+02
2.545554404533087052e+02 2.377818826289907861e+01 1.033052345173610291e+02
2.545240258605626309e+02 2.347230473527870132e+01 1.026669828511519995e+02
2.545304161154239750e+02 2.377529267866503560e+01 1.027030653253788017e+02
2.545237013554329621e+02 2.456017073962207675e+01 1.028436010084621017e+02
2.545557899203714385e+02 2.566598437382991094e+01 1.032981078854746499e+02
2.545926586954893764e+02 2.641360674970669820e+01 1.043879084396295696e+02
2.546119293078056103e+02 2.748925388782107149e+01 1.053535483387833551e+02
2.546186565487631412e+02 2.799080152767030327e+01 1.056057013055091005e+02
2.546311250343226504e+02 2.840896383015900639e+01 1.058720076882753744e+02
2.546419585132672694e+02 2.813967449639299900e+01 1.057337310601332945e+02
2.546229000773819848e+02 2.655962157709492999e+01 1.052294376076483360e+02
2.546155238261650879e+02 2.585943935498364965e+01 1.047801477746436660e+02
2.546070617308604369e+02 2.541832455505354460e+01 1.045978008536981037e+02
2.546184568532987100e+02 2.559579141808741554e+01 1.045986495594218866e+02
2.546289408651805957e+02 2.627742692394098967e+01 1.048449239909138555e+02
2.546483113252290309e+02 2.708482064851101967e+01 1.055594218816305130e+02
2.546670452559846183e+02 2.810501485235016617e+01 1.061987593919273110e+02
2.546917950126057804e+02 2.937202016924190673e+01 1.066651980729387645e+02
2.546989341254586634e+02 3.038760889643294050e+01 1.071603679388931880e+02
2.547109532962232663e+02 3.147603654426998787e+01 1.075470407628366729e+02
2.547533885824118158e+02 3.240850203439754296e+01 1.079169766106687263e+02
2.547701255585232616e+02 3.277176056513816604e+01 1.081938543720825692e+02
2.547427423179651100e+02 3.252044382316966420e+01 1.078801452784503567e+02
2.547507550984748264e+02 3.227644092758543337e+01 1.077864756246723772e+02
2.547387858515763526e+02 3.253522128753650833e+01 1.078470457552232915e+02
2.547511919323032430e+02 3.295906242979456380e+01 1.078214348119118284e+02
2.547058860238136901e+02 3.003015401512693217e+01 1.067318838770874407e+02
2.545812885349841395e+02 2.502105539052944394e+01 1.042081700406879463e+02
2.544746761189186373e+02 2.166265195576745484e+01 1.026806869523975934e+02
2.544615960659993448e+02 2.058824043333915910e+01 1.021934924240533178e+02
2.544516612166446237e+02 2.072161204163650439e+01 1.021299268615361626e+02
2.544481166221512183e+02 2.157914180874166732e+01 1.024586505578992046e+02
2.544683857117895229e+02 2.272197398966575932e+01 1.029057312598287552e+02
2.545058785352337622e+02 2.406166845560520073e+01 1.034511245350839914e+02
2.545355582736327165e+02 2.528404183619979406e+01 1.041855420483762202e+02
2.545925338858241105e+02 2.623725069269364241e+01 1.049422630488505064e+02
2.546255834851851034e+02 2.748115374054566828e+01 1.057228351763560568e+02
2.546336212276278559e+02 2.766298894186365942e+01 1.058480691944784269e+02
2.546204288460098439e+02 2.666135393524874431e+01 1.056141384388807012e+02
2.545888769626319856e+02 2.529274106986845183e+01 1.049022740321010474e+02
2.545806644866578381e+02 2.477388232944759139e+01 1.044666883003419855e+02
2.545805396769925721e+02 2.478044731784029509e+01 1.043095030079129373e+02
2.545878660043433683e+02 2.529446344324904672e+01 1.045326127655325621e+02
2.546075360075884362e+02 2.589629564913506954e+01 1.048015027083697390e+02
2.546189186490601912e+02 2.682692643718329606e+01 1.051082848655799893e+02
2.546431442050872533e+02 2.817107660817253745e+01 1.059240907615885732e+02
2.546849928858490841e+02 3.016149122588053189e+01 1.068706098200244696e+02
2.547086443174159456e+02 3.141569107111654802e+01 1.074157909188487565e+02
2.547364519108359673e+02 3.263631711639749255e+01 1.079712188911909294e+02
2.547654451960759729e+02 3.413780235141409491e+01 1.085374803424777213e+02
2.547843039364968547e+02 3.546143381343451040e+01 1.089548438631087635e+02
2.547825066773170875e+02 3.656136891240857523e+01 1.090791667706747177e+02
2.548028506527545574e+02 3.769694965178103274e+01 1.095057287636354602e+02
2.548148074186865131e+02 3.855686328349267455e+01 1.098338533736052511e+02
2.548143581038915784e+02 3.898709468061206707e+01 1.099361723371857948e+02
2.547888095654127483e+02 3.523492923291979650e+01 1.090382666433688570e+02
2.546689922867626876e+02 2.712628241931055229e+01 1.060746736227253422e+02
2.545739622076333717e+02 2.302755797408951466e+01 1.044064925987868548e+02
2.545296922193654723e+02 2.184230298794338765e+01 1.037374254262250020e+02
2.545456678565188042e+02 2.221794263747784726e+01 1.039196475375052984e+02
2.545602331444547133e+02 2.315717281146251949e+01 1.041418586655350538e+02
2.545747734704575578e+02 2.461184194103991274e+01 1.045195202316467373e+02
2.546102069344250083e+02 2.686282169691221000e+01 1.055778063453233813e+02
2.546631262324954434e+02 2.938718454357105259e+01 1.067344424752252792e+02
2.547042385362322534e+02 3.181422081325978013e+01 1.075195576745463200e+02
2.547355408002795798e+02 3.396912208881455797e+01 1.081865405256983053e+02
2.547602031901350301e+02 3.505580240133795655e+01 1.083491924814657636e+02
2.547369636304635492e+02 3.356150620304036636e+01 1.079069169516487392e+02
2.546947904445720212e+02 3.103483437757419949e+01 1.068389456079478776e+02
2.546651980729387788e+02 2.922589301315493771e+01 1.061149621826714196e+02
2.546777289633309067e+02 2.905856069494021554e+01 1.058888070692194390e+02
2.546656473877337135e+02 2.922923791218391898e+01 1.062230598337535241e+02
2.546936796385512025e+02 3.050119817278650203e+01 1.064138438880706872e+02
2.547161703402311446e+02 3.160545168617857925e+01 1.070708045231022680e+02
2.547302488704725363e+02 3.353920271585831614e+01 1.078709218441876203e+02
2.547527770150520325e+02 3.534506128154563953e+01 1.083239809290831488e+02
2.547786625396270779e+02 3.709389431117545399e+01 1.090505104715309130e+02
2.548023139711939393e+02 3.890282319462819061e+01 1.096340206185567041e+02
2.548114001148248917e+02 3.993916776915204281e+01 1.099378822295998646e+02
2.548300341978482777e+02 4.075033074561294200e+01 1.102913057587179537e+02
2.548375477396969586e+02 4.192716107935398639e+01 1.109197099423379314e+02
2.548393200369436613e+02 4.318812560844711612e+01 1.113115124435236254e+02
2.548599261126781528e+02 4.353338658545717976e+01 1.114964928484061772e+02
2.548149197473852325e+02 3.987256933176904994e+01 1.103370235391028729e+02
2.547131998701979398e+02 3.164993385087741018e+01 1.071837323082299491e+02
2.546129652280272637e+02 2.637555228276877628e+01 1.050206934425001890e+02
2.545722398342527697e+02 2.468864980904121254e+01 1.041141134769476508e+02
2.545763460722398293e+02 2.460868425650882330e+01 1.039846484111729552e+02
2.545934574773470445e+02 2.555212051621277425e+01 1.044921494720551181e+02
2.546029679738398954e+02 2.684720800778812233e+01 1.050651132023663905e+02
2.546469508998776803e+02 2.897421432315718448e+01 1.059614213324679923e+02
2.547008811562367327e+02 3.206292903322433574e+01 1.073475949177504276e+02
2.547596540276078940e+02 3.526837822320960214e+01 1.086799256134395080e+02
2.547906692294251343e+02 3.789745637902198894e+01 1.095584608472080106e+02
2.548122363395821424e+02 3.845421981478245499e+01 1.098694490901375360e+02
2.547912558348518530e+02 3.652918049973789749e+01 1.093134719552682128e+02
2.547528893437507804e+02 3.323506652355158053e+01 1.082441277052494968e+02
2.547358278625096659e+02 3.146234492399091209e+01 1.074674621202665890e+02
2.547240707920421414e+02 3.086639125333865863e+01 1.073465215546291915e+02
2.547255061031926289e+02 3.103417288634831905e+01 1.074767978832280733e+02
2.547269663762761809e+02 3.210973265769700902e+01 1.076588577419435353e+02
2.547530515963156290e+02 3.339675744489652942e+01 1.081075609695214865e+02
2.547799730411122994e+02 3.520378922143731160e+01 1.086590823993410027e+02
2.547966351314245799e+02 3.703718079928109574e+01 1.093278250667731726e+02
2.548101894610718716e+02 3.865354085020344144e+01 1.098486932428047282e+02
2.548304335887771117e+02 4.031669204463193523e+01 1.107882853648186483e+02
2.548512268790095163e+02 4.201233119492773227e+01 1.114568782606525019e+02
2.548639200219664929e+02 4.282914804922493346e+01 1.118802950500486730e+02
2.548745912483462632e+02 4.380954045081251280e+01 1.122880232645215983e+02
2.548894560794788049e+02 4.516574723546591486e+01 1.126732857392476461e+02
2.548856993085544502e+02 4.525507351289283520e+01 1.124067172561843222e+02
2.548319937095928651e+02 3.816679563665410058e+01 1.101312872868874990e+02
2.546887496567734104e+02 2.916454906267941283e+01 1.065065774693592289e+02
2.546291155987119623e+02 2.538069444097751060e+01 1.049328274381568065e+02
2.545886523052345183e+02 2.442436534285215188e+01 1.044778462844162590e+02
2.545895509348243877e+02 2.461305259479293994e+01 1.045472779012006725e+02
2.546053643194128995e+02 2.554102493697111953e+01 1.050977883727315856e+02
2.546410598836774000e+02 2.703361124285464712e+01 1.057813085045305854e+02
2.546894860337984596e+02 2.910988242929532532e+01 1.067088689748134129e+02
2.547176430942812146e+02 3.171955268215970491e+01 1.076843813184893008e+02
2.547606275429969287e+02 3.424889543446244744e+01 1.085946930930331291e+02
2.547829185492124395e+02 3.617103916527295837e+01 1.093920521205162117e+02
2.547971094081525791e+02 3.632512917800354302e+01 1.092973839894161472e+02
2.547786126157609772e+02 3.457996555253238569e+01 1.087054741519183239e+02
2.547482464242031028e+02 3.183080801777289537e+01 1.077881480741868643e+02
2.547251691170964421e+02 3.041249594368587950e+01 1.074317915179351530e+02
2.547170190459549133e+02 3.019928359252140382e+01 1.074689598362497236e+02
2.547062978957090422e+02 3.046193305209555291e+01 1.075679214198347466e+02
2.547347669803549479e+02 3.139939092883352956e+01 1.080164124709817486e+02
2.547512917800354444e+02 3.285251241856169457e+01 1.086845186091210849e+02
2.547707246449164984e+02 3.484024362846658818e+01 1.091948653303711865e+02
2.547927285889019231e+02 3.699905144654402278e+01 1.098308829035720464e+02
2.548193629714685073e+02 3.898228950849954089e+01 1.104295075010608826e+02
2.548332792491450505e+02 4.054939966551009434e+01 1.109073413045106236e+02
2.548534360100846072e+02 4.202058111380145533e+01 1.115390903871595754e+02
2.548803948977808886e+02 4.311267816579715628e+01 1.118269139562167709e+02
2.548698484810663842e+02 4.407179051945782788e+01 1.119020493747035800e+02
2.548889193979181869e+02 4.471709393175407854e+01 1.122293752028157030e+02
2.548847257931654156e+02 4.501087092184418736e+01 1.122977459374453986e+02
2.548674271735603156e+02 4.047929407653328582e+01 1.108669653777988628e+02
2.547221986470632373e+02 3.034112977708993952e+01 1.070604078779860657e+02
2.546039290082624120e+02 2.552125508599386094e+01 1.048318688999276134e+02
2.545880906617408357e+02 2.429919372956241830e+01 1.043490926337335623e+02
2.545863682883602621e+02 2.423521629514989684e+01 1.044280097850777622e+02
2.545912982701380258e+02 2.498046728738673394e+01 1.047086567983824636e+02
2.546217268665285474e+02 2.583008412171438550e+01 1.055617807843039344e+02
2.546779785826614386e+02 2.765553780484760793e+01 1.066959262125259045e+02
2.547199895159881180e+02 3.001563865105713802e+01 1.077662814208332236e+02
2.547711989216444977e+02 3.300376925189086563e+01 1.089288460098349987e+02
2.548006040787798554e+02 3.573024887047252918e+01 1.100208681760315557e+02
2.548087791118544203e+02 3.727294625695813579e+01 1.100866553505903482e+02
2.547993185392276700e+02 3.676608172536881369e+01 1.096121040413369627e+02
2.547657322583060875e+02 3.422942512668181081e+01 1.086463143705848609e+02
2.547313471955268085e+02 3.219130825491126302e+01 1.077399965053293727e+02
2.547259054941214629e+02 3.173195876288659889e+01 1.074426125159132255e+02
2.547276653104016475e+02 3.147777139861710793e+01 1.077718229699707990e+02
2.547434162901575121e+02 3.203336162352412231e+01 1.083954095005117182e+02
2.547645964903522042e+02 3.359655275704550803e+01 1.088762761788272826e+02
2.547954244776715598e+02 3.556740970020718606e+01 1.096887246948403742e+02
2.548199370959287080e+02 3.807699508249918807e+01 1.108106013329672237e+02
2.548530241381892552e+02 4.021610793539851869e+01 1.113283991912333732e+02
2.548862484710816148e+02 4.204395796410474162e+01 1.117449264871071648e+02
2.549003519632560426e+02 4.409386934924240364e+01 1.123001547639849207e+02
2.549077906193055583e+02 4.648136591697661402e+01 1.131763685379795845e+02
2.549155537804847711e+02 4.839660767329822022e+01 1.137209879933102030e+02
2.549274731035171442e+02 5.027314595242255280e+01 1.145400514215820920e+02
2.549396794887796034e+02 5.221490976261201666e+01 1.152542996929682175e+02
2.549376326102693326e+02 5.107272659194727993e+01 1.149114100995981147e+02
2.548863108759142335e+02 3.934922992436534628e+01 1.113636828836025074e+02
2.547462369885923863e+02 2.931038915653628152e+01 1.076954269738648549e+02
2.546950899877686538e+02 2.686601682434287852e+01 1.062523901050897450e+02
2.546831332218366981e+02 2.731312248820548660e+01 1.062593544844112756e+02
2.547045505603954041e+02 2.892158208731684255e+01 1.068728189510995747e+02
2.547303487182047377e+02 3.107132872369636445e+01 1.076852924290457025e+02
2.547865879533711109e+02 3.431202416315119308e+01 1.088681385886523003e+02
2.548444497141858562e+02 3.824501385387284103e+01 1.105232645216045597e+02
2.548785976386011214e+02 4.277872494445969664e+01 1.120226903971443591e+02
2.549140311025685719e+02 4.679377699009011593e+01 1.132701130775567293e+02
2.549299817777888677e+02 4.902828187014802097e+01 1.140312897830808083e+02
2.549363595516836938e+02 4.858861486233494276e+01 1.139426624397793404e+02
2.549221811737101007e+02 4.596359302064352192e+01 1.134216320111829504e+02
2.548986795137415413e+02 4.247871995207308515e+01 1.124808916402486147e+02
2.548835775442450142e+02 4.049891415591223165e+01 1.117939267616884251e+02
2.548853997653578176e+02 4.062354908764134365e+01 1.119795187339307603e+02
2.548866353810439023e+02 4.182369386685304846e+01 1.125710416614662677e+02
2.549137190784054212e+02 4.389426125159132397e+01 1.131893237812336253e+02
2.549409650283317887e+02 4.647311599810289096e+01 1.139247272908814068e+02
2.549476298644567009e+02 4.908844012880357610e+01 1.147459249644292498e+02
2.549566161603554519e+02 5.172509423129726969e+01 1.155200069893412547e+02
2.549658520755847348e+02 5.357985322383365201e+01 1.160245625421232631e+02
2.549701080851701249e+02 5.524592496442924272e+01 1.160158383465215479e+02
2.549725044307431290e+02 5.648493547340306264e+01 1.164213449489528500e+02
2.549739522228601345e+02 5.831352187913432061e+01 1.167434038091909798e+02
2.549806919447842120e+02 5.930233893312698257e+01 1.170057786875015609e+02
2.549793440003993794e+02 5.713111255335613237e+01 1.163278375477396906e+02
2.549388557449888992e+02 4.429512493447492716e+01 1.128612615760964530e+02
2.548306332842415429e+02 3.312499687975837048e+01 1.091133271760565151e+02
2.547936022565587564e+02 2.983688624847108173e+01 1.078811936796385567e+02
2.547910686203539683e+02 2.956299143805696161e+01 1.078188013279748390e+02
2.547962981453283646e+02 3.078088415166870462e+01 1.082696762437283127e+02
2.548222335937695107e+02 3.298424902024412830e+01 1.091061131774044526e+02
2.548497166820598636e+02 3.635978882204637586e+01 1.102688774618706447e+02
2.548817178802326566e+02 4.057327575447442314e+01 1.115784179126831646e+02
2.549312173934749524e+02 4.559393175407503662e+01 1.132244077781383425e+02
2.549553431017698131e+02 4.984977908689248949e+01 1.144427997304111244e+02
2.549656024562542029e+02 5.145872544369836277e+01 1.152587179551184420e+02
2.549643793215346648e+02 5.059152292753550739e+01 1.152348169042210628e+02
2.549485409750131168e+02 4.637466613414542849e+01 1.141697411447542549e+02
2.549268365742242963e+02 4.223331918823793529e+01 1.131099073912283757e+02
2.549214073537854688e+02 4.019818526746711029e+01 1.126577594168892489e+02
2.549077906193055583e+02 4.014432989690721598e+01 1.123451736102443732e+02
2.549141683932003559e+02 4.092430293801952246e+01 1.127583310451561402e+02
2.549204712812960167e+02 4.249973789970295002e+01 1.131722872619255611e+02
2.549414393050597880e+02 4.482720101844687122e+01 1.136992336686552960e+02
2.549503257532263376e+02 4.728914655150894930e+01 1.144953695614188405e+02
2.549634682109782489e+02 4.974463942487706447e+01 1.148944484660892158e+02
2.549716182821197776e+02 5.203163925014353453e+01 1.152883852125508639e+02
2.549744389805546518e+02 5.405818626594443543e+01 1.157953620728389268e+02
2.549748633334165504e+02 5.559002521155237986e+01 1.161198921644492117e+02
2.549768602880607204e+02 5.650153515888270306e+01 1.162947879483787261e+02
2.549768852499937566e+02 5.777156086967374904e+01 1.166466763186141122e+02
2.549776840318514246e+02 5.627549237412944905e+01 1.163380969022241089e+02
2.549361848181523271e+02 4.328234442475225308e+01 1.128291730111579909e+02
2.548364244527096218e+02 3.263986171089089083e+01 1.092762162701879589e+02
2.547973091036169819e+02 2.919487781133771165e+01 1.080460048426150053e+02
2.547902448765632357e+02 2.860339232670177978e+01 1.081286413219839773e+02
2.548112753051596258e+02 2.954119967050248263e+01 1.088710716157859224e+02
2.548222710366690933e+02 3.163213599261126774e+01 1.097511295274706100e+02
2.548574673622725300e+02 3.433097027033773685e+01 1.108155562766780662e+02
2.548876962631986203e+02 3.796540276078979304e+01 1.120013229824517680e+02
2.549163400813758926e+02 4.217679289084146887e+01 1.133736551758568254e+02
2.549421382391852546e+02 4.616077981078854719e+01 1.143935123935997638e+02
2.549507750680212723e+02 4.788023264521604716e+01 1.149504755248246397e+02
2.549561044407278985e+02 4.762811712138987730e+01 1.147231347195526752e+02
2.549406904470682207e+02 4.497030778063453482e+01 1.141094455954669087e+02
2.549288959337011136e+02 4.172193654676618024e+01 1.130238386460647462e+02
2.549125333865854657e+02 3.936933676143880234e+01 1.123809190983749744e+02
2.549068795087491708e+02 3.844795436958638390e+01 1.120895758967574380e+02
2.549044831631761667e+02 3.935205062280022759e+01 1.121259454332143548e+02
2.549209330770574979e+02 4.103854122463243215e+01 1.128517385986370840e+02
2.549253263772746436e+02 4.315552532388107920e+01 1.134228801078355531e+02
2.549448216469883448e+02 4.561782032400589060e+01 1.141245974888295365e+02
2.549517236214772424e+02 4.841808741668954497e+01 1.147702004443224126e+02
2.549642045880032981e+02 5.163757769401662756e+01 1.157013055090986313e+02
2.549733531364668977e+02 5.513214847357779291e+01 1.168034747010808587e+02
2.549765482638975698e+02 5.830618307081700635e+01 1.173014278225705738e+02
2.549797309103616954e+02 6.061938044482164401e+01 1.178966575971643209e+02
2.549883427772646769e+02 6.295719028481565260e+01 1.184727790120066828e+02
2.549878809815031957e+02 6.215646139637053835e+01 1.181813983674895780e+02
2.549658271136516703e+02 4.916236489353735806e+01 1.148505653877836323e+02
2.548871970245375849e+02 3.542875864306932243e+01 1.110921719377948591e+02
2.548556326601932085e+02 3.110085869049699170e+01 1.097895459424377833e+02
2.548551583834652092e+02 3.049835251241856326e+01 1.097133121988966877e+02
2.548586280921594494e+02 3.155514091011207967e+01 1.099423628965827078e+02
2.548668655300666614e+02 3.371811737100921391e+01 1.109290332243328976e+02
2.548936372032650297e+02 3.748327550485509363e+01 1.120367814083522688e+02
2.549272609270861949e+02 4.249031476997578949e+01 1.135615062030403664e+02
2.549617957614637760e+02 4.766200294550809957e+01 1.150689698210229466e+02
2.549707446144629444e+02 5.240706672324704840e+01 1.165439330021716842e+02
2.549716307630862957e+02 5.533010908364743585e+01 1.172482713861361390e+02
2.549760739871695705e+02 5.563997403958962451e+01 1.170115448940365894e+02
2.549713811437557638e+02 5.302777015052045329e+01 1.162481465764708872e+02
2.549661890616809501e+02 4.894160155762462239e+01 1.151421332467986360e+02
2.549550435585731805e+02 4.606849554429494731e+01 1.144201093332667654e+02
2.549525473652679750e+02 4.578199495768952687e+01 1.143098150320760880e+02
2.549541449289833110e+02 4.652581063877586587e+01 1.147989690721649509e+02
2.549587753675644706e+02 4.728943361373904963e+01 1.151988842015925769e+02
2.549656274181872675e+02 4.956178078430393441e+01 1.158760640023963475e+02
2.549792067097675954e+02 5.321305009859963775e+01 1.167913182396844860e+02
2.549793689623324440e+02 5.622896333092034382e+01 1.175428846009834984e+02
2.549837747435161361e+02 5.801311749581887511e+01 1.175381043908040226e+02
2.549863458226205069e+02 6.052412570829485361e+01 1.179378822295998646e+02
2.549947330321260210e+02 6.311690921344948890e+01 1.186748458600633995e+02
2.549941713886323384e+02 6.493744539577144792e+01 1.189862958987544062e+02
2.549917126382267156e+02 6.596059758867727396e+01 1.189385811637253170e+02
2.549912258805321983e+02 6.025531065125683483e+01 1.178409176006589973e+02
2.549570529941838686e+02 4.468465589975287600e+01 1.136269938344025405e+02
2.548852874366590981e+02 3.493180399890167820e+01 1.103302463742792270e+02
2.548645440702927942e+02 3.248247672299742561e+01 1.095887895958663023e+02
2.548561194178877258e+02 3.274392800978507978e+01 1.097137115898255217e+02
2.548610743615985541e+02 3.429076907715733569e+01 1.104374828386710305e+02
2.548729562417313730e+02 3.646764933476448078e+01 1.111876513317191240e+02
2.549016250218416815e+02 3.989165272958737773e+01 1.124692718604128743e+02
2.549379945582985840e+02 4.477846284416265377e+01 1.138701105813634200e+02
2.549583634956691185e+02 4.966662090312274103e+01 1.153845510596340631e+02
2.549701580090362256e+02 5.258198746910960608e+01 1.166181822720351420e+02
2.549750006240483344e+02 5.301276802875614891e+01 1.166654601732358145e+02
2.549729287836049991e+02 5.091559122338433951e+01 1.164004393300217117e+02
2.549632185916477454e+02 4.724693592271785292e+01 1.154111230373680144e+02
2.549553680637028492e+02 4.383912034147924430e+01 1.144197349042709817e+02
2.549319163276004190e+02 4.266598437382990738e+01 1.138156686053767999e+02
2.549349492024662425e+02 4.302431292279273833e+01 1.137756546266942905e+02
2.549450962282519129e+02 4.476339831756570931e+01 1.141170090611817045e+02
2.549489278849754044e+02 4.648010533935747901e+01 1.144478794837872186e+02
2.549597488829535052e+02 4.907011806994333369e+01 1.151896108434637114e+02
2.549653403559571530e+02 5.167274905768702808e+01 1.162066099198721929e+02
2.549728788597388984e+02 5.372641721374903057e+01 1.166990714160904616e+02
2.549800554154913641e+02 5.600028706223010033e+01 1.174872194902773259e+02
2.549839120341479202e+02 5.809595367065225702e+01 1.178772996180824180e+02
2.549890292304235970e+02 6.022360899628067443e+01 1.182386360799780363e+02
2.549907890467037817e+02 6.176663088789595690e+01 1.185521080352462491e+02
2.549852350165996882e+02 5.723479194228801248e+01 1.173721699408402230e+02
2.549396170839469846e+02 4.203115249244901719e+01 1.131961633508898899e+02
2.548562442275529918e+02 3.293644691844936290e+01 1.099996505329372667e+02
2.548279623574049708e+02 3.037732458001547542e+01 1.089330146526547054e+02
2.548259404408277362e+02 3.017304860088365359e+01 1.090516212775517317e+02
2.548363495669104566e+02 3.155451686178577830e+01 1.095555527820074389e+02
2.548515888270387677e+02 3.371007962856643303e+01 1.102692893337660109e+02
2.548701480242629884e+02 3.634453708095154667e+01 1.112422305983375423e+02
2.549042335438456348e+02 3.981711639749381959e+01 1.123107635855320581e+02
2.549224432740071506e+02 4.355663862609520720e+01 1.136081974988143060e+02
2.549558423404308485e+02 4.672493197873243531e+01 1.148749781583085792e+02
2.549612465989366115e+02 4.805051047153091304e+01 1.151916452410074641e+02
2.549498514764983383e+02 4.674438980554653966e+01 1.147820324005891024e+02
2.549431741594069081e+02 4.329501260577619348e+01 1.140400264596490416e+02
2.549263622974963255e+02 4.056698534734530170e+01 1.129139437358029028e+02
2.549183370360200627e+02 3.886745213549337308e+01 1.121026684306432628e+02
2.549090387159581610e+02 3.884649659269614119e+01 1.119230922842664882e+02
2.549210454057562174e+02 3.971698160305533776e+01 1.125275704550560363e+02
2.549208581912583327e+02 4.133979431367165347e+01 1.128679513741544156e+02
2.549373455480392465e+02 4.326547015800903750e+01 1.134639924115723488e+02
2.549517236214772424e+02 4.582902323955967461e+01 1.144607223983425257e+02
2.549540076383515270e+02 4.801164474176880503e+01 1.149687975836848750e+02
2.549654526846559008e+02 5.000829984273982376e+01 1.155115199321035391e+02
2.549699957564713770e+02 5.215936946157110299e+01 1.161115049549437117e+02
2.549763485684331386e+02 5.412116522303487187e+01 1.165428846009834984e+02
2.549789196475375093e+02 5.558338533736052511e+01 1.169063677891215889e+02
2.549781458276128774e+02 5.469072164948453718e+01 1.165895883777239703e+02
2.549524599985022917e+02 4.447896957140360996e+01 1.137693767005316943e+02
2.548634831881380762e+02 3.339714435485883826e+01 1.100133047103167598e+02
2.548174533835900206e+02 2.838461346446668898e+01 1.085734380070392717e+02
2.547947130625795751e+02 2.731071366166596093e+01 1.083345772696637681e+02
2.547896333092034524e+02 2.754397044507126679e+01 1.084321784278974548e+02
2.548097401462769369e+02 2.872455754973665165e+01 1.090087117146351829e+02
2.548342153216345025e+02 3.076097701005965845e+01 1.097743066823094722e+02
2.548521255085993857e+02 3.310698684506127876e+01 1.107113776490851507e+02
2.548808442125758233e+02 3.558317316092958293e+01 1.113340655500362004e+02
2.548906542522653069e+02 3.798041736352062969e+01 1.122544619455330661e+02
2.549057936646613882e+02 3.992975712039140035e+01 1.129938718454357058e+02
2.549117470856943157e+02 4.008457102918050197e+01 1.128489054192356633e+02
2.549018496792391488e+02 3.806867027782631396e+01 1.119951948278874738e+02
2.548804822645465720e+02 3.572749057687027374e+01 1.113420408876463341e+02
2.548654676618157282e+02 3.366768178527745192e+01 1.108019145802650911e+02
2.548460223159681561e+02 3.235897755922218266e+01 1.099416639624572554e+02
2.548280746861036903e+02 3.240251117046503992e+01 1.097426299892663621e+02
2.548488305334365123e+02 3.428858490801527381e+01 1.105190334739522200e+02
2.548664911010708636e+02 3.646757444896532974e+01 1.115598212725593470e+02
2.548789096627642721e+02 3.869258131349691610e+01 1.122085943935498307e+02
2.549049075160380369e+02 4.131720376425950292e+01 1.130632410573874864e+02
2.549258006540026429e+02 4.391773794962681876e+01 1.138128479069419114e+02
2.549413269763610401e+02 4.625975387534010963e+01 1.146600933576296200e+02
2.549470182970969176e+02 4.890324754749007496e+01 1.155184343875589690e+02
2.549586131149996220e+02 5.055944684356356333e+01 1.161674196849804019e+02
2.549595117445894914e+02 5.149534459948578302e+01 1.162884850602830653e+02
2.549637178303087808e+02 5.172646713761513837e+01 1.163818551708644264e+02
2.549452709617832795e+02 4.472530640772821187e+01 1.138331294775467342e+02
2.548539352487456711e+02 3.328073438007039186e+01 1.098303836649110110e+02
2.547801602556101841e+02 2.807683282993435014e+01 1.077913681635505867e+02
2.547799106362796806e+02 2.731609295823868777e+01 1.074721175207808130e+02
2.547906817103916524e+02 2.780743116746960908e+01 1.077007688275379991e+02
2.548064950949801641e+02 2.959051196924689719e+01 1.089060183220588556e+02
2.548357130376176372e+02 3.201060882154713738e+01 1.099082024912009246e+02
2.548638825790669102e+02 3.495305908489553559e+01 1.110995232270787056e+02
2.548913531863907451e+02 3.904188612366141342e+01 1.124188861985472130e+02
2.549212825441202028e+02 4.292434038091909798e+01 1.138530615810888378e+02
2.549410898379970547e+02 4.475239010508973792e+01 1.145899628067197540e+02
2.549404033848381346e+02 4.410967025286438314e+01 1.144181872644217606e+02
2.549295574249269976e+02 4.109440603080302878e+01 1.136560620054416972e+02
2.549146177079953191e+02 3.816423703851626215e+01 1.130482139736901246e+02
2.548992536382017420e+02 3.651184443723322204e+01 1.124287336811362650e+02
2.548956341579091998e+02 3.615505104715309415e+01 1.122322707870497425e+02
2.548977808841516719e+02 3.687475350091111181e+01 1.124999875190334677e+02
2.549109607848031658e+02 3.833530116572227087e+01 1.128410798532238317e+02
2.549350490501984439e+02 4.043210354209829660e+01 1.134563665410249342e+02
2.549462569581388323e+02 4.280302538628591691e+01 1.143067571952771999e+02
2.549453458475824448e+02 4.494371084096752611e+01 1.147870372681660456e+02
2.549577768902423713e+02 4.694962681910087099e+01 1.152364269489029169e+02
2.549675619679987904e+02 4.874649908888944339e+01 1.156500586605426690e+02
2.549663513142457703e+02 4.951993210354209651e+01 1.158527869998252697e+02
2.549711939292578791e+02 5.069789820523701707e+01 1.161170839469808556e+02
2.549735278699982644e+02 5.189720675969147123e+01 1.166101445295923753e+02
2.549707321334964263e+02 4.980764334390055126e+01 1.161224008387209494e+02
2.549324405281944905e+02 3.969100871171463751e+01 1.131139387434162842e+02
2.548433638700981021e+02 3.048198996530291183e+01 1.101031302264047298e+02
2.548099523227078578e+02 2.739799306058261052e+01 1.087619630064152147e+02
2.548022515663612921e+02 2.681392127006315462e+01 1.084515488879458758e+02
2.548133346646364430e+02 2.784935473403060158e+01 1.087550360699932668e+02
2.548290107585931423e+02 2.978325553530865477e+01 1.094319288085669371e+02
2.548567434662140272e+02 3.270371433563815344e+01 1.103488430144030303e+02
2.548922018921145138e+02 3.653922767779136649e+01 1.116902848156561276e+02
2.549227053743041722e+02 4.063764009884925343e+01 1.134416514814907231e+02
2.549463068820049330e+02 4.411292778512768109e+01 1.145854072539377455e+02
2.549482663937495204e+02 4.513489428621352317e+01 1.149780334989141579e+02
2.549462569581388323e+02 4.358724195601707407e+01 1.146258830283817218e+02
2.549280597089438629e+02 3.963835151394123812e+01 1.135837597663563088e+02
2.549057437407952875e+02 3.677202266543520892e+01 1.127320835725518577e+02
2.548904420758343576e+02 3.528601382891091021e+01 1.121816105439205273e+02
2.548852000698934148e+02 3.483054591747585249e+01 1.119573525373805012e+02
2.548936122413319652e+02 3.607366266443673197e+01 1.122959112353660629e+02
2.549139686977359531e+02 3.834343875589725315e+01 1.130548164049824038e+02
2.549249644292453922e+02 4.049761613539352822e+01 1.137412196400489250e+02
2.549435860313022602e+02 4.265438955592721015e+01 1.143731434562292435e+02
2.549547315344100298e+02 4.485245001372906160e+01 1.149369087142108299e+02
2.549606974364094754e+02 4.675643393824417871e+01 1.154261126781657936e+02
2.549686353311200548e+02 4.853322433289233828e+01 1.160191458026509537e+02
2.549717056488854610e+02 5.019452834427497834e+01 1.167092808467087650e+02
2.549803924015875793e+02 5.191491725119193035e+01 1.170333741044906475e+02
2.549804048825540974e+02 5.296220763335912807e+01 1.174878560195701596e+02
2.549783704850103732e+02 5.062211377649084909e+01 1.168855994608222488e+02
2.549400913606749839e+02 3.898302588552457593e+01 1.134054691595317195e+02
2.548520506228002205e+02 2.965755972142482833e+01 1.098531239859214708e+02
2.548182521654476886e+02 2.637935897755922099e+01 1.085878410424103180e+02
2.548075684581014002e+02 2.575256483862110457e+01 1.083049474551309288e+02
2.548146326851551464e+02 2.644896532787499055e+01 1.083153191383140665e+02
2.548264646414218362e+02 2.778068445620428761e+01 1.088557449888919422e+02
2.548494670627293317e+02 2.932616509822520712e+01 1.097978707471106503e+02
2.548701854671625711e+02 3.128361748333790970e+01 1.105377424427747712e+02
2.548976311125533698e+02 3.392546366790644186e+01 1.115573625221537100e+02
2.549059184743266542e+02 3.687842290506976894e+01 1.125329747135618135e+02
2.549255635156386575e+02 3.861452534884301713e+01 1.130425725768203478e+02
2.549203339906642327e+02 3.775819375452434912e+01 1.129732532887346821e+02
2.549091510446569089e+02 3.537309353236314280e+01 1.123100272085070230e+02
2.548876338583660015e+02 3.291668954843863304e+01 1.116581588078180829e+02
2.548818676518309587e+02 3.186505578992037258e+01 1.111728738673522940e+02
2.548879209205960876e+02 3.204926237487831031e+01 1.112704251017198800e+02
2.548883203115249216e+02 3.311375152891839946e+01 1.115084496143381330e+02
2.548902423803699264e+02 3.458876463393325196e+01 1.117847033274256745e+02
2.549154164898529871e+02 3.693844387309353294e+01 1.124741394373580334e+02
2.549304685354833850e+02 3.903436010084620733e+01 1.133219465315393961e+02
2.549394922742817187e+02 4.078182022415816022e+01 1.138860862185167662e+02
2.549430743116747067e+02 4.217755422979955426e+01 1.143158683008412169e+02
2.549488654801427856e+02 4.324888295349592227e+01 1.148112004193604747e+02
2.549587129627318234e+02 4.447173061081850420e+01 1.150555902249070215e+02
2.549596615161878219e+02 4.588744664386810257e+01 1.155656498839270085e+02
2.549627318339532280e+02 4.692346671326227181e+01 1.157476972616759383e+02
2.549693717081450757e+02 4.779743391328224789e+01 1.159290082623998472e+02
2.549556925688325180e+02 4.391675195327125891e+01 1.147955243254037612e+02
2.548930505978382826e+02 3.282852400089863210e+01 1.113529617333566364e+02
2.548163550585357200e+02 2.613395821372407113e+01 1.088937620129302815e+02
2.547914430493497377e+02 2.396070991737600053e+01 1.079508998776865241e+02
2.547852150470532422e+02 2.371230124060807398e+01 1.079726916452410137e+02
2.547845785177604228e+02 2.470292803474701060e+01 1.082608397194278780e+02
2.548039864207084122e+02 2.606582461745837520e+01 1.087166446169591438e+02
2.548263647936896348e+02 2.823346895983624805e+01 1.094910885899004001e+02
2.548383964454207273e+02 3.029775841841192019e+01 1.101972866378772409e+02
2.548684131699158684e+02 3.245745238511270259e+01 1.110602581063877636e+02
2.548946356805871005e+02 3.451789770599835094e+01 1.116030054167394781e+02
2.548993285240009072e+02 3.552413818926137878e+01 1.119086767679289096e+02
2.548910786051271771e+02 3.476885249993759430e+01 1.116966625895509395e+02
2.548790843962956387e+02 3.247852025660867525e+01 1.109004518109882440e+02
2.548648685754224914e+02 3.067182546616410121e+01 1.103440877661566049e+02
2.548596640123811312e+02 3.026495843838146982e+01 1.101820348967824117e+02
2.548579291580340112e+02 3.056586206035795428e+01 1.104553555827363311e+02
2.548655550285814115e+02 3.134400039939092864e+01 1.108074810913357169e+02
2.548825541049898789e+02 3.265233019645041423e+01 1.114024113227328314e+02
2.549021367414692634e+02 3.398285115199320927e+01 1.118585781682933487e+02
2.549088265395272117e+02 3.541542897081949803e+01 1.125255485384788159e+02
2.549200843713337292e+02 3.716194054067546659e+01 1.130812261301515207e+02
2.549291580339981635e+02 3.891609046204538203e+01 1.135088989291330677e+02
2.549449963805197115e+02 4.061564863583036100e+01 1.140494620703427273e+02
2.549479918124859523e+02 4.191673947230473374e+01 1.145640273582786222e+02
2.549592371633259233e+02 4.306312872868875274e+01 1.149751628766131688e+02
2.549602231596814761e+02 4.426331095080003308e+01 1.154164524100746405e+02
2.549591248346272039e+02 4.423967200019969681e+01 1.153410299293577310e+02
2.549446718753900427e+02 3.991545393275255549e+01 1.141123286987344301e+02
2.548810563890067726e+02 3.026475874291705281e+01 1.108341154739023011e+02
2.548216719502758281e+02 2.410855944684356444e+01 1.086857417438406372e+02
2.547999051446543888e+02 2.183089538453857870e+01 1.076267691770050732e+02
2.547895833853373517e+02 2.125575996605176954e+01 1.075380544669379219e+02
2.547875739497266636e+02 2.227045006365293034e+01 1.075388158058960073e+02
2.547976585706797152e+02 2.404484411272808941e+01 1.084749132572826369e+02
2.548343026884001858e+02 2.581007713237313084e+01 1.093296972117520767e+02
2.548583035870297806e+02 2.819903397319088256e+01 1.101882129752128066e+02
2.548749781583085792e+02 3.114637677541748673e+01 1.112135118943611047e+02
2.549033099523227008e+02 3.377181048900426674e+01 1.120781058885200139e+02
2.549200594094006647e+02 3.559683981927560126e+01 1.126739846733731127e+02
2.549169266868026398e+02 3.468591647737201100e+01 1.127345672848905451e+02
2.549029854471930321e+02 3.226810364194603409e+01 1.121153241307006851e+02
2.549002396345572947e+02 3.084694590749107590e+01 1.115380919098375045e+02
2.548920895634157944e+02 3.046464142183170765e+01 1.113981428321809233e+02
2.548898180275080563e+02 3.046110930830483454e+01 1.112625995357080484e+02
2.548930006739721819e+02 3.159123586530541061e+01 1.115543670901874691e+02
2.549110481515688491e+02 3.350976011582336866e+01 1.123057462369885968e+02
2.549247272908814068e+02 3.611412595791418312e+01 1.129685729262874077e+02
2.549369087142108299e+02 3.858086418212226221e+01 1.138027882479219244e+02
2.549450712663188767e+02 4.072127505554030336e+01 1.145837098424902081e+02
2.549518858740420910e+02 4.250805022340929895e+01 1.151158982551608858e+02
2.549645290931329669e+02 4.639281345947430424e+01 1.154473552831931329e+02
2.549711689673248429e+02 4.822852649709193429e+01 1.159453832904820132e+02
2.549774718554204753e+02 5.027144854097501536e+01 1.165410249369711124e+02
2.549820898130351168e+02 5.191853673148448678e+01 1.169388682259554173e+02
2.549851226879009403e+02 5.256647362771772691e+01 1.170991113551833394e+02
2.549817528269389300e+02 4.962197648585906506e+01 1.159673373106013372e+02
2.549436733980679435e+02 3.761194178877212124e+01 1.124266243977933613e+02
2.548667656823344316e+02 2.860179476298644730e+01 1.092671051646239420e+02
2.548277626619405396e+02 2.628153316192805988e+01 1.079236164848605881e+02
2.548197374004643052e+02 2.626391003719328054e+01 1.076260827238461388e+02
2.548286488105638909e+02 2.777028781108809241e+01 1.080009735153890347e+02
2.548500911110556331e+02 2.993462469733656306e+01 1.087248071690671765e+02
2.548659793814433101e+02 3.260698684506127876e+01 1.098681385886523003e+02
2.548981428321809233e+02 3.598170290307281505e+01 1.110639774344125215e+02
2.549318164798681892e+02 3.931845186091210564e+01 1.125601332967224977e+02
2.549482539127830023e+02 4.113443249045206329e+01 1.136693667157584713e+02
2.549487281895110016e+02 4.191463018896183002e+01 1.140281445795162369e+02
2.549413269763610401e+02 3.988686003844137673e+01 1.135159506752202958e+02
2.549223559072414673e+02 3.559381942537630295e+01 1.127798981553131483e+02
2.549052819450338347e+02 3.231521929058186515e+01 1.119239659519233214e+02
2.549044332393100660e+02 3.124810913357130460e+01 1.119233668655300704e+02
2.549024986894985148e+02 3.126613164923491794e+01 1.120222286013828921e+02
2.549109358228701296e+02 3.205374304186116063e+01 1.122998552207883023e+02
2.549188861985472272e+02 3.408623099772846388e+01 1.126716507326327417e+02
2.549271610793539935e+02 3.654790194952697391e+01 1.133570430094106456e+02
2.549409151044656880e+02 3.840667981328473957e+01 1.137729337759916177e+02
2.549427248446119734e+02 4.014089763111255138e+01 1.142647961858166354e+02
2.549609844986395615e+02 4.266774419011008490e+01 1.149303686877511836e+02
2.549613214847357767e+02 4.481692918299592776e+01 1.155700931080102833e+02
2.549674621202665890e+02 4.651367913931255060e+01 1.161080726891490542e+02
2.549753875340106219e+02 4.818584159157285285e+01 1.163230448565936967e+02
2.549757994059060024e+02 4.937681286038790773e+01 1.165761214148423619e+02
2.549800803774244287e+02 4.895310900876163629e+01 1.165552282768777559e+02
2.549565662364893512e+02 4.063727815082000205e+01 1.144764484161653542e+02
2.548869848481066356e+02 2.936972367140111473e+01 1.104914505379296514e+02
2.548376101445296058e+02 2.472267292379121884e+01 1.089026484610968311e+02
2.548141833703602117e+02 2.350718903671900506e+01 1.084993385087741160e+02
2.548141584084271472e+02 2.395123686378273220e+01 1.084841866154115024e+02
2.548276253713087556e+02 2.540994982651456624e+01 1.089611093083048416e+02
