1.337511344377016087e+02 0.000000000000000000e+00 4.625690230167841754e+00
1.316904625225520817e+02 0.000000000000000000e+00 4.472951178175058828e+00
1.309332731944672332e+02 0.000000000000000000e+00 4.346153846153845812e+00
1.259248264173637324e+02 0.000000000000000000e+00 3.533732436717511138e+00
1.186959296921983480e+02 0.000000000000000000e+00 2.370127385052758218e+00
1.138971352031053499e+02 0.000000000000000000e+00 1.760073260073260037e+00
1.130603712208189791e+02 0.000000000000000000e+00 1.656853097151604670e+00
1.134249220928325457e+02 0.000000000000000000e+00 1.674976764529003237e+00
1.153563091137718004e+02 0.000000000000000000e+00 1.758023071455907305e+00
1.181040402383685972e+02 0.000000000000000000e+00 1.937250560384888853e+00
1.207355666721338423e+02 0.000000000000000000e+00 2.183737903887157827e+00
1.228504592422502810e+02 0.000000000000000000e+00 2.369252637909354142e+00
1.241524110218140038e+02 0.000000000000000000e+00 2.484828604231589466e+00
1.252752446558416750e+02 0.000000000000000000e+00 2.596345197091465717e+00
1.254770105516374201e+02 0.000000000000000000e+00 2.642734131540101838e+00
1.248585779891750036e+02 0.000000000000000000e+00 2.568066262096112773e+00
1.237871904215187868e+02 0.000000000000000000e+00 2.424020009840905487e+00
1.230533185719752822e+02 0.000000000000000000e+00 2.332485922038160631e+00
1.231208654529550017e+02 0.000000000000000000e+00 2.306872232245366749e+00
1.236448116560056860e+02 0.000000000000000000e+00 2.355120004373735920e+00
1.245395276365425588e+02 0.000000000000000000e+00 2.437769941501284787e+00
1.255956891367339097e+02 0.000000000000000000e+00 2.574025477010551732e+00
1.266258132414848774e+02 0.000000000000000000e+00 2.632633535618610132e+00
1.271948635941173222e+02 0.000000000000000000e+00 2.726368159203980124e+00
1.278105352359083753e+02 0.000000000000000000e+00 2.820786178995134286e+00
1.282977967306325411e+02 0.000000000000000000e+00 2.878300803673937924e+00
1.286996610354819381e+02 0.000000000000000000e+00 2.986386747580777268e+00
1.290573642775135284e+02 0.000000000000000000e+00 3.010086927997375650e+00
1.294337379038871632e+02 0.000000000000000000e+00 3.058717402000984187e+00
1.297661554863047400e+02 0.000000000000000000e+00 3.147148871029468165e+00
1.298543135968509148e+02 0.000000000000000000e+00 3.166147285550270585e+00
1.299673883330599722e+02 0.000000000000000000e+00 3.152452025586353734e+00
1.302675496145645297e+02 0.000000000000000000e+00 3.201287518451697345e+00
1.303827292110874225e+02 0.000000000000000000e+00 3.209638620086381344e+00
1.304285167568749557e+02 0.000000000000000000e+00 3.136515226067464912e+00
1.290550680662620948e+02 0.000000000000000000e+00 2.930115903996501014e+00
1.238970941993330115e+02 0.000000000000000000e+00 2.335000820075447070e+00
1.182523782187961245e+02 0.000000000000000000e+00 1.725561751681154776e+00
1.167693947843201556e+02 0.000000000000000000e+00 1.591042042534579926e+00
1.181121316494450753e+02 0.000000000000000000e+00 1.682945164288447870e+00
1.209358154283527398e+02 0.000000000000000000e+00 1.972199442348696152e+00
1.239053359575747635e+02 0.000000000000000000e+00 2.285891968727789436e+00
1.252572166639330788e+02 0.000000000000000000e+00 2.447679186485156588e+00
1.262458312831447103e+02 0.000000000000000000e+00 2.569296375266524546e+00
1.271429391504018440e+02 0.000000000000000000e+00 2.666119949702039360e+00
1.277157208463178648e+02 0.000000000000000000e+00 2.747567109507408123e+00
1.278225493412060558e+02 0.000000000000000000e+00 2.766114482532393115e+00
1.273963971352031024e+02 0.000000000000000000e+00 2.767959652288010552e+00
1.265371084139740816e+02 0.000000000000000000e+00 2.660379421573451530e+00
1.256613635121097872e+02 0.000000000000000000e+00 2.595142419769285613e+00
1.254247307418949191e+02 0.000000000000000000e+00 2.537696134711060036e+00
1.259239106664479806e+02 0.000000000000000000e+00 2.562544420753376073e+00
1.263843966978295299e+02 0.000000000000000000e+00 2.636351210978076676e+00
1.272348286042315948e+02 0.000000000000000000e+00 2.719698212235525769e+00
1.276453720408944292e+02 0.000000000000000000e+00 2.727393253512656379e+00
1.286802662511617825e+02 0.000000000000000000e+00 2.840372314252911146e+00
1.289870291400142150e+02 0.000000000000000000e+00 2.896984855940079928e+00
1.294726914876168564e+02 0.000000000000000000e+00 2.997307418949210156e+00
1.299500984090536235e+02 0.000000000000000000e+00 3.035181236673774041e+00
1.303724099283800797e+02 0.000000000000000000e+00 3.099024110218139949e+00
1.308880597014925513e+02 0.000000000000000000e+00 3.090358646328795533e+00
1.307291427477994716e+02 0.000000000000000000e+00 3.119676343556940790e+00
1.308246678694439993e+02 0.000000000000000000e+00 3.163974085615876675e+00
1.308066808813077557e+02 0.000000000000000000e+00 3.170083647695587814e+00
1.307753676671587186e+02 0.000000000000000000e+00 3.185200371767535898e+00
1.301937838281121742e+02 0.000000000000000000e+00 3.143540539062926964e+00
1.255220326936744897e+02 0.000000000000000000e+00 2.617708162484281953e+00
1.181974878355475340e+02 0.000000000000000000e+00 1.816713137608660045e+00
1.149807145590727657e+02 0.000000000000000000e+00 1.499603630200645021e+00
1.149842135476463767e+02 0.000000000000000000e+00 1.500615056585205886e+00
1.163362856049423186e+02 0.000000000000000000e+00 1.627262041441145834e+00
1.190256820294133746e+02 0.000000000000000000e+00 1.867407468153736705e+00
1.219380432999836046e+02 0.000000000000000000e+00 2.212440544530096975e+00
1.242976327155431591e+02 0.000000000000000000e+00 2.442622054562352929e+00
1.258562544420753397e+02 0.000000000000000000e+00 2.661595866819747247e+00
1.270097725657427219e+02 0.000000000000000000e+00 2.796689628779180925e+00
1.273094418019791192e+02 0.000000000000000000e+00 2.856199770378875069e+00
1.267955825269258128e+02 0.000000000000000000e+00 2.822809031764255572e+00
1.255099229129079816e+02 0.000000000000000000e+00 2.606992509977584582e+00
1.238161527527199155e+02 0.000000000000000000e+00 2.435255043463998792e+00
1.228537395440380493e+02 0.000000000000000000e+00 2.331884533377070579e+00
1.230328303537258705e+02 0.000000000000000000e+00 2.338349461483789860e+00
1.242983571155212985e+02 0.000000000000000000e+00 2.452011918429828796e+00
1.255007790716746001e+02 0.000000000000000000e+00 2.606418457164725755e+00
1.263337570389809201e+02 0.000000000000000000e+00 2.698622273249138726e+00
1.275782762014105316e+02 0.000000000000000000e+00 2.898064621945219077e+00
1.283673938002296211e+02 0.000000000000000000e+00 2.996145645399376889e+00
1.286312804111311436e+02 0.000000000000000000e+00 3.041167787436444225e+00
1.290762123448690488e+02 0.000000000000000000e+00 3.092914548138428810e+00
1.293934858673664507e+02 0.000000000000000000e+00 3.094787053742277472e+00
1.296025914384123325e+02 0.000000000000000000e+00 3.163960417691761062e+00
1.299600623257339578e+02 0.000000000000000000e+00 3.224714340385982148e+00
1.301649991799245640e+02 0.000000000000000000e+00 3.226217812038707500e+00
1.301940435186703837e+02 0.000000000000000000e+00 3.238655622983981353e+00
1.301743480400196802e+02 0.000000000000000000e+00 3.231411623202668171e+00
1.304091766442512608e+02 0.000000000000000000e+00 3.240897162538953769e+00
1.304844459023563559e+02 0.000000000000000000e+00 3.241088513476573230e+00
1.290961811820020841e+02 0.000000000000000000e+00 3.052758187086545227e+00
1.220020775244655908e+02 0.000000000000000000e+00 2.261043682685473843e+00
1.154076731725985496e+02 0.000000000000000000e+00 1.576786397681920082e+00
1.136567847575310282e+02 0.000000000000000000e+00 1.409285987644196547e+00
1.137212290197364837e+02 0.000000000000000000e+00 1.402875731233940160e+00
1.147852222404461173e+02 0.000000000000000000e+00 1.512465146793505077e+00
1.171488846973921625e+02 0.000000000000000000e+00 1.738464272046361669e+00
1.195098545732874129e+02 0.000000000000000000e+00 1.951656552402821099e+00
1.217343775627357729e+02 0.000000000000000000e+00 2.194972937510251132e+00
1.232857142857142918e+02 0.000000000000000000e+00 2.405745995298234075e+00
1.247888442403367719e+02 0.000000000000000000e+00 2.597602646110108715e+00
1.253738997321086828e+02 0.000000000000000000e+00 2.676821934284620674e+00
1.250816385107429909e+02 0.000000000000000000e+00 2.631553769613470983e+00
1.234612651030561494e+02 0.000000000000000000e+00 2.462768574708873004e+00
1.219987835547537003e+02 0.000000000000000000e+00 2.272415395549723716e+00
1.210194767918648466e+02 0.000000000000000000e+00 2.172188508009403662e+00
1.210229621125143495e+02 0.000000000000000000e+00 2.160229074408178906e+00
1.220652233338800556e+02 0.000000000000000000e+00 2.262711169427587432e+00
1.233737767207916391e+02 0.000000000000000000e+00 2.394387950358099815e+00
1.245295363840139942e+02 0.000000000000000000e+00 2.508132414848832870e+00
1.256056257175660136e+02 0.000000000000000000e+00 2.664643813897545233e+00
1.261517139576841089e+02 0.000000000000000000e+00 2.771294625772237730e+00
1.267157345142419729e+02 0.000000000000000000e+00 2.825009567546881151e+00
1.276505248482860395e+02 0.000000000000000000e+00 2.868008856814826757e+00
1.276128150456508621e+02 0.000000000000000000e+00 2.887280629817943201e+00
1.279575064239243289e+02 0.000000000000000000e+00 2.943510469629872617e+00
1.283558307364277482e+02 0.000000000000000000e+00 2.957861789951341969e+00
1.285425482477721175e+02 0.000000000000000000e+00 2.966431578371877098e+00
1.286951642884478701e+02 0.000000000000000000e+00 2.983598491061177693e+00
1.288247635449127984e+02 0.000000000000000000e+00 3.023672844568367157e+00
1.291436225466076166e+02 0.000000000000000000e+00 3.050749002241539554e+00
1.295577469793887815e+02 0.000000000000000000e+00 3.114345853151823107e+00
1.295312722103766987e+02 0.000000000000000000e+00 3.113129407905527390e+00
1.262324777212836864e+02 0.000000000000000000e+00 2.695478650702531453e+00
1.185565715379148202e+02 0.000000000000000000e+00 1.835889235142966536e+00
1.142424826417363732e+02 0.000000000000000000e+00 1.450235088294789865e+00
1.134702449292001489e+02 0.000000000000000000e+00 1.408780274451916226e+00
1.141702476627849734e+02 0.000000000000000000e+00 1.457410748455524541e+00
1.160342791536821352e+02 0.000000000000000000e+00 1.615862992728664294e+00
1.184559756164233733e+02 0.000000000000000000e+00 1.841684434968017037e+00
1.207299081515499495e+02 0.000000000000000000e+00 2.074544858126947666e+00
1.227636815920398021e+02 0.000000000000000000e+00 2.282748346181182164e+00
1.242562599092449886e+02 0.000000000000000000e+00 2.458080476737193099e+00
1.253320212126182298e+02 0.000000000000000000e+00 2.570362473347548082e+00
1.252759417199715699e+02 0.000000000000000000e+00 2.586900661527527401e+00
1.242431660379421601e+02 0.000000000000000000e+00 2.498619539664315603e+00
1.229201109835438217e+02 0.000000000000000000e+00 2.332075884314690484e+00
1.217821606254442059e+02 0.000000000000000000e+00 2.239817396533814620e+00
1.217185227707615809e+02 0.000000000000000000e+00 2.228350008200754573e+00
1.222449292001530807e+02 0.000000000000000000e+00 2.307965666174621511e+00
1.233343310917937714e+02 0.000000000000000000e+00 2.388196380733694113e+00
1.245848914766825146e+02 0.000000000000000000e+00 2.471160680115903840e+00
1.258746514679350526e+02 0.000000000000000000e+00 2.605379694931933887e+00
1.265514187305232099e+02 0.000000000000000000e+00 2.662443278114920098e+00
1.271114755890875330e+02 0.000000000000000000e+00 2.749152588704827593e+00
1.277345142419769246e+02 0.000000000000000000e+00 2.826813733530151307e+00
1.281124460116997454e+02 0.000000000000000000e+00 2.867817505877207296e+00
1.286068284948881910e+02 0.000000000000000000e+00 2.946080039363621506e+00
1.290020365206932240e+02 0.000000000000000000e+00 3.018711388114373229e+00
1.292187551254715459e+02 0.000000000000000000e+00 3.041441145918757805e+00
1.293803236564430676e+02 0.000000000000000000e+00 3.102167732764747665e+00
1.294276420097315565e+02 0.000000000000000000e+00 3.072904707233065302e+00
1.295582116888087114e+02 0.000000000000000000e+00 3.120428079383303466e+00
1.299601853370510014e+02 0.000000000000000000e+00 3.149335738887977687e+00
1.301559920179323058e+02 0.000000000000000000e+00 3.145590727680279919e+00
1.295758706467661625e+02 0.000000000000000000e+00 3.168566508118746849e+00
1.240398419987972289e+02 0.000000000000000000e+00 2.437291564157235690e+00
1.167503280301787782e+02 0.000000000000000000e+00 1.647135203105352330e+00
1.141283144715980598e+02 0.000000000000000000e+00 1.457834454103110744e+00
1.136460007654037554e+02 0.000000000000000000e+00 1.410625444207533663e+00
1.144749740309441819e+02 0.000000000000000000e+00 1.466732272702421902e+00
1.166417227051555443e+02 0.000000000000000000e+00 1.653682138756765729e+00
1.192381362418675792e+02 0.000000000000000000e+00 1.931045322836367539e+00
1.217087228691706287e+02 0.000000000000000000e+00 2.167787436444152949e+00
1.234608687332567882e+02 0.000000000000000000e+00 2.383740637471980950e+00
1.247290470723306584e+02 0.000000000000000000e+00 2.534757531026187838e+00
1.251186922530206118e+02 0.000000000000000000e+00 2.577100759936580943e+00
1.251456727352249771e+02 0.000000000000000000e+00 2.590303974632332640e+00
1.237794817123175335e+02 0.000000000000000000e+00 2.498045486851457220e+00
1.223595347438631080e+02 0.000000000000000000e+00 2.303728609698759033e+00
1.217637362637362628e+02 0.000000000000000000e+00 2.227065223333879906e+00
1.217575036903395045e+02 0.000000000000000000e+00 2.225179049805915632e+00
1.224340112623694665e+02 0.000000000000000000e+00 2.320362473347548082e+00
1.241765349078781924e+02 0.000000000000000000e+00 2.461183095511453534e+00
1.249774615931332420e+02 0.000000000000000000e+00 2.547277349516155365e+00
1.259972117434804062e+02 0.000000000000000000e+00 2.620920124651467731e+00
1.267270515554097585e+02 0.000000000000000000e+00 2.708490514460663690e+00
1.273459624952162272e+02 0.000000000000000000e+00 2.805423432289103847e+00
1.277997649117052106e+02 0.000000000000000000e+00 2.884178011043682766e+00
1.283508419441255342e+02 0.000000000000000000e+00 2.933737903887157827e+00
1.285757339675250250e+02 0.000000000000000000e+00 2.977584604450276284e+00
1.286991553222896414e+02 0.000000000000000000e+00 2.986332075884314818e+00
1.287822289650647747e+02 0.000000000000000000e+00 2.994163796402602440e+00
1.290216636597233730e+02 0.000000000000000000e+00 3.027103493521404065e+00
1.290720982997102340e+02 0.000000000000000000e+00 2.964422393526870980e+00
1.295755289486632762e+02 0.000000000000000000e+00 3.089880268984746436e+00
1.298148406320048025e+02 0.000000000000000000e+00 3.110163468372423523e+00
1.286317177847028574e+02 0.000000000000000000e+00 3.013831939205073418e+00
1.225671505111803583e+02 0.000000000000000000e+00 2.310808594390683979e+00
1.160249576294352352e+02 0.000000000000000000e+00 1.675687496583019076e+00
1.138585643212508813e+02 0.000000000000000000e+00 1.495106883166584577e+00
1.139665135859165730e+02 0.000000000000000000e+00 1.484637253293969783e+00
1.156905171942485424e+02 0.000000000000000000e+00 1.608865015581433466e+00
1.179415559564813236e+02 0.000000000000000000e+00 1.771048603138155375e+00
1.203332923295609902e+02 0.000000000000000000e+00 1.984363894811655982e+00
1.229725138046033521e+02 0.000000000000000000e+00 2.300284292821606069e+00
1.246153162757640303e+02 0.000000000000000000e+00 2.522593078563228008e+00
1.255998851894374297e+02 0.000000000000000000e+00 2.619608003936362284e+00
1.259449729375102578e+02 0.000000000000000000e+00 2.678202394620305071e+00
1.256933874583128272e+02 0.000000000000000000e+00 2.655882674539391086e+00
1.239729375102509437e+02 0.000000000000000000e+00 2.448376250615056371e+00
1.226381690448854584e+02 0.000000000000000000e+00 2.291099447815865719e+00
1.221255262150784517e+02 0.000000000000000000e+00 2.278975999125252727e+00
1.221036575364933583e+02 0.000000000000000000e+00 2.246090973702913995e+00
1.230279919085889304e+02 0.000000000000000000e+00 2.338486140724946871e+00
1.242697638182712865e+02 0.000000000000000000e+00 2.459706959706959850e+00
1.250952927669345627e+02 0.000000000000000000e+00 2.494778852987808104e+00
1.259309359794434471e+02 0.000000000000000000e+00 2.592627521731999174e+00
1.265324203160024013e+02 0.000000000000000000e+00 2.682726477502596740e+00
1.275792192881745137e+02 0.000000000000000000e+00 2.793997047728391081e+00
1.275996665026515728e+02 0.000000000000000000e+00 2.854163249685637727e+00
1.274786643704554194e+02 0.000000000000000000e+00 2.860983543819364705e+00
1.277749166256628968e+02 0.000000000000000000e+00 2.919864960909737128e+00
1.281881936471488643e+02 0.000000000000000000e+00 3.027581870865453162e+00
1.288680088568148392e+02 0.000000000000000000e+00 3.106500464709419873e+00
1.294627139030123999e+02 0.000000000000000000e+00 3.122450932152424752e+00
1.294998359849106180e+02 0.000000000000000000e+00 3.076335356186102654e+00
1.287433163851074198e+02 0.000000000000000000e+00 2.980154174184024729e+00
1.270189437428243338e+02 0.000000000000000000e+00 2.765540429719534288e+00
1.210124241430211640e+02 0.000000000000000000e+00 2.082813952216937103e+00
1.158066125416871728e+02 0.000000000000000000e+00 1.606609808102345438e+00
1.143957410748455459e+02 0.000000000000000000e+00 1.472650483844513802e+00
1.153274834618118234e+02 0.000000000000000000e+00 1.565674375375867955e+00
1.169092313159477357e+02 0.000000000000000000e+00 1.736482423049587220e+00
1.192982887759007156e+02 0.000000000000000000e+00 1.969452189601443415e+00
1.219795937892952793e+02 0.000000000000000000e+00 2.227393253512656379e+00
1.239416379640260288e+02 0.000000000000000000e+00 2.492468973812257182e+00
1.252417992455305864e+02 0.000000000000000000e+00 2.619279973757585811e+00
1.258759225848778129e+02 0.000000000000000000e+00 2.699524356240774026e+00
1.257710486031381549e+02 0.000000000000000000e+00 2.675017768301350518e+00
1.245569815756382894e+02 0.000000000000000000e+00 2.520091848450057626e+00
1.231150975889781876e+02 0.000000000000000000e+00 2.358345634465037310e+00
1.216787764474331652e+02 0.000000000000000000e+00 2.216759608550653127e+00
1.206976928544092686e+02 0.000000000000000000e+00 2.160024055546443389e+00
1.201440462522552082e+02 0.000000000000000000e+00 2.102400087474714407e+00
1.212692717730031120e+02 0.000000000000000000e+00 2.166365972336121715e+00
1.225378328139522210e+02 0.000000000000000000e+00 2.239749056913236114e+00
1.235731917336394901e+02 0.000000000000000000e+00 2.313870209392597577e+00
1.242884205346891946e+02 0.000000000000000000e+00 2.390861625936252732e+00
1.250007927395987082e+02 0.000000000000000000e+00 2.528511289705319687e+00
1.256360095128751908e+02 0.000000000000000000e+00 2.606732819419386615e+00
1.261271390301240984e+02 0.000000000000000000e+00 2.670452681646711568e+00
1.265437783609425395e+02 0.000000000000000000e+00 2.680334590782352144e+00
1.268686239134000289e+02 0.000000000000000000e+00 2.665627904433874651e+00
1.271083456344650386e+02 0.000000000000000000e+00 2.748537532119621485e+00
1.261611584932480525e+02 0.000000000000000000e+00 2.667691760975343218e+00
1.200250943086764011e+02 0.000000000000000000e+00 2.032023946203050713e+00
1.138443360122464583e+02 0.000000000000000000e+00 1.432330107703241984e+00
1.116379093543272631e+02 0.000000000000000000e+00 1.286589032857689663e+00
1.115743398392652068e+02 0.000000000000000000e+00 1.246856377453392284e+00
1.132078617899513375e+02 0.000000000000000000e+00 1.375840577333114600e+00
1.156168060794926475e+02 0.000000000000000000e+00 1.579506314580941373e+00
1.184417473074189502e+02 0.000000000000000000e+00 1.867311792684926974e+00
1.214420206659012678e+02 0.000000000000000000e+00 2.195724673336613808e+00
1.233164534470504634e+02 0.000000000000000000e+00 2.381663113006396770e+00
1.241311847356623446e+02 0.000000000000000000e+00 2.437715269804821894e+00
1.243087310699251020e+02 0.000000000000000000e+00 2.453392378765513193e+00
1.238515116724071987e+02 0.000000000000000000e+00 2.394620305068066113e+00
1.223834536110655478e+02 0.000000000000000000e+00 2.248810890601935508e+00
1.212735635011754454e+02 0.000000000000000000e+00 2.174211360778524949e+00
1.204131950139412766e+02 0.000000000000000000e+00 2.059701492537313605e+00
1.205115767317259809e+02 0.000000000000000000e+00 2.035768957410748481e+00
1.214892433437209576e+02 0.000000000000000000e+00 2.105680389262478691e+00
1.225501339456563272e+02 0.000000000000000000e+00 2.202941337269695321e+00
1.232272155704991548e+02 0.000000000000000000e+00 2.287586791318134694e+00
1.240660160734787638e+02 0.000000000000000000e+00 2.403736810453228401e+00
1.244388223716581905e+02 0.000000000000000000e+00 2.416543655349625563e+00
1.252179760537969457e+02 0.000000000000000000e+00 2.469547865070253145e+00
1.268368459898310618e+02 0.000000000000000000e+00 2.631690448854627995e+00
1.268117380132305527e+02 0.000000000000000000e+00 2.612992728664370379e+00
1.257954048439123085e+02 0.000000000000000000e+00 2.530588814170903866e+00
1.251039172270515536e+02 0.000000000000000000e+00 2.489243343720955792e+00
1.211763162210923355e+02 0.000000000000000000e+00 2.096536548029085179e+00
1.134806872232245354e+02 0.000000000000000000e+00 1.390697610846864496e+00
1.104280793833032703e+02 0.000000000000000000e+00 1.151481602974140372e+00
1.097929856213438313e+02 0.000000000000000000e+00 1.114509868241211565e+00
1.103254742769668155e+02 0.000000000000000000e+00 1.144811656005685796e+00
1.120193127767754646e+02 0.000000000000000000e+00 1.275135312448745228e+00
1.140231124596796235e+02 0.000000000000000000e+00 1.433737903887157605e+00
1.156237630528675311e+02 0.000000000000000000e+00 1.585656880432999793e+00
1.177563419167896797e+02 0.000000000000000000e+00 1.796867311792684996e+00
1.197434393964244776e+02 0.000000000000000000e+00 1.989790060685583173e+00
1.207597042261221389e+02 0.000000000000000000e+00 2.127248373517030444e+00
1.204577524465584162e+02 0.000000000000000000e+00 2.092559182111421112e+00
1.192848258706467703e+02 0.000000000000000000e+00 1.990364113498441778e+00
1.173490514460663690e+02 0.000000000000000000e+00 1.820007107320540163e+00
1.160696244054452961e+02 0.000000000000000000e+00 1.673322945711005483e+00
1.161718194740582817e+02 0.000000000000000000e+00 1.649390410584440358e+00
1.170243152370018009e+02 0.000000000000000000e+00 1.735853698540265722e+00
1.181783527417855737e+02 0.000000000000000000e+00 1.854463944016182753e+00
1.195234541577825098e+02 0.000000000000000000e+00 1.986947132469520483e+00
1.210793833032638958e+02 0.000000000000000000e+00 2.125908916953692884e+00
1.221404242523645536e+02 0.000000000000000000e+00 2.174949428680772012e+00
1.231036848723415886e+02 0.000000000000000000e+00 2.377303045213492894e+00
1.231878382811218700e+02 0.000000000000000000e+00 2.332731944672242985e+00
1.233876496637690678e+02 0.000000000000000000e+00 2.347725657427150114e+00
1.232492482641736302e+02 0.000000000000000000e+00 2.343789295281832441e+00
1.214306626209611295e+02 0.000000000000000000e+00 2.139904871248154983e+00
1.149086845989831005e+02 0.000000000000000000e+00 1.555669454923186201e+00
1.094267809305122796e+02 0.000000000000000000e+00 1.114769558799409532e+00
1.070627767754633481e+02 0.000000000000000000e+00 9.696572084631785993e-01
1.067629435241375546e+02 0.000000000000000000e+00 9.197829533650428990e-01
1.074560166201957259e+02 0.000000000000000000e+00 1.010879667596085607e+00
1.086394811656005714e+02 0.000000000000000000e+00 1.092080804767372015e+00
1.103397572576676993e+02 0.000000000000000000e+00 1.212467880378328200e+00
1.122378628833852758e+02 0.000000000000000000e+00 1.343966978295336512e+00
1.137413345361106565e+02 0.000000000000000000e+00 1.452763654256191472e+00
1.151194439888469674e+02 0.000000000000000000e+00 1.582458586189929406e+00
1.158450877480728280e+02 0.000000000000000000e+00 1.655322289650647871e+00
1.155407987534853191e+02 0.000000000000000000e+00 1.630528675304794728e+00
1.140249849652834797e+02 0.000000000000000000e+00 1.494327811491990676e+00
1.127663331693182442e+02 0.000000000000000000e+00 1.418238477939970377e+00
1.124525996391668059e+02 0.000000000000000000e+00 1.395577059756164306e+00
1.124416652998742592e+02 0.000000000000000000e+00 1.387581324148488227e+00
1.126923486960800460e+02 0.000000000000000000e+00 1.396123776720791687e+00
1.140624214094363396e+02 0.000000000000000000e+00 1.491074845552457395e+00
1.157787436444152860e+02 0.000000000000000000e+00 1.640929965556831238e+00
1.171669263572248667e+02 0.000000000000000000e+00 1.729880815701711150e+00
1.185763216882619844e+02 0.000000000000000000e+00 1.867393800229621093e+00
1.198743507736045046e+02 0.000000000000000000e+00 1.956344650374501226e+00
1.209586271937018154e+02 0.000000000000000000e+00 2.044297742058935885e+00
1.212707205729593767e+02 0.000000000000000000e+00 2.077770488218249501e+00
1.213728883057241319e+02 0.000000000000000000e+00 2.078781914602810144e+00
1.177924115685309658e+02 0.000000000000000000e+00 1.771704663495708321e+00
1.107769804822043653e+02 0.000000000000000000e+00 1.171983489147668145e+00
1.068985429992892620e+02 0.000000000000000000e+00 8.907522825433272784e-01
1.052691350937619603e+02 0.000000000000000000e+00 7.942840741348203837e-01
1.053371603520857320e+02 0.000000000000000000e+00 7.997922475534415820e-01
1.063897271882346445e+02 0.000000000000000000e+00 8.521677327647476652e-01
1.081955333223990010e+02 0.000000000000000000e+00 9.854573287409108540e-01
1.109126482969766556e+02 0.000000000000000000e+00 1.147217210650046448e+00
1.135904816576458387e+02 0.000000000000000000e+00 1.333333333333333259e+00
1.160014624678803727e+02 0.000000000000000000e+00 1.538816904488546244e+00
1.172835274178557796e+02 0.000000000000000000e+00 1.681838062435077275e+00
1.172849898857361524e+02 0.000000000000000000e+00 1.694234869608003846e+00
1.161784757531026173e+02 0.000000000000000000e+00 1.609452736318407906e+00
1.145740118090864428e+02 0.000000000000000000e+00 1.488805970149253755e+00
1.133018014323984488e+02 0.000000000000000000e+00 1.360013121207151121e+00
1.130844267672625847e+02 0.000000000000000000e+00 1.349311136624569363e+00
1.137446285058225328e+02 0.000000000000000000e+00 1.411773549833251318e+00
1.149946695095948854e+02 0.000000000000000000e+00 1.533049040511726968e+00
1.164554152315346300e+02 0.000000000000000000e+00 1.653518123667377493e+00
1.177924252364550881e+02 0.000000000000000000e+00 1.776570444480892297e+00
1.188139795527855256e+02 0.000000000000000000e+00 1.870031709583948487e+00
1.194129216554589732e+02 0.000000000000000000e+00 1.912853315838390467e+00
1.196669946968454497e+02 0.000000000000000000e+00 1.970846317861243202e+00
1.198921054070307832e+02 0.000000000000000000e+00 1.997758460445027584e+00
1.202578043846700524e+02 0.000000000000000000e+00 2.027581870865453162e+00
1.205551637417309081e+02 0.000000000000000000e+00 2.016975561751681134e+00
1.206303646602154060e+02 0.000000000000000000e+00 2.037340768684052339e+00
1.173647012191788264e+02 0.000000000000000000e+00 1.720231261276037316e+00
1.102920972062763099e+02 0.000000000000000000e+00 1.169236236400415407e+00
1.067667295391176054e+02 0.000000000000000000e+00 9.103930894975671428e-01
1.061919523262806848e+02 0.000000000000000000e+00 8.723552566836149103e-01
1.064214777759553812e+02 0.000000000000000000e+00 8.708517850308895580e-01
1.077114291181455314e+02 0.000000000000000000e+00 9.655841670767043583e-01
1.089758214422393507e+02 0.000000000000000000e+00 1.042206549669236315e+00
1.103188590016948183e+02 0.000000000000000000e+00 1.141449346673227172e+00
1.121191979662128944e+02 0.000000000000000000e+00 1.283459078235197559e+00
1.139859767098573116e+02 0.000000000000000000e+00 1.408766606527800613e+00
1.148819638073369447e+02 0.000000000000000000e+00 1.517194248537532042e+00
1.139032447651850646e+02 0.000000000000000000e+00 1.459214914438795141e+00
1.119622628615165922e+02 0.000000000000000000e+00 1.290525395003006892e+00
1.109305122737958555e+02 0.000000000000000000e+00 1.227311245967962483e+00
1.104713246952052970e+02 0.000000000000000000e+00 1.188234650921218050e+00
1.104510688316658502e+02 0.000000000000000000e+00 1.190312175386802229e+00
1.106921300092941891e+02 0.000000000000000000e+00 1.216335902903067145e+00
1.113897408561587667e+02 0.000000000000000000e+00 1.261153026078399186e+00
1.128500628724509340e+02 0.000000000000000000e+00 1.364072494669509528e+00
1.141608851347657350e+02 0.000000000000000000e+00 1.486878792848942199e+00
1.147927806024820967e+02 0.000000000000000000e+00 1.582034880542343203e+00
1.154670192991088555e+02 0.000000000000000000e+00 1.680935979443442196e+00
1.158994997539773664e+02 0.000000000000000000e+00 1.721871412169919680e+00
1.165409764364988234e+02 0.000000000000000000e+00 1.768930074900224136e+00
1.168324995899622820e+02 0.000000000000000000e+00 1.812667432070417251e+00
1.168536848723415886e+02 0.000000000000000000e+00 1.771253621999890671e+00
1.171740063419167939e+02 0.000000000000000000e+00 1.786616368705920888e+00
1.174623585369854055e+02 0.000000000000000000e+00 1.802279809742496353e+00
1.174753020611229601e+02 0.000000000000000000e+00 1.791687168552840159e+00
1.177750806407522788e+02 0.000000000000000000e+00 1.817601552676179510e+00
1.175786999070581089e+02 0.000000000000000000e+00 1.809564813296156593e+00
1.138521814006888633e+02 0.000000000000000000e+00 1.470094582034880526e+00
1.083340440653873458e+02 0.000000000000000000e+00 1.072754360067792900e+00
1.048228910393089564e+02 0.000000000000000000e+00 8.378847520638564861e-01
1.038011043682685539e+02 0.000000000000000000e+00 7.563419167896779927e-01
1.041105735060958892e+02 0.000000000000000000e+00 7.727160898802689637e-01
1.047951724892023435e+02 0.000000000000000000e+00 8.267453939095730231e-01
1.058011453720408923e+02 0.000000000000000000e+00 8.839319884096002999e-01
1.069283117380132353e+02 0.000000000000000000e+00 9.918539172270515181e-01
1.080180689956809346e+02 0.000000000000000000e+00 1.071127877098026371e+00
1.087275299327538107e+02 0.000000000000000000e+00 1.149923459624952127e+00
1.095432589798261489e+02 0.000000000000000000e+00 1.209433601224646049e+00
1.094860450494778803e+02 0.000000000000000000e+00 1.225835110163468356e+00
1.086726122136569899e+02 0.000000000000000000e+00 1.173309277786889648e+00
1.076949592695861355e+02 0.000000000000000000e+00 1.130022962112514406e+00
1.070041277130829371e+02 0.000000000000000000e+00 1.075843310917937723e+00
1.068853671204417424e+02 0.000000000000000000e+00 1.032105953747744831e+00
1.073616122683286846e+02 0.000000000000000000e+00 1.048890164561806282e+00
1.080732874091083033e+02 0.000000000000000000e+00 1.088158110546170176e+00
1.090008064075228305e+02 0.000000000000000000e+00 1.134246350664261049e+00
1.101869772019025788e+02 0.000000000000000000e+00 1.195505986550762678e+00
1.113275381335082841e+02 0.000000000000000000e+00 1.289828330873106887e+00
1.122133152916734957e+02 0.000000000000000000e+00 1.367503143622546657e+00
1.129450959488272872e+02 0.000000000000000000e+00 1.433669564266579100e+00
1.134706139631512798e+02 0.000000000000000000e+00 1.482218030725493518e+00
1.139066754141381068e+02 0.000000000000000000e+00 1.507312339401891688e+00
1.140386802252473899e+02 0.000000000000000000e+00 1.495639932207096345e+00
1.141582472254114009e+02 0.000000000000000000e+00 1.508597124268766132e+00
1.142001804165983287e+02 0.000000000000000000e+00 1.490938166311300606e+00
1.142186867858509629e+02 0.000000000000000000e+00 1.467402000984090460e+00
1.143679815209665946e+02 0.000000000000000000e+00 1.506847629981958425e+00
1.147799737575856938e+02 0.000000000000000000e+00 1.540142693127767748e+00
1.155132442184681025e+02 0.000000000000000000e+00 1.616642064403258416e+00
1.166651358591657157e+02 0.000000000000000000e+00 1.698143895905089851e+00
1.168639494833524708e+02 0.000000000000000000e+00 1.728678038379530824e+00
1.171241320868186477e+02 0.000000000000000000e+00 1.732368377890765920e+00
1.174055683122847284e+02 0.000000000000000000e+00 1.782064949975397772e+00
1.179565360013121165e+02 0.000000000000000000e+00 1.827346782570663075e+00
1.183880733694166594e+02 0.000000000000000000e+00 1.884013995954294529e+00
1.189158875949920713e+02 0.000000000000000000e+00 1.958832212563555775e+00
1.194313050133945637e+02 0.000000000000000000e+00 1.999562626428297962e+00
1.198439396424471113e+02 0.000000000000000000e+00 2.025572686020447044e+00
1.203779727734951592e+02 0.000000000000000000e+00 2.061027281176535109e+00
1.204871794871794890e+02 0.000000000000000000e+00 2.086763982286370389e+00
1.162472117434804062e+02 0.000000000000000000e+00 1.703624733475479713e+00
1.089982778415614177e+02 0.000000000000000000e+00 1.110054124979498180e+00
1.048767016565523988e+02 0.000000000000000000e+00 8.306817560548903634e-01
1.036969137827346827e+02 0.000000000000000000e+00 7.825023235470996985e-01
1.038760045924225039e+02 0.000000000000000000e+00 7.851949045978896535e-01
1.045414138100705230e+02 0.000000000000000000e+00 8.227816959160242360e-01
1.061031791591493061e+02 0.000000000000000000e+00 9.078235197638182541e-01
1.073959870974796331e+02 0.000000000000000000e+00 9.791700836476955327e-01
1.088557760647312875e+02 0.000000000000000000e+00 1.057022579410639151e+00
1.104330271718331460e+02 0.000000000000000000e+00 1.205866273030452129e+00
1.115429719534197091e+02 0.000000000000000000e+00 1.304794707779782348e+00
1.121369662675632810e+02 0.000000000000000000e+00 1.325091575091575047e+00
1.116797878738177303e+02 0.000000000000000000e+00 1.322152971406702848e+00
1.102349926193209768e+02 0.000000000000000000e+00 1.209843638948116640e+00
1.090312858783008068e+02 0.000000000000000000e+00 1.115534962549887821e+00
1.090158547919741920e+02 0.000000000000000000e+00 1.095525121644524535e+00
1.099593652616040629e+02 0.000000000000000000e+00 1.175783172051828807e+00
1.113125307528292609e+02 0.000000000000000000e+00 1.244150128478486605e+00
1.127202722650483793e+02 0.000000000000000000e+00 1.342996555683122928e+00
1.143230140506259858e+02 0.000000000000000000e+00 1.479388770433546663e+00
1.156645344705046199e+02 0.000000000000000000e+00 1.584426767262588243e+00
1.168755672188508044e+02 0.000000000000000000e+00 1.689177737685200409e+00
1.174361434585315180e+02 0.000000000000000000e+00 1.745257230331857201e+00
1.182666475315729002e+02 0.000000000000000000e+00 1.801541741840249289e+00
1.185487671532447678e+02 0.000000000000000000e+00 1.844623038652889457e+00
1.187918101798698842e+02 0.000000000000000000e+00 1.905773331146465521e+00
1.188580996118309514e+02 0.000000000000000000e+00 1.905513640588267554e+00
1.188666830681756039e+02 0.000000000000000000e+00 1.889467497676452945e+00
1.190644579301295778e+02 0.000000000000000000e+00 1.927970039910338329e+00
1.194632879558252654e+02 0.000000000000000000e+00 1.987370838117106686e+00
1.196792411568530952e+02 0.000000000000000000e+00 1.970354272593078493e+00
1.202546334262752197e+02 0.000000000000000000e+00 2.027800557651303848e+00
1.211271390301240984e+02 0.000000000000000000e+00 2.109507408014870578e+00
1.214447269148761706e+02 0.000000000000000000e+00 2.168320485484664495e+00
1.220197638182712865e+02 0.000000000000000000e+00 2.224946695095948890e+00
1.224345443114099794e+02 0.000000000000000000e+00 2.294133726969547649e+00
1.225514187305232099e+02 0.000000000000000000e+00 2.288898912033240585e+00
1.229721174348040051e+02 0.000000000000000000e+00 2.291728172325187440e+00
1.235123558034005811e+02 0.000000000000000000e+00 2.330586080586080744e+00
1.237037750806407530e+02 0.000000000000000000e+00 2.304576020993931440e+00
1.239847739325351199e+02 0.000000000000000000e+00 2.345648132961565935e+00
1.226806216171887769e+02 0.000000000000000000e+00 2.299177190968235696e+00
1.148971625389535802e+02 0.000000000000000000e+00 1.582513257886392299e+00
1.089755890875293858e+02 0.000000000000000000e+00 1.074380843037559430e+00
1.067169782953365029e+02 0.000000000000000000e+00 9.142064403258433058e-01
1.065203378710841378e+02 0.000000000000000000e+00 8.989667049368541552e-01
1.073311874692471690e+02 0.000000000000000000e+00 9.651331255808868193e-01
1.090398966704936896e+02 0.000000000000000000e+00 1.066480782898693302e+00
1.112164999179924507e+02 0.000000000000000000e+00 1.244970203925427787e+00
1.136937018205674974e+02 0.000000000000000000e+00 1.439382756546935704e+00
1.154582854955989291e+02 0.000000000000000000e+00 1.583087310699250905e+00
1.169512055109070019e+02 0.000000000000000000e+00 1.739557705975616431e+00
1.170375321196216731e+02 0.000000000000000000e+00 1.760086927997375650e+00
1.158713711661472843e+02 0.000000000000000000e+00 1.629107211196763494e+00
1.137309879175550833e+02 0.000000000000000000e+00 1.451929910885134678e+00
1.122190284839538634e+02 0.000000000000000000e+00 1.332499589962276465e+00
1.121731862664698554e+02 0.000000000000000000e+00 1.324640533595757397e+00
1.128330326390027949e+02 0.000000000000000000e+00 1.353315838390465320e+00
1.142709255918211113e+02 0.000000000000000000e+00 1.460568038926247869e+00
1.158919550598655093e+02 0.000000000000000000e+00 1.586504291728172422e+00
1.172726204144114632e+02 0.000000000000000000e+00 1.703734076868405278e+00
1.186457137389973155e+02 0.000000000000000000e+00 1.829027937236892498e+00
1.198766196490077078e+02 0.000000000000000000e+00 1.951793231643977888e+00
1.205765130391996109e+02 0.000000000000000000e+00 2.043600677929036102e+00
1.212736318407960141e+02 0.000000000000000000e+00 2.108742004264392289e+00
1.216301323055054411e+02 0.000000000000000000e+00 2.186239134000328210e+00
1.216614318517303559e+02 0.000000000000000000e+00 2.146656825761303455e+00
1.216742250287026366e+02 0.000000000000000000e+00 2.134888743097698161e+00
1.217567382865890266e+02 0.000000000000000000e+00 2.174061013613252324e+00
1.218532064949975364e+02 0.000000000000000000e+00 2.227160898802689637e+00
1.219450412771308265e+02 0.000000000000000000e+00 2.215720846317861259e+00
1.219120195724673295e+02 0.000000000000000000e+00 2.183505549177191085e+00
1.219546634957082745e+02 0.000000000000000000e+00 2.190708545186156986e+00
1.220793559674156654e+02 0.000000000000000000e+00 2.190216499917992277e+00
1.219119375649226384e+02 0.000000000000000000e+00 2.184257285003553761e+00
1.221506341916789609e+02 0.000000000000000000e+00 2.229675796839976076e+00
1.221744300475643712e+02 0.000000000000000000e+00 2.262588158110546033e+00
1.222686840522661385e+02 0.000000000000000000e+00 2.318489967743698976e+00
1.223693346454540460e+02 0.000000000000000000e+00 2.361530260783992308e+00
1.227887895686403112e+02 0.000000000000000000e+00 2.392597452298944827e+00
1.225709091903121788e+02 0.000000000000000000e+00 2.370332403914493291e+00
1.181806762888852376e+02 0.000000000000000000e+00 1.885462795910557210e+00
1.110059865507626711e+02 0.000000000000000000e+00 1.262970859985785399e+00
1.070120141052976805e+02 0.000000000000000000e+00 9.741812913454704903e-01
1.055531135531135476e+02 0.000000000000000000e+00 8.638128041113115607e-01
1.054215871193483167e+02 0.000000000000000000e+00 8.402903067082171384e-01
1.062552758187086539e+02 0.000000000000000000e+00 9.113771800338964502e-01
1.079210267344595735e+02 0.000000000000000000e+00 1.003184626318954775e+00
1.101940845224427363e+02 0.000000000000000000e+00 1.145426712590891682e+00
1.123630610682849493e+02 0.000000000000000000e+00 1.320950194084522522e+00
1.142688207315073043e+02 0.000000000000000000e+00 1.479375102509430828e+00
1.162025996391668059e+02 0.000000000000000000e+00 1.633275928052047465e+00
1.174067164179104452e+02 0.000000000000000000e+00 1.743043026625116232e+00
1.173572795363840129e+02 0.000000000000000000e+00 1.749425947187141173e+00
1.160070936526160352e+02 0.000000000000000000e+00 1.613826472035427173e+00
1.138436799518889018e+02 0.000000000000000000e+00 1.441391941391941378e+00
1.125891968727789560e+02 0.000000000000000000e+00 1.301377726750861052e+00
1.127986714777759545e+02 0.000000000000000000e+00 1.297919741949592698e+00
1.138809250451041493e+02 0.000000000000000000e+00 1.357935596741566942e+00
1.154099967196982135e+02 0.000000000000000000e+00 1.507585697884205267e+00
1.172136296539281659e+02 0.000000000000000000e+00 1.651836969001148070e+00
1.184118145536055948e+02 0.000000000000000000e+00 1.768260346618555579e+00
1.193715488491607886e+02 0.000000000000000000e+00 1.886638237384506089e+00
1.198153326772729770e+02 0.000000000000000000e+00 1.952517631622109340e+00
1.201079492646656774e+02 0.000000000000000000e+00 1.942827073424088447e+00
1.202586244601169909e+02 0.000000000000000000e+00 1.958066808813077486e+00
1.204346126510305623e+02 0.000000000000000000e+00 2.011276037395440586e+00
1.209647094199332997e+02 0.000000000000000000e+00 2.088964518068995524e+00
1.213660680115904000e+02 0.000000000000000000e+00 2.123435022688754170e+00
1.219053496254988858e+02 0.000000000000000000e+00 2.106377453392378918e+00
1.220823082390246554e+02 0.000000000000000000e+00 2.140560931605707928e+00
1.224825323929801613e+02 0.000000000000000000e+00 2.158971625389535909e+00
1.227180580613416367e+02 0.000000000000000000e+00 2.184845005740528201e+00
1.228448007216663882e+02 0.000000000000000000e+00 2.200412771308293713e+00
1.231164780493138693e+02 0.000000000000000000e+00 2.236482423049587442e+00
1.234289267945984392e+02 0.000000000000000000e+00 2.326061997703788631e+00
1.237438084303755943e+02 0.000000000000000000e+00 2.344595702804658011e+00
1.240558061341643423e+02 0.000000000000000000e+00 2.384232682740145215e+00
1.233857088185446429e+02 0.000000000000000000e+00 2.326267016565524148e+00
1.170218140068886328e+02 0.000000000000000000e+00 1.672161172161172216e+00
1.102164042425236516e+02 0.000000000000000000e+00 1.082485922038160853e+00
1.080122737958558901e+02 0.000000000000000000e+00 9.173500628724509109e-01
1.076972828166857994e+02 0.000000000000000000e+00 9.045978896725165308e-01
1.083997731124596839e+02 0.000000000000000000e+00 9.818079930020228163e-01
1.103382264501667436e+02 0.000000000000000000e+00 1.072891039308949690e+00
1.127596495544256783e+02 0.000000000000000000e+00 1.264665682576130434e+00
1.144685501066098112e+02 0.000000000000000000e+00 1.431646711497457813e+00
1.159896533814444268e+02 0.000000000000000000e+00 1.572344322344322309e+00
1.172200125744901840e+02 0.000000000000000000e+00 1.685309715160461463e+00
1.177460363020064449e+02 0.000000000000000000e+00 1.765458422174840170e+00
1.173271280957848148e+02 0.000000000000000000e+00 1.719534197146137533e+00
1.151680334590782309e+02 0.000000000000000000e+00 1.552170466349570788e+00
1.130162511617735532e+02 0.000000000000000000e+00 1.383795309168443399e+00
1.122439724454649763e+02 0.000000000000000000e+00 1.321278224263298995e+00
1.122091602427423283e+02 0.000000000000000000e+00 1.319050352632442191e+00
1.126234076868405225e+02 0.000000000000000000e+00 1.375799573560767541e+00
1.134733475479744129e+02 0.000000000000000000e+00 1.389248810890602037e+00
1.146504975124378092e+02 0.000000000000000000e+00 1.469534197146137533e+00
1.161853097151604572e+02 0.000000000000000000e+00 1.633972992181947470e+00
1.179059783500081977e+02 0.000000000000000000e+00 1.800885681482696343e+00
1.193812120715105749e+02 0.000000000000000000e+00 1.926903941829315015e+00
1.204548001749494262e+02 0.000000000000000000e+00 2.007941063911212964e+00
1.214140697610846900e+02 0.000000000000000000e+00 2.107293204308129830e+00
1.217686020447214474e+02 0.000000000000000000e+00 2.189314416926357421e+00
1.218058198020884646e+02 0.000000000000000000e+00 2.188330326390028002e+00
1.218811984035864668e+02 0.000000000000000000e+00 2.187797277349516012e+00
1.220831556503198243e+02 0.000000000000000000e+00 2.237083811710677494e+00
1.222773905199278346e+02 0.000000000000000000e+00 2.242332294571100615e+00
1.227433027171833118e+02 0.000000000000000000e+00 2.300803673938002447e+00
1.231121863211415501e+02 0.000000000000000000e+00 2.321250888415067326e+00
1.231389207807118282e+02 0.000000000000000000e+00 2.338950850144879912e+00
1.235321606254442059e+02 0.000000000000000000e+00 2.372191241594226785e+00
1.240157044448089181e+02 0.000000000000000000e+00 2.437414575474277090e+00
1.244021513312558085e+02 0.000000000000000000e+00 2.446626756328248664e+00
1.241711224099283868e+02 0.000000000000000000e+00 2.375362199989065726e+00
1.183003526324421841e+02 0.000000000000000000e+00 1.783787108413974032e+00
1.110572686020447151e+02 0.000000000000000000e+00 1.178257066316767743e+00
1.080553277568202901e+02 0.000000000000000000e+00 9.868514570007107523e-01
1.075453091684434952e+02 0.000000000000000000e+00 9.470367940517194771e-01
1.082741785577606493e+02 0.000000000000000000e+00 1.007449018643048477e+00
1.101013066535454641e+02 0.000000000000000000e+00 1.164534470504619668e+00
1.122357853589196850e+02 0.000000000000000000e+00 1.249220928325405877e+00
1.144269722814498920e+02 0.000000000000000000e+00 1.467593351921710143e+00
1.167650210486031312e+02 0.000000000000000000e+00 1.700781805259417245e+00
1.188894128259799885e+02 0.000000000000000000e+00 1.911964900770871001e+00
1.200911923896998559e+02 0.000000000000000000e+00 1.999002241539554969e+00
1.198795992564649282e+02 0.000000000000000000e+00 1.991430211579465315e+00
