2.550000000000000000e+02 5.467994258123450635e+01 1.214707555787550604e+02
2.550000000000000000e+02 4.620655095915437727e+01 1.195461960067858485e+02
2.549993083648701599e+02 3.390121362390708271e+01 1.146563617382226283e+02
2.549988124755317642e+02 3.018676758449693409e+01 1.134206577058593268e+02
2.549998695028056943e+02 2.893601722562964795e+01 1.132889990865196381e+02
2.549998695028056943e+02 2.908624559571969215e+01 1.132982904867545386e+02
2.549999217016834052e+02 3.135239462351559325e+01 1.142053895341250183e+02
2.550000000000000000e+02 3.462243246770194105e+01 1.154840923920135651e+02
2.550000000000000000e+02 3.871120970899125524e+01 1.169613206316064264e+02
2.550000000000000000e+02 4.346031580321022858e+01 1.184130888685893268e+02
2.550000000000000000e+02 4.801208404019313747e+01 1.197138979511940562e+02
2.550000000000000000e+02 5.117991648179564379e+01 1.204779590238809845e+02
2.550000000000000000e+02 5.029832963591282891e+01 1.203297925094610434e+02
2.550000000000000000e+02 4.566489625473052172e+01 1.191607333942320253e+02
2.550000000000000000e+02 4.100079603288529029e+01 1.178514941928748527e+02
2.549999869502805723e+02 3.878650659010830992e+01 1.170195745791465498e+02
2.550000000000000000e+02 3.855697507503588639e+01 1.169781939188307405e+02
2.549999869502805723e+02 4.010340597677149788e+01 1.170683674800991838e+02
2.550000000000000000e+02 4.205505676627952738e+01 1.176305624429074754e+02
2.550000000000000000e+02 4.434988907738483732e+01 1.181886989429727208e+02
2.550000000000000000e+02 4.725809735090695796e+01 1.187670494584366452e+02
2.550000000000000000e+02 5.020144851885684290e+01 1.196035625734046732e+02
2.549999869502805723e+02 5.234254208534516550e+01 1.203621949628083030e+02
2.550000000000000000e+02 5.438008612814824261e+01 1.210162599504110688e+02
2.550000000000000000e+02 5.665171603810517809e+01 1.218660315803210210e+02
2.550000000000000000e+02 5.867808952107530018e+01 1.223362260211405470e+02
2.550000000000000000e+02 5.990981338901213604e+01 1.225966723215450855e+02
2.550000000000000000e+02 5.934446039410152451e+01 1.223792117969463646e+02
2.550000000000000000e+02 4.947467049458436605e+01 1.198275610074383337e+02
2.549998695028056943e+02 3.506291269737700844e+01 1.156399321414589565e+02
2.549993605637478709e+02 3.024693984079342357e+01 1.141703640871721319e+02
2.549998042542085273e+02 2.891256687981208273e+01 1.136900300143546900e+02
2.549991648179564265e+02 2.937801122275871180e+01 1.137240636826308275e+02
2.549996215581365107e+02 3.130685110270129101e+01 1.141082213232415512e+02
2.549996346078559384e+02 3.417377006394362837e+01 1.148610335377789369e+02
2.549999217016834052e+02 3.743864021923528895e+01 1.159197833746574418e+02
2.550000000000000000e+02 4.142773065379094533e+01 1.171356126843272847e+02
2.550000000000000000e+02 4.563301579016051335e+01 1.187505285136369508e+02
2.550000000000000000e+02 4.843870546783244180e+01 1.197842098394884545e+02
2.550000000000000000e+02 4.898205663578232816e+01 1.199370351037452735e+02
2.550000000000000000e+02 4.645372569489755676e+01 1.193945843664361206e+02
2.550000000000000000e+02 4.182251076601853157e+01 1.181261516377397953e+02
2.549998434033668389e+02 3.847898995171603787e+01 1.174466918961242357e+02
2.549999608508417168e+02 3.793767453999738848e+01 1.174675975466527404e+02
2.550000000000000000e+02 3.863871851755187237e+01 1.176615555265561852e+02
2.549999608508417168e+02 4.032359389273130290e+01 1.181016834138065974e+02
2.550000000000000000e+02 4.266594023228500276e+01 1.187034059767715064e+02
2.549999869502805723e+02 4.569645047631475876e+01 1.189776066814563507e+02
2.550000000000000000e+02 4.858560615946757366e+01 1.196531776066814530e+02
2.550000000000000000e+02 5.166188176954195654e+01 1.202863369437557139e+02
2.550000000000000000e+02 5.369226151637739974e+01 1.207098264387315680e+02
2.550000000000000000e+02 5.578927313062769144e+01 1.212847057288268360e+02
2.550000000000000000e+02 5.741808691113141094e+01 1.219418243507764572e+02
2.550000000000000000e+02 5.844207229544564797e+01 1.222515724911914390e+02
2.550000000000000000e+02 5.915299491060942216e+01 1.225610726869372371e+02
2.550000000000000000e+02 5.285774500848231838e+01 1.209093957979903422e+02
2.549999869502805723e+02 3.765229022576014728e+01 1.168279916481795624e+02
2.549996737570142216e+02 3.042727391361085765e+01 1.141612945321675596e+02
2.549993083648701599e+02 2.862607333942320409e+01 1.134671669059115260e+02
2.549986950280568863e+02 2.849263995824089690e+01 1.136196267780242692e+02
2.549997390056113886e+02 3.005970246639697407e+01 1.138221584235938906e+02
2.549998825525251220e+02 3.210622471616860452e+01 1.146123711340206199e+02
2.549999869502805723e+02 3.487681064857105895e+01 1.158229936056374783e+02
2.550000000000000000e+02 3.863390317108181904e+01 1.170153725694897560e+02
2.550000000000000000e+02 4.249877332637348104e+01 1.181931097481404151e+02
2.550000000000000000e+02 4.589647657575362416e+01 1.191520553308103842e+02
2.550000000000000000e+02 4.758834660054808552e+01 1.195278742007046873e+02
2.550000000000000000e+02 4.590276654051938010e+01 1.192695028056896831e+02
2.550000000000000000e+02 4.181948323111053156e+01 1.181123058854234671e+02
2.549999478011222891e+02 3.847932924442124403e+01 1.170993475140284517e+02
2.550000000000000000e+02 3.715034581756492571e+01 1.166801905259036971e+02
2.549998956022445498e+02 3.709815998956022298e+01 1.167264387315672707e+02
2.549998695028056943e+02 3.822613858802035480e+01 1.170446822393318485e+02
2.549999478011222891e+02 3.977534907999478264e+01 1.175220279263995877e+02
2.550000000000000000e+02 4.219782069685501824e+01 1.181590108312671248e+02
2.550000000000000000e+02 4.510187915959807015e+01 1.190934490408456270e+02
2.550000000000000000e+02 4.769209187002479666e+01 1.196333028839879944e+02
2.550000000000000000e+02 5.049945191178389337e+01 1.202728304841445919e+02
2.550000000000000000e+02 5.297473574318151890e+01 1.207241419809474081e+02
2.550000000000000000e+02 5.508484927574057366e+01 1.214260602897037700e+02
2.550000000000000000e+02 5.732766540519379106e+01 1.219515594414720141e+02
2.550000000000000000e+02 5.873974944538692711e+01 1.222501239723345918e+02
2.550000000000000000e+02 5.496800208795510656e+01 1.212486102048805918e+02
2.550000000000000000e+02 4.006069424507373355e+01 1.175165600939579775e+02
2.549996085084170829e+02 3.054384705728826788e+01 1.144996215581364964e+02
2.549978859454521682e+02 2.773040584627430505e+01 1.137500065248597139e+02
2.549989560224455261e+02 2.788389664622210518e+01 1.137408717212579887e+02
2.549990734699204040e+02 2.977953803993214166e+01 1.140428422288920842e+02
2.549997520553308163e+02 3.249569359258775592e+01 1.146962938796815905e+02
2.549999478011222891e+02 3.576651441993997338e+01 1.155958371395014979e+02
2.550000000000000000e+02 4.037669320109617388e+01 1.169312801774761823e+02
2.549999217016834052e+02 4.529369698551481349e+01 1.184480229675062048e+02
2.550000000000000000e+02 4.888819000391491443e+01 1.197004436904606592e+02
2.550000000000000000e+02 5.045590499804254137e+01 1.204699203967114727e+02
2.550000000000000000e+02 4.822814824481273632e+01 1.199669581104006255e+02
2.550000000000000000e+02 4.309411457653660449e+01 1.187804645700117447e+02
2.550000000000000000e+02 3.897071642959676296e+01 1.174645569620253127e+02
2.549999739005611445e+02 3.802180608116925242e+01 1.172530340597677139e+02
2.550000000000000000e+02 3.835420853451650913e+01 1.176567662795249873e+02
2.549999739005611445e+02 3.963435991126191027e+01 1.180313584757927714e+02
2.550000000000000000e+02 4.160314498238287939e+01 1.185117186480490687e+02
2.550000000000000000e+02 4.366206446561398735e+01 1.191805689677671865e+02
2.550000000000000000e+02 4.631498107790682184e+01 1.199028317891165329e+02
2.550000000000000000e+02 4.892521205794075456e+01 1.205730653790943450e+02
2.550000000000000000e+02 5.121577711079211781e+01 1.210994649615033296e+02
2.550000000000000000e+02 5.336301709513245584e+01 1.217446169907346984e+02
2.550000000000000000e+02 5.552929662012266476e+01 1.221735482187132931e+02
2.549999739005611445e+02 5.717190395406498737e+01 1.222927313062769201e+02
2.550000000000000000e+02 5.787036408717212765e+01 1.224919352733916185e+02
2.550000000000000000e+02 5.189437557092522724e+01 1.209195223802688304e+02
2.550000000000000000e+02 3.751157510113532823e+01 1.167031841315411782e+02
2.549990212710426647e+02 3.083747879420592497e+01 1.146038757666710097e+02
2.549982382878768021e+02 2.890555918047762063e+01 1.136568706772804376e+02
2.549977684979772903e+02 2.866737570142241864e+01 1.134659402322850070e+02
2.549992039671147097e+02 3.006453086258645513e+01 1.137604332506851108e+02
2.549999478011222891e+02 3.211475923267649790e+01 1.145352733916220842e+02
2.549999217016834052e+02 3.507390056113793264e+01 1.152390317108182245e+02
2.550000000000000000e+02 3.828145634868850067e+01 1.165049849928226564e+02
2.550000000000000000e+02 4.211184914524337586e+01 1.181104658749836886e+02
2.550000000000000000e+02 4.560786898081691021e+01 1.189679107399190912e+02
2.550000000000000000e+02 4.649862977945974052e+01 1.192315150724259496e+02
2.550000000000000000e+02 4.367537517943364378e+01 1.186622993605637504e+02
2.550000000000000000e+02 3.920814302492496495e+01 1.174209056505285105e+02
2.549998695028056943e+02 3.614704423854887239e+01 1.165621166644917110e+02
2.549999608508417168e+02 3.533959284875375317e+01 1.163767323502544713e+02
2.549999869502805723e+02 3.549504110661620615e+01 1.163809604593501206e+02
2.549999739005611445e+02 3.671521597285658345e+01 1.166823306798903843e+02
2.550000000000000000e+02 3.913785723606942213e+01 1.171462612553830098e+02
2.550000000000000000e+02 4.198011222758710659e+01 1.179683674800991753e+02
2.550000000000000000e+02 4.453788333550828327e+01 1.186517551872634755e+02
2.550000000000000000e+02 4.655462612553829871e+01 1.189901996607072903e+02
2.550000000000000000e+02 4.855432598199138994e+01 1.195828787681064824e+02
2.550000000000000000e+02 5.006423071903954281e+01 1.199287093827482664e+02
2.550000000000000000e+02 5.196099438862064801e+01 1.203637478794205862e+02
2.550000000000000000e+02 5.369224846665796491e+01 1.209380399321414643e+02
2.550000000000000000e+02 5.508400104397755115e+01 1.213063943625212033e+02
2.550000000000000000e+02 5.384576536604463115e+01 1.209268563225890603e+02
2.550000000000000000e+02 4.253339423202400837e+01 1.180112749575884123e+02
2.549997520553308163e+02 3.062736526164687589e+01 1.145016703640871754e+02
2.549990343207620924e+02 2.639480621166644880e+01 1.129182826569228695e+02
2.549986950280568863e+02 2.534727913349863115e+01 1.125559180477619776e+02
2.549959937361346647e+02 2.576396972465092006e+01 1.125776849797729398e+02
2.549976380007829846e+02 2.691349340989168581e+01 1.132579538039932174e+02
2.549981599895602358e+02 2.915278611509852524e+01 1.140410935664883141e+02
2.549993605637478709e+02 3.200037844186349645e+01 1.151299621558136437e+02
2.549998434033668389e+02 3.534427769802949371e+01 1.162814171995302104e+02
2.549999347514028329e+02 3.855821479838183308e+01 1.173058201748662412e+02
2.550000000000000000e+02 4.106600548088216129e+01 1.178280960459350126e+02
2.549999869502805723e+02 4.164973248075166623e+01 1.177995693592587827e+02
2.549999739005611445e+02 3.905527861150985558e+01 1.171668667623646058e+02
2.549998303536473827e+02 3.540173561268432678e+01 1.163704162860498457e+02
2.549998695028056943e+02 3.369184392535560590e+01 1.157445778415764011e+02
2.549998956022445498e+02 3.357718909043455824e+01 1.155411327156466115e+02
2.549999347514028329e+02 3.376937230849537031e+01 1.157045021532037055e+02
2.549999739005611445e+02 3.526976380007830159e+01 1.159488059506720674e+02
2.550000000000000000e+02 3.738974292052721182e+01 1.169533994519117783e+02
2.550000000000000000e+02 3.995282526425681624e+01 1.175370873026229930e+02
2.549999478011222891e+02 4.237486624037583027e+01 1.180962155813650014e+02
2.550000000000000000e+02 4.495965026751925109e+01 1.187003001435469116e+02
2.550000000000000000e+02 4.681434164165470690e+01 1.192024011483753156e+02
2.550000000000000000e+02 4.867104267258253714e+01 1.194994649615033211e+02
2.550000000000000000e+02 5.046312149288790039e+01 1.201690460655095904e+02
2.550000000000000000e+02 5.193464700508938847e+01 1.206167688894688723e+02
2.550000000000000000e+02 5.318328330940884996e+01 1.210901605115490014e+02
2.550000000000000000e+02 5.359793814432989478e+01 1.211957327417460561e+02
2.550000000000000000e+02 4.601282787420070264e+01 1.193520292313715316e+02
2.549999739005611445e+02 3.268936447866370543e+01 1.154736004175910153e+02
2.549993475140284431e+02 2.738813780503719286e+01 1.133591282787420056e+02
2.549957196920266256e+02 2.546887641915698808e+01 1.126631084431684684e+02
2.549981730392796635e+02 2.589959545869763957e+01 1.127521597285658288e+02
2.549989560224455261e+02 2.744380790812997617e+01 1.133774761842620364e+02
2.549980425420853578e+02 2.980109617643220687e+01 1.143338901213623870e+02
2.549997390056113886e+02 3.250182696072034361e+01 1.151097481404149789e+02
2.549997912044890995e+02 3.590060028709383033e+01 1.163349601983557307e+02
2.550000000000000000e+02 3.971154900169646140e+01 1.173175388229153100e+02
2.550000000000000000e+02 4.239128278742006728e+01 1.182396841967897672e+02
2.549998956022445498e+02 4.297639305754925942e+01 1.184029883857497083e+02
2.550000000000000000e+02 4.005877593631736744e+01 1.176568967767193072e+02
2.549999869502805723e+02 3.643446430901735766e+01 1.167186871982252399e+02
2.549999869502805723e+02 3.426120318413153853e+01 1.161583061464178570e+02
2.549999347514028329e+02 3.355396058984732122e+01 1.159093435991126171e+02
2.549998303536473827e+02 3.376436121623385134e+01 1.159018661098786396e+02
2.549999608508417168e+02 3.491248858149549505e+01 1.163292705206838065e+02
2.550000000000000000e+02 3.733835312540780649e+01 1.171064204619600702e+02
2.550000000000000000e+02 4.003484275088085553e+01 1.179851233198486256e+02
2.549999869502805723e+02 4.249119143938405330e+01 1.186350123972334529e+02
2.549999217016834052e+02 4.507850711209709260e+01 1.191703640871721319e+02
2.550000000000000000e+02 4.789531515072425805e+01 1.196325851494192847e+02
2.550000000000000000e+02 4.986875897168211225e+01 1.199565966331723814e+02
2.550000000000000000e+02 5.129056505285136325e+01 1.202146417852016214e+02
2.550000000000000000e+02 5.303343338118230577e+01 1.206693853582147966e+02
2.550000000000000000e+02 5.536712775675322717e+01 1.213727652355474333e+02
2.550000000000000000e+02 5.608869894297272651e+01 1.218822001826960673e+02
2.550000000000000000e+02 5.590999608508417396e+01 1.219035625734046704e+02
2.550000000000000000e+02 5.091879159598068583e+01 1.208767975988516241e+02
2.550000000000000000e+02 3.652928357040323704e+01 1.169960981338901149e+02
2.549997651050502441e+02 2.773399451911783942e+01 1.140444734438209622e+02
2.549991909173952820e+02 2.568050371917003716e+01 1.131651572491191473e+02
2.549979772934881908e+02 2.600407151246248105e+01 1.130563356387837644e+02
2.549987602766540533e+02 2.769227456609682747e+01 1.135439253556048556e+02
2.549995171603810604e+02 3.040323633041889551e+01 1.144803340728174277e+02
2.549994388620644656e+02 3.355580060028709255e+01 1.155499282265431304e+02
2.550000000000000000e+02 3.850233589977815285e+01 1.168085345165078905e+02
2.550000000000000000e+02 4.270785593109748390e+01 1.183086128148244853e+02
2.550000000000000000e+02 4.658363565183348243e+01 1.193780112227587153e+02
2.550000000000000000e+02 4.783031449823828751e+01 1.198084562181913100e+02
2.550000000000000000e+02 4.637328722432467742e+01 1.194160250554613043e+02
2.550000000000000000e+02 4.195262951846535060e+01 1.181255122014876662e+02
2.550000000000000000e+02 3.799438862064465638e+01 1.170635782330679859e+02
2.550000000000000000e+02 3.649983035364739692e+01 1.163631214928878990e+02
2.549999217016834052e+02 3.649287485319065638e+01 1.165590499804254279e+02
2.549999478011222891e+02 3.779260080908260733e+01 1.168672843533863954e+02
2.550000000000000000e+02 3.990578102570794528e+01 1.174595458697638009e+02
2.550000000000000000e+02 4.336667101657314305e+01 1.182600287093827518e+02
2.550000000000000000e+02 4.766610987863760585e+01 1.189026229936056325e+02
2.550000000000000000e+02 5.058735482187132959e+01 1.195628474487798485e+02
2.550000000000000000e+02 5.286267780242724967e+01 1.201182696072034446e+02
2.550000000000000000e+02 5.516321284092391863e+01 1.205866240375831921e+02
2.550000000000000000e+02 5.708543651311497058e+01 1.209292183218060757e+02
2.550000000000000000e+02 5.865612684327287241e+01 1.212409630692940112e+02
2.550000000000000000e+02 5.989817303927965497e+01 1.214559702466396942e+02
2.550000000000000000e+02 6.081350645961111923e+01 1.216822393318543618e+02
2.550000000000000000e+02 5.788879029100874618e+01 1.208592457262168836e+02
2.550000000000000000e+02 4.482067075557875313e+01 1.174673757014224265e+02
2.549998434033668389e+02 3.405285136369568022e+01 1.144158032102309761e+02
2.549998434033668389e+02 3.080014354691374123e+01 1.131196789769019944e+02
2.549992953151507322e+02 3.066993344643090325e+01 1.129867284353386339e+02
2.549998434033668389e+02 3.213501239723346004e+01 1.137125407803732173e+02
2.550000000000000000e+02 3.472228892078820195e+01 1.143907738483622580e+02
2.550000000000000000e+02 3.714152420722954417e+01 1.157933707425290351e+02
2.550000000000000000e+02 4.195812345034581625e+01 1.174862325460002666e+02
2.550000000000000000e+02 4.771196659271825524e+01 1.188974292052720898e+02
2.550000000000000000e+02 5.302669972595589343e+01 1.203517290878246087e+02
2.550000000000000000e+02 5.602281090956544318e+01 1.213711601200574250e+02
2.550000000000000000e+02 5.491414589586323558e+01 1.211200443690460702e+02
2.550000000000000000e+02 4.964451259297925390e+01 1.198862977945974109e+02
2.549999869502805723e+02 4.425907607986428616e+01 1.184036278220018232e+02
2.550000000000000000e+02 4.101606420461960312e+01 1.176327025968941626e+02
2.550000000000000000e+02 4.110044369046065782e+01 1.176573274174605217e+02
2.550000000000000000e+02 4.223588672843533942e+01 1.179895080255774502e+02
2.550000000000000000e+02 4.398272217147331276e+01 1.185407542737831079e+02
2.550000000000000000e+02 4.663488190003914724e+01 1.191782461177084684e+02
2.550000000000000000e+02 4.994498238287877001e+01 1.202141850450215372e+02
2.550000000000000000e+02 5.321414589586323984e+01 1.211257862455957195e+02
2.550000000000000000e+02 5.653660446300404629e+01 1.218973509069554950e+02
2.550000000000000000e+02 5.912484666579668868e+01 1.225035756231241066e+02
2.550000000000000000e+02 6.097371786506590041e+01 1.230074774892339775e+02
2.550000000000000000e+02 6.310401931358475736e+01 1.231277045543520785e+02
2.550000000000000000e+02 6.485291661229283022e+01 1.235089260080908247e+02
2.550000000000000000e+02 6.607370481534647411e+01 1.235852277176040701e+02
2.550000000000000000e+02 6.488869894297272367e+01 1.232864804906694474e+02
2.550000000000000000e+02 5.198084301187524403e+01 1.202814171995302104e+02
2.550000000000000000e+02 3.607153856192091723e+01 1.158311366305624404e+02
2.549994258123450379e+02 3.068541041367610589e+01 1.140205533081038709e+02
2.549985775805820083e+02 2.938768106485710518e+01 1.136518204358606283e+02
2.549986950280568863e+02 3.003764844055852734e+01 1.138703640871721205e+02
2.549991126190786872e+02 3.183588672843533729e+01 1.146450345817564909e+02
2.549998042542085273e+02 3.484871460263604348e+01 1.157039540649875988e+02
2.550000000000000000e+02 3.868890773848362130e+01 1.166851494192874839e+02
2.550000000000000000e+02 4.316339553699595655e+01 1.180381834790552062e+02
2.550000000000000000e+02 4.764463004045413186e+01 1.191935795380399270e+02
2.550000000000000000e+02 5.053323763539084013e+01 1.199785723606942440e+02
2.550000000000000000e+02 5.121970507634085834e+01 1.205971290617251697e+02
2.550000000000000000e+02 4.846749314889729732e+01 1.200216364348166564e+02
2.550000000000000000e+02 4.388995171603810519e+01 1.188568576275610127e+02
2.550000000000000000e+02 4.040703379877332679e+01 1.180004436904606564e+02
2.549998956022445498e+02 3.910867806342163533e+01 1.176415764061072622e+02
2.549998564530862666e+02 3.947994258123450351e+01 1.175592065770585890e+02
2.550000000000000000e+02 4.090048283961894526e+01 1.179392274566096859e+02
2.550000000000000000e+02 4.267416155552655965e+01 1.183299360563747911e+02
2.550000000000000000e+02 4.509988255252512346e+01 1.189633824872765189e+02
2.550000000000000000e+02 4.738632389403628054e+01 1.195558006002870997e+02
2.550000000000000000e+02 4.853155422158423704e+01 1.201752185828004684e+02
2.550000000000000000e+02 5.009134803601722297e+01 1.207004697898995147e+02
2.550000000000000000e+02 5.201272347644525951e+01 1.211774370351037504e+02
2.550000000000000000e+02 5.356297794597416129e+01 1.214501500717734501e+02
2.550000000000000000e+02 5.534623515594415011e+01 1.220983818347905583e+02
2.550000000000000000e+02 5.732955761451128751e+01 1.224819130888685947e+02
2.550000000000000000e+02 5.812899647657575031e+01 1.224086780634216325e+02
2.550000000000000000e+02 5.504738353125407713e+01 1.215301970507634053e+02
2.549999739005611445e+02 4.188511027012918930e+01 1.179327808952107546e+02
2.549996998564530770e+02 3.144954978467962903e+01 1.144678324416025106e+02
2.549989299230066422e+02 2.777238679368393548e+01 1.131314106746704908e+02
2.549988385749706481e+02 2.723797468354430507e+01 1.129725694897559691e+02
2.549980294923659017e+02 2.809044760537648600e+01 1.133377919874722721e+02
2.549995824089781991e+02 3.013373352472921951e+01 1.140395797990343141e+02
2.549994258123450379e+02 3.286215581365000560e+01 1.149604723998433968e+02
2.549999086519639775e+02 3.693304188959937306e+01 1.160562051415894587e+02
2.549997912044890995e+02 4.087046848492757078e+01 1.173577189090434558e+02
2.550000000000000000e+02 4.455743181521597052e+01 1.182620514158945610e+02
2.550000000000000000e+02 4.711725172908782611e+01 1.188875244682239298e+02
2.550000000000000000e+02 4.709592848753752037e+01 1.189571055722301907e+02
2.550000000000000000e+02 4.353622602114054274e+01 1.183185175518726311e+02
2.550000000000000000e+02 3.939804254208534218e+01 1.171528252642568191e+02
2.549999608508417168e+02 3.689793814432989905e+01 1.164601722562964881e+02
2.549999739005611445e+02 3.641032232806994529e+01 1.163698159989560281e+02
2.549998564530862666e+02 3.726256035495237029e+01 1.165474357301317951e+02
2.550000000000000000e+02 3.867668015137674331e+01 1.169582539475401290e+02
2.550000000000000000e+02 4.035737961633824966e+01 1.176500065248597195e+02
2.550000000000000000e+02 4.212418113010570409e+01 1.180242202792640001e+02
2.550000000000000000e+02 4.517088607594936889e+01 1.188150724259428443e+02
2.550000000000000000e+02 4.832530340597676854e+01 1.197372699986950266e+02
2.550000000000000000e+02 5.022073600417591166e+01 1.205883335508286507e+02
2.550000000000000000e+02 5.192911392405063253e+01 1.210460002609943899e+02
2.550000000000000000e+02 5.431435469137413463e+01 1.219135064596111135e+02
2.550000000000000000e+02 5.619840793422941516e+01 1.223585932402453409e+02
2.550000000000000000e+02 5.687102962286310515e+01 1.223305232937491809e+02
2.550000000000000000e+02 5.360664230719039836e+01 1.213906042020096550e+02
2.549999869502805723e+02 4.052753490799948111e+01 1.177261255383009200e+02
2.549999347514028329e+02 3.111969202662142919e+01 1.147359911261907826e+02
2.549997520553308163e+02 2.842626908521466689e+01 1.137488450998303477e+02
2.549991256687981149e+02 2.826227326112488569e+01 1.134387707164296017e+02
2.549986950280568863e+02 3.013442515985906311e+01 1.140416677541432904e+02
2.549996085084170829e+02 3.345157249119144183e+01 1.148723606942450743e+02
2.549998434033668389e+02 3.669522380268823980e+01 1.159068511027012960e+02
2.549999739005611445e+02 4.119904737048153720e+01 1.170010961764322133e+02
2.550000000000000000e+02 4.638135195093305185e+01 1.184726086389142665e+02
2.550000000000000000e+02 5.050482839618948105e+01 1.197721649484536073e+02
2.550000000000000000e+02 5.209531515072426089e+01 1.200473965809735120e+02
2.550000000000000000e+02 5.070167036408717109e+01 1.197202662142763927e+02
2.550000000000000000e+02 4.631338901213624126e+01 1.184336291269737700e+02
2.550000000000000000e+02 4.227242594284222577e+01 1.173099438862064403e+02
2.550000000000000000e+02 3.997104267258254140e+01 1.170639436252120618e+02
2.550000000000000000e+02 3.945268171734307572e+01 1.170940232285005891e+02
2.550000000000000000e+02 4.048514941928748812e+01 1.176688242202792622e+02
2.549999608508417168e+02 4.289587628865979241e+01 1.182316977684979804e+02
2.550000000000000000e+02 4.521500717734569008e+01 1.190489494975857951e+02
2.550000000000000000e+02 4.741073991909173913e+01 1.195365131149680309e+02
2.550000000000000000e+02 5.012990995693592566e+01 1.199734438209578542e+02
2.550000000000000000e+02 5.279171342816129453e+01 1.205349993475140309e+02
2.550000000000000000e+02 5.520354952368523982e+01 1.211256296489625441e+02
2.550000000000000000e+02 5.732390708599765361e+01 1.215619731175779776e+02
2.550000000000000000e+02 5.869433642176693411e+01 1.223324546522249818e+02
2.550000000000000000e+02 5.902583844447344319e+01 1.225399582408978176e+02
2.550000000000000000e+02 5.141218843794858628e+01 1.208889207882030519e+02
2.550000000000000000e+02 3.686528774631345584e+01 1.169302753490799915e+02
2.549995954586976268e+02 2.997931619470181275e+01 1.147059115229022552e+02
2.549996998564530770e+02 2.841969202662142635e+01 1.138888685893253268e+02
2.549985775805820083e+02 2.908366175127234854e+01 1.138136891556831500e+02
2.549996215581365107e+02 3.090204880595067038e+01 1.143252773065379131e+02
2.549996215581365107e+02 3.327647135586585136e+01 1.149364087172125863e+02
2.549997912044890995e+02 3.671183609552394955e+01 1.159891034842750912e+02
2.550000000000000000e+02 4.069451911783896492e+01 1.175737048153464741e+02
2.549999608508417168e+02 4.500502414198094669e+01 1.188572491191439440e+02
2.550000000000000000e+02 4.832262821349340953e+01 1.197819522380268893e+02
2.550000000000000000e+02 4.867558397494453715e+01 1.196810779068250099e+02
2.550000000000000000e+02 4.552040976119013749e+01 1.190079472791335036e+02
2.550000000000000000e+02 4.118169124363826228e+01 1.180074905389534194e+02
2.550000000000000000e+02 3.830806472660837869e+01 1.170903954064987573e+02
2.550000000000000000e+02 3.712103614772282612e+01 1.167655226412632175e+02
2.549999869502805723e+02 3.779369698551481349e+01 1.170825264256818485e+02
2.550000000000000000e+02 3.941054417330027348e+01 1.177016703640871782e+02
2.550000000000000000e+02 4.241485058071251757e+01 1.177497977293488134e+02
2.550000000000000000e+02 4.518578885553960589e+01 1.183550828657183871e+02
2.550000000000000000e+02 4.801498107790682468e+01 1.188298447083387686e+02
2.550000000000000000e+02 5.047190395406498453e+01 1.195265561790421458e+02
2.550000000000000000e+02 5.254996737570142074e+01 1.201187263473835287e+02
2.550000000000000000e+02 5.376220801252772930e+01 1.207793944930184011e+02
2.550000000000000000e+02 5.462251076601852873e+01 1.211736656661881710e+02
2.550000000000000000e+02 5.608956022445517675e+01 1.216978337465744460e+02
2.550000000000000000e+02 5.661819130888685692e+01 1.220091217538822974e+02
2.550000000000000000e+02 5.113498629779459748e+01 1.206260080908260477e+02
2.550000000000000000e+02 3.706796293879681770e+01 1.166362782200182693e+02
2.549993083648701599e+02 2.899185697507503434e+01 1.140020227065118092e+02
2.549988516246900758e+02 2.619346209056505259e+01 1.131368524076732314e+02
2.549994388620644656e+02 2.609928226543129171e+01 1.130220279263995877e+02
2.549987863760929088e+02 2.698808560615946917e+01 1.134754273783113661e+02
2.549990212710426647e+02 2.892033146287354839e+01 1.139605898473182890e+02
2.549996868067336493e+02 3.187687589716821179e+01 1.148743181521597307e+02
2.549998956022445498e+02 3.493832702596893824e+01 1.158580582017486620e+02
2.550000000000000000e+02 3.814376875897168162e+01 1.167903954064987602e+02
2.550000000000000000e+02 4.059975205533081066e+01 1.174415764061072736e+02
2.550000000000000000e+02 4.125385619209186672e+01 1.179403888816390378e+02
2.550000000000000000e+02 3.938777241289312059e+01 1.176698029492365976e+02
2.549999608508417168e+02 3.683882291530731834e+01 1.169293357692809536e+02
2.549998956022445498e+02 3.466729740310583452e+01 1.163601853060159215e+02
2.550000000000000000e+02 3.421465483492104909e+01 1.163839357953803955e+02
2.549998825525251220e+02 3.462149288790291024e+01 1.163386141197964179e+02
2.550000000000000000e+02 3.604153725694897759e+01 1.166146417852016128e+02
2.549999739005611445e+02 3.786374787942059328e+01 1.168654834921049144e+02
2.550000000000000000e+02 4.002017486624037446e+01 1.175804254208534587e+02
2.550000000000000000e+02 4.307681064857105468e+01 1.182231371525512174e+02
2.550000000000000000e+02 4.551120970899125950e+01 1.193411849145243337e+02
2.550000000000000000e+02 4.739723345948062416e+01 1.200362129714211079e+02
2.550000000000000000e+02 4.946558788986036603e+01 1.206648179564139411e+02
2.550000000000000000e+02 5.101073991909174055e+01 1.210981338901213604e+02
2.550000000000000000e+02 5.192656922876157921e+01 1.212837922484666535e+02
2.550000000000000000e+02 5.315914132846143758e+01 1.213492626908521430e+02
2.550000000000000000e+02 5.395811040062638853e+01 1.214583974944538625e+02
2.550000000000000000e+02 5.268212188437948384e+01 1.209991778676758400e+02
2.550000000000000000e+02 4.247191700378441936e+01 1.182210622471616830e+02
2.549999478011222891e+02 3.088595850189220826e+01 1.146866631867414839e+02
2.549987863760929088e+02 2.666976380007829661e+01 1.130524207229544515e+02
2.549982121884379467e+02 2.583985384314237166e+01 1.125772543390317111e+02
2.549985645308625806e+02 2.649523685240767179e+01 1.130348819000391529e+02
2.549990865196398317e+02 2.844926269085214798e+01 1.136539214406890181e+02
2.549994388620644656e+02 3.098531906564008764e+01 1.146791073991909116e+02
2.549999739005611445e+02 3.404170690330158067e+01 1.155330679890382299e+02
2.549999217016834052e+02 3.724451259297924821e+01 1.165394493018400084e+02
2.549999869502805723e+02 4.080758188698943201e+01 1.174467310452825330e+02
2.550000000000000000e+02 4.243261124885815150e+01 1.178702988385749677e+02
2.549999608508417168e+02 4.095526556179041933e+01 1.173443429466266537e+02
2.549999608508417168e+02 3.791130105702727349e+01 1.166513897951193997e+02
2.550000000000000000e+02 3.521066162077515571e+01 1.158309147853321122e+02
2.549999608508417168e+02 3.414271173169776574e+01 1.154069163512984488e+02
2.549998695028056943e+02 3.368209578494062129e+01 1.155079342294140616e+02
2.549999086519639775e+02 3.452944016703640528e+01 1.156890251859584993e+02
2.550000000000000000e+02 3.615730131802165914e+01 1.163947540127887237e+02
2.549998695028056943e+02 3.850433250685109954e+01 1.169581495497846788e+02
2.549999869502805723e+02 4.119039540649875875e+01 1.177396711470703394e+02
2.550000000000000000e+02 4.334725303405976859e+01 1.182515594414720113e+02
2.550000000000000000e+02 4.568456218191308693e+01 1.189443429466266480e+02
2.550000000000000000e+02 4.738417069033015849e+01 1.193451259297925162e+02
2.550000000000000000e+02 4.860836487015529173e+01 1.196617643220670715e+02
2.550000000000000000e+02 5.000776458306146566e+01 1.199010961764322047e+02
2.550000000000000000e+02 5.097185175518726652e+01 1.201772804384705751e+02
2.550000000000000000e+02 5.190194440819522725e+01 1.204431684718778541e+02
2.550000000000000000e+02 5.211277567532297894e+01 1.207309930836486984e+02
2.550000000000000000e+02 4.916763669581104068e+01 1.199633563878376634e+02
2.550000000000000000e+02 3.861479838183478819e+01 1.170232937491843899e+02
2.549999217016834052e+02 2.999051285397364097e+01 1.146031319326634446e+02
2.549986819783374585e+02 2.640146156857627702e+01 1.132161425029361936e+02
2.549980555918047855e+02 2.621565966331723985e+01 1.129018139110009145e+02
2.549971812606029005e+02 2.757247814171995159e+01 1.134139892992300673e+02
2.549992431162729929e+02 2.929458436643612274e+01 1.140609943886206423e+02
2.549996215581365107e+02 3.191462873548218582e+01 1.149763147592326789e+02
2.549997129061725047e+02 3.536994649615033381e+01 1.160843142372439019e+02
2.550000000000000000e+02 3.913071903954065078e+01 1.172899125668798064e+02
2.550000000000000000e+02 4.246155552655618237e+01 1.182051415894558204e+02
2.549999869502805723e+02 4.387353516899386818e+01 1.188764452564269902e+02
2.549999478011222891e+02 4.242694767062508276e+01 1.183884770977423955e+02
2.550000000000000000e+02 3.861635129844708558e+01 1.172476184262038430e+02
2.549998825525251220e+02 3.529943886206446280e+01 1.163276262560355008e+02
2.549996607072947938e+02 3.460980033929270405e+01 1.159902257601461599e+02
2.550000000000000000e+02 3.446291269737700702e+01 1.158246509200052259e+02
2.549998434033668389e+02 3.524654834921049229e+01 1.162177867675844993e+02
2.550000000000000000e+02 3.735414328591934918e+01 1.167900822132324095e+02
2.550000000000000000e+02 3.884169385358215010e+01 1.175622080125277336e+02
2.550000000000000000e+02 4.097789377528383170e+01 1.181823567793292398e+02
2.550000000000000000e+02 4.361375440428030714e+01 1.190161555526556185e+02
2.550000000000000000e+02 4.569317499673756799e+01 1.196727521858280028e+02
2.550000000000000000e+02 4.706426986819783309e+01 1.199496672321545105e+02
2.550000000000000000e+02 4.845889338379225109e+01 1.203678193918830743e+02
2.550000000000000000e+02 4.943011875244682329e+01 1.204536082474226788e+02
2.550000000000000000e+02 4.980202270651181351e+01 1.204865979381443282e+02
2.550000000000000000e+02 5.053616077254338990e+01 1.204086519639827770e+02
2.550000000000000000e+02 5.133597807647135625e+01 1.206483492104919719e+02
2.550000000000000000e+02 5.181462873548218795e+01 1.206674018008612848e+02
2.550000000000000000e+02 5.178297011614250067e+01 1.206769802949236521e+02
2.550000000000000000e+02 4.532154508678063110e+01 1.191855409108704151e+02
2.549996085084170829e+02 3.338856844577841798e+01 1.154909173952760000e+02
2.549996085084170829e+02 2.732826569228761571e+01 1.135169646352603365e+02
2.549993083648701599e+02 2.604256818478402735e+01 1.124421766932010911e+02
2.549983818347905640e+02 2.590506329113923911e+01 1.121757144721388499e+02
2.549991387185175427e+02 2.740475009787289551e+01 1.126292444212449482e+02
2.549989951716038092e+02 2.942830484144590741e+01 1.132121231893514306e+02
2.549990734699204040e+02 3.134011483753099370e+01 1.138281482448127377e+02
2.549993083648701599e+02 3.334939318804645580e+01 1.148921179694636550e+02
2.550000000000000000e+02 3.600943494714863391e+01 1.161076210361477195e+02
2.549999869502805723e+02 3.821439384053243060e+01 1.171043847057288332e+02
2.550000000000000000e+02 3.870281873939710238e+01 1.172527078167819354e+02
2.550000000000000000e+02 3.696061594675714446e+01 1.166591935273391556e+02
2.550000000000000000e+02 3.453312018791596216e+01 1.156947540127887208e+02
2.549999608508417168e+02 3.309540649876027629e+01 1.152633302883988051e+02
2.549995824089781991e+02 3.250001304971942773e+01 1.149403888816390378e+02
2.549998956022445498e+02 3.240859976510505192e+01 1.148121101396319972e+02
2.549996868067336493e+02 3.363858802035755957e+01 1.152194440819522328e+02
2.549998564530862666e+02 3.503207621036147401e+01 1.160473313323763591e+02
2.549998956022445498e+02 3.711443298969071947e+01 1.167666840662925694e+02
2.550000000000000000e+02 3.976515724911914162e+01 1.178130366697116074e+02
2.550000000000000000e+02 4.182397233459480645e+01 1.184598982121884347e+02
2.550000000000000000e+02 4.358052981860890185e+01 1.188225890643351192e+02
2.550000000000000000e+02 4.610048283961894811e+01 1.192956413937100422e+02
2.550000000000000000e+02 4.801180999608508415e+01 1.197360172256296522e+02
2.550000000000000000e+02 4.918183479055200280e+01 1.200005089390578092e+02
2.550000000000000000e+02 5.032865718387054699e+01 1.203546522249771584e+02
2.550000000000000000e+02 5.099348819000391586e+01 1.205357301318021683e+02
2.550000000000000000e+02 5.161340206185567325e+01 1.205424637870285807e+02
2.550000000000000000e+02 5.254408195223802380e+01 1.205396058984731837e+02
2.550000000000000000e+02 5.352898342685632116e+01 1.208218582800469818e+02
2.550000000000000000e+02 5.352688242202792424e+01 1.208732872243246703e+02
2.550000000000000000e+02 4.632974031058332542e+01 1.190144851885684432e+02
2.549999739005611445e+02 3.341469398407934221e+01 1.157476053764844011e+02
2.549984992822654419e+02 2.697786767584496914e+01 1.136336160772543451e+02
2.549989821218843815e+02 2.546714080647265988e+01 1.130592848753751838e+02
2.549986819783374585e+02 2.606574448649353926e+01 1.134622210622471670e+02
2.549992039671147097e+02 2.763379877332637236e+01 1.140746443951454978e+02
2.549996476575753661e+02 3.022467701944408347e+01 1.147192613858802019e+02
2.549999739005611445e+02 3.375911522902257644e+01 1.158183218060811726e+02
2.549999217016834052e+02 3.740236199921701399e+01 1.170763278089521009e+02
2.550000000000000000e+02 4.132936186871982187e+01 1.181342816129453155e+02
2.550000000000000000e+02 4.449665927182565639e+01 1.189941276262560308e+02
2.549999869502805723e+02 4.505751011353255819e+01 1.188611248858149594e+02
2.550000000000000000e+02 4.232014876680151616e+01 1.179017617121231893e+02
2.549999869502805723e+02 3.880803862716951613e+01 1.169054286832833043e+02
2.549999869502805723e+02 3.608808560615946703e+01 1.159321806081169228e+02
2.550000000000000000e+02 3.515991126190787242e+01 1.155006524859715569e+02
2.550000000000000000e+02 3.609078689808168861e+01 1.163212840923920197e+02
2.550000000000000000e+02 3.775552655617904207e+01 1.172867936839357981e+02
2.550000000000000000e+02 3.979547174735743198e+01 1.178782330679890435e+02
2.550000000000000000e+02 4.284247683674801266e+01 1.189046326503980140e+02
2.550000000000000000e+02 4.584495628343990603e+01 1.198627430510244096e+02
2.549999869502805723e+02 4.819966070729479668e+01 1.201850972204097587e+02
2.550000000000000000e+02 5.079419287485318790e+01 1.206491191439384068e+02
2.550000000000000000e+02 5.279406237765888221e+01 1.211590760798642776e+02
2.550000000000000000e+02 5.413957979903432260e+01 1.212929009526295232e+02
2.550000000000000000e+02 5.484909304449953993e+01 1.215576275610074362e+02
2.550000000000000000e+02 5.555955891948323000e+01 1.218313845752316382e+02
2.550000000000000000e+02 5.642425942842228892e+01 1.220913480360172230e+02
2.550000000000000000e+02 5.697640610726869426e+01 1.224004436904606621e+02
2.550000000000000000e+02 5.722455957196920195e+01 1.222651180999608442e+02
2.550000000000000000e+02 5.605961111836095512e+01 1.219731045282526480e+02
2.550000000000000000e+02 4.812616468745922305e+01 1.200375701422419468e+02
2.549999086519639775e+02 3.527802427247814165e+01 1.163458175649223563e+02
2.549999347514028329e+02 2.960368002087955119e+01 1.145167949889077335e+02
2.549996476575753661e+02 2.843638261777371667e+01 1.140805950672060618e+02
2.549997259558919609e+02 2.904083257209969915e+01 1.144275349079994726e+02
2.549995171603810604e+02 3.074085867153856100e+01 1.147450867806342103e+02
2.550000000000000000e+02 3.360194440819522299e+01 1.158543781808691051e+02
2.550000000000000000e+02 3.757827221714732957e+01 1.168858932532950519e+02
2.550000000000000000e+02 4.202641263212841238e+01 1.179871199269215651e+02
2.550000000000000000e+02 4.655440428030797051e+01 1.193298838574970659e+02
2.550000000000000000e+02 5.020216625342555261e+01 1.203635651833485554e+02
2.550000000000000000e+02 5.068119535429988076e+01 1.205002218452303282e+02
2.550000000000000000e+02 4.736637087302622717e+01 1.196723867936839412e+02
2.550000000000000000e+02 4.234312932271956242e+01 1.184031580321023114e+02
2.550000000000000000e+02 3.902553830092652731e+01 1.173978467962938765e+02
2.550000000000000000e+02 3.779303144982382889e+01 1.171134673104528190e+02
2.550000000000000000e+02 3.813459480621166620e+01 1.175410022184523058e+02
2.550000000000000000e+02 3.972559049980425527e+01 1.179013441211014026e+02
2.550000000000000000e+02 4.173656531384575175e+01 1.183847187785462580e+02
2.550000000000000000e+02 4.421349340989169008e+01 1.190964635260341851e+02
2.550000000000000000e+02 4.714934098916873495e+01 1.200346078559310996e+02
2.550000000000000000e+02 4.969646352603419359e+01 1.207570925225107601e+02
2.550000000000000000e+02 5.213186741485058207e+01 1.214780503719170071e+02
2.550000000000000000e+02 5.422361999217017114e+01 1.219564139371003506e+02
2.550000000000000000e+02 5.622484666579668300e+01 1.221712906172517279e+02
2.550000000000000000e+02 5.755775805820174895e+01 1.225985645308625891e+02
2.550000000000000000e+02 5.816971160120057505e+01 1.228242724781417223e+02
2.550000000000000000e+02 5.857024663969724543e+01 1.227448779851233240e+02
2.550000000000000000e+02 5.888374004958893693e+01 1.229330418895993802e+02
2.550000000000000000e+02 5.967006394362520894e+01 1.232165209447996830e+02
2.550000000000000000e+02 6.020276654051937726e+01 1.231319065640088724e+02
2.550000000000000000e+02 5.843300274044108278e+01 1.226898995171603843e+02
2.550000000000000000e+02 4.735882813519509682e+01 1.198772543390317082e+02
2.549999739005611445e+02 3.392911392405063253e+01 1.161459219626778037e+02
2.549999347514028329e+02 2.870070468484927417e+01 1.141686937230849566e+02
2.549990473704815486e+02 2.805848884248988639e+01 1.137131802166253465e+02
2.549992431162729929e+02 2.883238940362782188e+01 1.141313323763539103e+02
2.549993475140284431e+02 3.076428291791726366e+01 1.145539344904084516e+02
2.549998303536473827e+02 3.331062247161685974e+01 1.154834921049197476e+02
2.550000000000000000e+02 3.642337204750097612e+01 1.165579799034320700e+02
2.550000000000000000e+02 3.937598851624689900e+01 1.175682369829048639e+02
2.550000000000000000e+02 4.340749053895341092e+01 1.187224977162991024e+02
2.550000000000000000e+02 4.661581625995041378e+01 1.196331984862325442e+02
2.550000000000000000e+02 4.702077515333420621e+01 1.195742529035625665e+02
2.550000000000000000e+02 4.450666840662925949e+01 1.189894688764191528e+02
2.550000000000000000e+02 4.077594936708860729e+01 1.180221584235938934e+02
2.550000000000000000e+02 3.769447996868067463e+01 1.171029361868719860e+02
2.550000000000000000e+02 3.671200574187655263e+01 1.167565705337335231e+02
2.550000000000000000e+02 3.711635129844708558e+01 1.168625473052329369e+02
2.550000000000000000e+02 3.837717604071512767e+01 1.173820827352211893e+02
2.550000000000000000e+02 4.038571055722302106e+01 1.178947409630692960e+02
2.550000000000000000e+02 4.321812606028970549e+01 1.188649354038888220e+02
2.550000000000000000e+02 4.595031971812606031e+01 1.194322328069946479e+02
2.550000000000000000e+02 4.895574840140937312e+01 1.202916873287224320e+02
2.550000000000000000e+02 5.203429466266475600e+01 1.210339945191178401e+02
2.550000000000000000e+02 5.446682761320631272e+01 1.215884248988646732e+02
2.550000000000000000e+02 5.683164556962025671e+01 1.221720083518204376e+02
2.550000000000000000e+02 5.812906172517291026e+01 1.224488059506720674e+02
2.550000000000000000e+02 5.887233459480621178e+01 1.226068641524207266e+02
2.550000000000000000e+02 6.004757927704554277e+01 1.227603158032102328e+02
2.550000000000000000e+02 6.096008090826047265e+01 1.229234372960981290e+02
2.550000000000000000e+02 6.227266083779198880e+01 1.231470181391100027e+02
2.550000000000000000e+02 6.280939579799034078e+01 1.233331201879159664e+02
2.550000000000000000e+02 5.843995824089782332e+01 1.221942842228892090e+02
2.550000000000000000e+02 4.393416416547044179e+01 1.187301448518856830e+02
2.549999869502805723e+02 3.274413415111575176e+01 1.155336813258514894e+02
2.549996346078559384e+02 2.926579668537126366e+01 1.144976510505024123e+02
2.549996215581365107e+02 2.906373482970116129e+01 1.143417069033015849e+02
2.550000000000000000e+02 3.032372438992561570e+01 1.147895080255774474e+02
2.549999608508417168e+02 3.268260472399843053e+01 1.155006524859715569e+02
2.549999217016834052e+02 3.595624429074774753e+01 1.168287224324676998e+02
2.550000000000000000e+02 4.032774370351037163e+01 1.182181913088868583e+02
2.550000000000000000e+02 4.463857497063813184e+01 1.193839488450998374e+02
2.550000000000000000e+02 4.888959937361346419e+01 1.205389534125016269e+02
2.550000000000000000e+02 5.193353777893775458e+01 1.212391622080125302e+02
2.550000000000000000e+02 5.190531123580843342e+01 1.208102701291922187e+02
2.550000000000000000e+02 4.798453608247422864e+01 1.197131541171864768e+02
2.549999347514028329e+02 4.311414589586323842e+01 1.182038496672321486e+02
2.550000000000000000e+02 4.000036539214406872e+01 1.172084040193135905e+02
2.550000000000000000e+02 3.951398929923006875e+01 1.169952368524076718e+02
2.549999739005611445e+02 4.051011353255905334e+01 1.174478924703118849e+02
2.549999739005611445e+02 4.219378833355082747e+01 1.178710296228631051e+02
2.550000000000000000e+02 4.445813650006525108e+01 1.187259297925094614e+02
2.550000000000000000e+02 4.738056896776719640e+01 1.196468093435991165e+02
2.550000000000000000e+02 5.073118882944016406e+01 1.202606942450737364e+02
2.550000000000000000e+02 5.312489886467440670e+01 1.211606420461960028e+02
