1.880005864414731320e+02 3.429333802486511651e+00 2.929477480647431520e+01
1.882383884588318210e+02 3.446765775275627330e+00 2.940731292517006779e+01
1.882696311283133923e+02 3.445563570255688379e+00 2.942052251935256990e+01
1.885401565798733259e+02 3.469079873328641650e+00 2.952848639455782376e+01
1.888061077879427501e+02 3.400348932676518832e+00 2.975303483462350584e+01
1.892052838376729937e+02 3.341792751583391841e+00 2.937362186253811913e+01
1.896184025334271723e+02 3.316883650011728690e+00 2.937482406755805897e+01
1.899069463992493638e+02 3.311825592305887689e+00 2.935454785362420793e+01
1.901641742904058106e+02 3.299964813511611528e+00 2.932233755571193967e+01
1.904018883415435255e+02 3.230412854797091171e+00 2.935614590663851686e+01
1.905897548674642223e+02 3.217731057940417472e+00 2.935215810462115726e+01
1.906829697396199776e+02 3.230691414496833058e+00 2.932016772226131707e+01
1.906879544921416709e+02 3.294085737743373432e+00 2.939910274454609507e+01
1.907423322777386829e+02 3.360324302134646945e+00 2.947954785362420793e+01
1.906223316912972052e+02 3.327835444522636799e+00 2.945622214403002559e+01
1.896938628899835919e+02 3.180550668543279169e+00 2.906557881773398933e+01
1.886335034013605423e+02 3.124706779263429546e+00 2.867124091015716658e+01
1.881951530612244881e+02 2.895760028149190646e+00 2.833326002814919065e+01
1.880935667370396516e+02 2.783573774337321005e+00 2.824390100867933384e+01
1.879969065212291923e+02 2.774102744546094179e+00 2.812824008913910490e+01
1.880099695050433866e+02 2.742684142622566323e+00 2.817317616701853211e+01
1.880986834388928060e+02 2.774615880835092696e+00 2.821075240441004084e+01
1.881943027210884338e+02 2.836001642036124704e+00 2.840633063570255601e+01
1.881606849636406196e+02 2.898692235514895632e+00 2.837977949800609778e+01
1.880996364062866633e+02 2.954756040347173318e+00 2.834787708186722810e+01
1.881204844006568067e+02 2.953876378137461955e+00 2.842968566737039637e+01
1.882046094299788876e+02 2.981732348111658659e+00 2.852694698569082732e+01
1.882731937602627283e+02 2.997551606849636396e+00 2.853075885526624589e+01
1.882750263898662979e+02 3.087379779498006016e+00 2.844016830870279122e+01
1.882805682617874652e+02 3.101967511142388112e+00 2.832701442646023793e+01
1.881775891391039295e+02 3.106571076706544865e+00 2.829426167018531402e+01
1.881744516772226063e+02 3.194786535303776542e+00 2.823585209946047314e+01
1.882987039643443552e+02 3.109649894440534634e+00 2.843871686605676885e+01
1.884854709125029331e+02 3.161198099929626970e+00 2.851540874970677919e+01
1.887141537649542613e+02 3.145437485338963057e+00 2.864181620924231808e+01
1.888608667604973164e+02 3.199038235984048573e+00 2.872809641097818556e+01
1.890451999765423352e+02 3.205826296035655609e+00 2.881455254515599407e+01
1.891067030260379909e+02 3.262887051372273195e+00 2.882374501524747856e+01
1.892211470795214723e+02 3.572689420595824394e+00 2.892150480882007813e+01
1.892262197982641396e+02 3.493431855500821026e+00 2.890822190945343806e+01
1.892006069669247097e+02 3.466440886699507562e+00 2.889976249120337926e+01
1.892064420595824572e+02 3.452644851043865870e+00 2.896787766830870225e+01
1.893082482993197289e+02 3.453744428806005295e+00 2.903939420595824572e+01
1.894856908280553682e+02 3.477480647431386185e+00 2.907984400656814472e+01
1.896154556650246263e+02 3.478462936898897517e+00 2.916248827117053821e+01
1.897894381890687328e+02 3.470282078348580601e+00 2.913379662209711540e+01
1.896868988974900390e+02 3.406873094065212104e+00 2.911025099695050500e+01
1.896226835561811015e+02 3.422882946281961214e+00 2.914898545625146653e+01
1.896162913441238516e+02 3.432515247478301834e+00 2.915555360075064684e+01
1.897880453905700335e+02 3.453465869106263408e+00 2.919060813980764735e+01
1.900891830870279193e+02 3.474548440065681643e+00 2.929678336851982223e+01
1.901043279380717763e+02 3.541871921182266014e+00 2.921674876847290747e+01
1.899960121979826511e+02 3.640672648369692510e+00 2.900680272108843383e+01
1.901212027914613998e+02 3.715531902416139065e+00 2.899588024865118285e+01
1.902813306357025454e+02 3.767666549378371865e+00 2.896852275392915743e+01
1.903470560638048426e+02 3.786198099929626970e+00 2.898636523574947077e+01
1.902398838845883233e+02 3.748753811869575348e+00 2.893769059347877004e+01
1.893167223786066131e+02 3.606790992258972484e+00 2.861671651419188223e+01
1.882655113769645823e+02 3.410259793572601339e+00 2.816241496598639316e+01
1.878197425521933042e+02 3.299583626554070115e+00 2.798825650950035282e+01
1.875080928923293584e+02 3.264719680975838756e+00 2.789816443818907032e+01
1.875212145202908687e+02 3.330151888341543298e+00 2.794600340136054584e+01
1.878738271170537075e+02 3.246393384940183147e+00 2.816775158339197915e+01
1.882134500351864972e+02 3.115323715693173678e+00 2.833944698569082732e+01
1.882758180858550361e+02 3.128635937133473988e+00 2.847204140276800288e+01
1.883114150832746816e+02 3.098610133708656011e+00 2.856033016654937740e+01
1.885290141918836468e+02 3.078671123621862460e+00 2.857991731175228622e+01
1.886704785362420864e+02 3.169701501290171031e+00 2.865619868637109846e+01
1.886303659394792476e+02 3.191194581280788256e+00 2.863356204550785833e+01
1.886193848228946877e+02 3.197542810227539167e+00 2.866562573305184003e+01
1.885059817030260376e+02 3.180008210180623962e+00 2.856245601688951297e+01
1.886203817733990036e+02 3.228624208304011312e+00 2.856132711705371818e+01
1.887890423410743495e+02 3.199272812573305202e+00 2.857625205254515777e+01
1.886994194229415882e+02 3.186942880600516226e+00 2.850401712409101407e+01
1.887045654468684006e+02 3.234444639924935583e+00 2.840278266479005254e+01
1.891250000000000000e+02 3.223331574008914124e+00 2.864834037063101135e+01
1.892474196575181793e+02 3.247346352334036901e+00 2.867003870513722674e+01
1.893128811869575543e+02 3.275774102744545946e+00 2.862859195402298695e+01
1.895576911799202549e+02 3.206427398545625085e+00 2.854121217452498271e+01
1.899976835561811015e+02 3.179861599812338735e+00 2.865353037766830724e+01
1.901914584799436909e+02 3.314948393150363604e+00 2.875828348580811777e+01
1.900984048791930547e+02 3.225618695754163934e+00 2.870323129251700678e+01
1.901521375791695903e+02 3.140071545859723035e+00 2.879015657987332943e+01
1.904314156697161593e+02 3.105192939244663553e+00 2.894871569317382054e+01
1.905174612948627839e+02 3.042692939244663553e+00 2.909416783954961261e+01
1.904985632183908137e+02 2.982714637579169548e+00 2.904480412854796967e+01
1.905603594886230496e+02 3.008283485808116442e+00 2.911613007271874309e+01
1.907321135350692032e+02 2.995762960356556537e+00 2.918279380717804372e+01
1.907816531785127836e+02 2.890291461412151097e+00 2.927581808585503254e+01
1.907718449448744877e+02 2.831559347877081745e+00 2.934377199155524352e+01
1.908476425052779746e+02 2.796827351630307490e+00 2.940470326061458906e+01
1.910905465634529605e+02 2.836045625146610405e+00 2.958477011494252906e+01
1.909795918367346985e+02 3.094930213464696322e+00 2.951480764719681105e+01
1.908775216983345047e+02 3.173938540933614938e+00 2.949020642739854736e+01
1.906534570724841728e+02 3.277665376495425775e+00 2.935378547970912422e+01
1.900501847290640285e+02 3.264939596528266375e+00 2.908935901946985680e+01
1.891813277034951852e+02 3.233022519352568569e+00 2.868686957541637383e+01
1.886754926108374377e+02 3.080796973961998475e+00 2.847683556181092968e+01
1.883896463757916990e+02 3.012652474783016565e+00 2.824001583391977377e+01
1.883603829462819590e+02 3.045024044100398619e+00 2.822881480178278224e+01
1.884418689889749032e+02 3.066267886464930648e+00 2.826511552897020962e+01
1.886430623973727450e+02 3.097026741731175203e+00 2.827380952380952550e+01
1.890941825005864416e+02 3.298953201970443505e+00 2.842338142153413116e+01
1.894362538118695625e+02 3.319463992493548954e+00 2.864227070138400322e+01
1.895251436781609300e+02 3.346836148252404275e+00 2.878740030494956770e+01
1.895847407928688710e+02 3.360338963171475513e+00 2.885767065446868429e+01
1.897110163030729666e+02 3.432661857846587061e+00 2.894946340605207524e+01
1.899043953788412011e+02 3.195299671592775059e+00 2.893063863476425013e+01
1.898925932441942166e+02 3.028207834858080982e+00 2.900299085151301881e+01
1.899148193760262586e+02 2.949961881304245637e+00 2.899211236218625487e+01
1.899628342716396787e+02 2.948114590663851953e+00 2.906815916021581003e+01
1.899729943701618708e+02 2.916212174524982270e+00 2.899305066854327961e+01
1.900656667839549527e+02 2.907444874501524890e+00 2.910014954257565023e+01
1.903294041754632815e+02 2.984532606145906541e+00 2.926730002345765769e+01
1.905526771053248751e+02 2.987435491437954393e+00 2.943034541402768056e+01
1.907091250293220810e+02 3.039687426694815731e+00 2.941959887403237062e+01
1.908017094768942172e+02 3.074991203377902771e+00 2.947975310813980698e+01
1.909473228946751249e+02 3.205430448041285629e+00 2.950538060051606948e+01
1.909839021815622857e+02 3.273882828993666561e+00 2.954841074360778919e+01
1.910340722495894852e+02 3.302002697630776584e+00 2.943859957776214031e+01
1.910673674642270612e+02 3.335092657752756207e+00 2.944922882946281817e+01
1.911823832981468456e+02 3.357025568848229113e+00 2.955078583157400729e+01
1.910521932911095462e+02 3.315842716396903533e+00 2.961171710063335638e+01
1.909376319493314611e+02 3.269279263429509808e+00 2.960661505981703101e+01
1.910764279849871059e+02 3.318173821252639044e+00 2.963246246774571802e+01
1.910884353741496682e+02 3.318716279615294251e+00 2.965048088200797594e+01
1.910734957776213889e+02 3.317777973258268620e+00 2.963932383298146789e+01
1.913335825709594076e+02 3.308482875908984155e+00 2.960208479943701576e+01
1.914703993666432211e+02 3.284541402768003771e+00 2.960058937368050636e+01
1.910795801079052296e+02 3.185315505512549716e+00 2.936893033075299186e+01
1.901782782078348646e+02 2.952410274454609240e+00 2.893126905934787629e+01
1.896601425052779746e+02 2.903281140042223818e+00 2.871538529204785206e+01
1.893334652826648039e+02 2.947366877785596806e+00 2.854892387989678681e+01
1.892566121276096567e+02 2.960195285010555732e+00 2.858830342481820352e+01
1.892961822660098505e+02 2.988183204316209096e+00 2.863332746891860126e+01
1.894894147314097950e+02 3.053263546798029360e+00 2.873642387989678681e+01
1.897468478770818763e+02 3.128078817733990213e+00 2.890149249354914218e+01
1.897160010555946599e+02 3.238109899132066705e+00 2.887005923058878665e+01
1.897651301900070280e+02 3.374164320900773895e+00 2.893115177105324776e+01
1.899375733051841451e+02 3.492214989444053508e+00 2.910045742434904881e+01
1.900245279146141115e+02 3.496774571897724559e+00 2.919890628665259058e+01
1.898342863007272001e+02 3.564259324419422725e+00 2.901338552662444314e+01
1.895602128782547595e+02 3.555961177574478160e+00 2.891741437954492255e+01
1.893784746657283620e+02 3.667253108139807427e+00 2.887143736805066752e+01
1.894188804832277810e+02 3.656286652592071196e+00 2.891964285714285765e+01
1.894424114473375482e+02 3.699873915083274678e+00 2.892370396434435875e+01
1.894663822425521857e+02 3.679421768707483054e+00 2.887187719915552364e+01
1.896115998123387385e+02 3.672193877551020336e+00 2.897460708421299458e+01
1.896996686605676814e+02 3.729152005629837952e+00 2.896550258034248060e+01
1.899106116584564745e+02 3.741027445460943124e+00 2.908724783016655024e+01
1.900987127609664640e+02 3.809582453671123581e+00 2.926200738916256228e+01
1.901853448275862206e+02 3.865221088435374153e+00 2.928483462350457600e+01
1.902257946281960983e+02 3.928923293455313104e+00 2.937938365001172869e+01
1.903962291813276977e+02 4.000615763546798043e+00 2.942267769176635994e+01
1.904032371569317377e+02 4.026580459770115361e+00 2.934641097818437672e+01
1.903606321839080522e+02 4.019924349049964540e+00 2.938420713112831351e+01
1.904297003284072218e+02 4.113593713347407643e+00 2.937994076941121335e+01
1.907560256861365247e+02 3.835840370631010909e+00 2.920022577996715896e+01
1.909968478770818763e+02 3.674378372038470619e+00 2.926124501524747856e+01
1.911982758620689538e+02 3.480896669012432554e+00 2.923771405113769717e+01
1.912823569082805477e+02 3.467613769645789379e+00 2.928174114473375411e+01
1.913955840957072496e+02 3.437338728594886206e+00 2.930342481820314404e+01
1.915192792634294960e+02 3.544906755805770526e+00 2.946623563218390629e+01
1.913857465399952957e+02 3.659688013136288998e+00 2.950423703964344213e+01
1.903203143326296072e+02 3.559729064039408808e+00 2.918296973961998475e+01
1.889769235280319037e+02 3.487655406990382456e+00 2.868642974431151771e+01
1.885632477128782511e+02 3.450196457893502267e+00 2.852870631011025182e+01
1.884450211118930270e+02 3.426753460004691387e+00 2.854758972554538943e+01
1.883832541637344491e+02 3.360045742434905058e+00 2.848482582688247788e+01
1.884169745484400664e+02 3.393194346704198949e+00 2.858783427163968938e+01
1.885195138400187602e+02 3.431357025568848140e+00 2.869315916021581003e+01
1.887146082570959322e+02 3.475310813980764912e+00 2.885948862303542128e+01
1.889481878958480081e+02 3.606659042927515824e+00 2.900935374149660007e+01
1.891110720150128941e+02 3.671783368519821789e+00 2.910819845179451093e+01
1.892984987098287490e+02 3.700914848698099835e+00 2.921856673703964447e+01
1.893580958245367185e+02 3.742566854327938231e+00 2.917272167487684698e+01
1.892796592775040949e+02 3.721850809289232842e+00 2.920022577996715896e+01
1.893847495894909798e+02 3.460591133004926157e+00 2.900045449214168514e+01
1.896402181562280020e+02 3.268912737508796518e+00 2.900615763546797865e+01
1.897779439361951574e+02 3.185667370396434439e+00 2.908362655406990527e+01
1.900451999765423352e+02 3.081236805066854156e+00 2.914935198217217760e+01
1.901768707482993079e+02 3.156271991555242629e+00 2.928808937368050636e+01
1.904299642270701440e+02 3.253401360544217802e+00 2.940413148017827893e+01
1.906615499648135028e+02 3.380321956368754321e+00 2.933683732113535214e+01
1.908430389397138072e+02 3.518634177809054631e+00 2.932902298850574851e+01
1.909946340605207524e+02 3.540713699272812764e+00 2.937916373445930063e+01
1.911727509969504979e+02 3.590077410274454817e+00 2.937193584330283969e+01
1.913335825709594076e+02 3.530480295566502669e+00 2.966917370396434350e+01
1.913641215106732432e+02 3.462731644381890739e+00 2.969041754632887731e+01
1.914852949800609849e+02 3.456984517945108859e+00 2.983900715458597119e+01
1.917170566502462918e+02 3.406770466807412578e+00 2.995629544921416709e+01
1.917015452732817380e+02 3.375234576589256186e+00 2.998875498475252144e+01
1.915183262960356672e+02 3.492420243959653003e+00 2.976627375087966243e+01
1.914768502228477587e+02 3.557676518883415628e+00 2.974394499178982088e+01
1.915699771287825399e+02 3.616701853155054991e+00 2.975391449683321454e+01
1.913918162092423074e+02 3.628372038470560668e+00 2.962302076002814744e+01
1.912816825005864416e+02 3.613417780905465726e+00 2.960056005160684833e+01
1.913144059347877146e+02 3.770422824302134490e+00 2.953889573070607710e+01
1.912550433966690093e+02 3.934494487450152622e+00 2.944153178512784308e+01
1.907140218156228002e+02 3.922384471029791264e+00 2.916868988974900390e+01
1.896225809289232984e+02 3.778046563452967188e+00 2.876089315036359295e+01
1.891594974196575265e+02 3.715282664790053868e+00 2.853678454140276699e+01
1.883984283368519925e+02 3.704140276800375275e+00 2.842244311517710642e+01
1.880496715927750415e+02 3.595956486042692912e+00 2.850782899366643264e+01
1.881729415904292750e+02 3.631069669247009024e+00 2.864757799671592764e+01
1.883763048322777252e+02 3.754046446164672979e+00 2.884369868637109846e+01
1.885288089373680407e+02 3.775378254750175966e+00 2.890647724607084257e+01
1.888094358433028503e+02 3.765012901712409210e+00 2.896020994604738519e+01
1.893837966220971225e+02 3.776595120806943484e+00 2.903248885761200881e+01
1.896613593713347541e+02 3.775730119634060689e+00 2.908940300258034384e+01
1.897537532254281132e+02 3.817572718742669569e+00 2.903536242083040264e+01
1.897826501290171279e+02 3.763209594182500783e+00 2.906639983579638908e+01
1.898926665493783617e+02 3.639147900539525970e+00 2.916794217687074919e+01
1.899002609664555337e+02 3.501627375087966065e+00 2.931208949096880190e+01
1.898063423645320142e+02 3.467569786535303678e+00 2.925919247009148449e+01
1.898294921416842556e+02 3.481893619516772009e+00 2.919053483462350584e+01
1.899559435843302708e+02 3.487582101806239621e+00 2.932343713347407999e+01
1.898982524044100444e+02 3.555521346469622479e+00 2.939030612244897966e+01
1.898712760966455448e+02 3.603888106966924632e+00 2.931342364532019573e+01
1.900933028383767294e+02 3.691663734459301072e+00 2.949656931738212506e+01
1.903166930565329551e+02 3.746320079756040311e+00 2.958598698099929791e+01
1.902850838611306585e+02 3.869091602158104770e+00 2.960721616232699915e+01
1.904714549612948531e+02 3.814010086793337972e+00 2.959847818437719980e+01
1.907900832746891808e+02 3.696912385643912557e+00 2.963813628899835706e+01
1.908935022284775869e+02 3.630380600516068590e+00 2.959843420126671276e+01
1.910633063570255672e+02 3.598771405113769806e+00 2.963966103682852449e+01
1.911368167956837851e+02 3.639968918601923509e+00 2.970877316443818827e+01
1.909435403471733537e+02 3.795698451794510930e+00 2.960994311517710642e+01
1.907442675346000556e+02 3.921812690593478923e+00 2.941025979357260312e+01
1.905755923058878807e+02 4.013854679802955516e+00 2.935274454609429995e+01
1.904986218625381298e+02 4.095003518648838714e+00 2.928668191414496746e+01
1.905546856673703928e+02 4.221029791226835748e+00 2.934743725076237553e+01
1.906692616701853069e+02 4.071692470091484495e+00 2.952317909922589578e+01
1.907191971616232706e+02 3.969666314801783003e+00 2.949400363593713337e+01
1.908096410978184281e+02 3.959652826647900525e+00 2.954113886934084121e+01
1.908981790992258993e+02 3.920287942763312383e+00 2.964817909922589578e+01
1.911249120337790259e+02 3.925404644616467209e+00 2.964400070372976614e+01
1.911595414027680135e+02 3.805286769880365849e+00 2.964886816795683799e+01
1.902636787473610127e+02 3.532005043396669208e+00 2.907337848932676394e+01
1.894101718273516326e+02 3.308204316209242268e+00 2.873746481351161108e+01
1.886962966220971225e+02 3.160992845414027475e+00 2.852775334271639807e+01
1.886419188365001105e+02 3.147328759089842887e+00 2.848023692235515014e+01
1.883543719211822633e+02 3.361497185080928762e+00 2.841108081163499932e+01
1.883281286652592144e+02 3.564963054187192171e+00 2.851473434201266599e+01
1.883803219563687605e+02 3.646830283837672937e+00 2.848022226131832113e+01
1.884230442176870781e+02 3.697015012901712527e+00 2.859454902650715624e+01
1.883456925873797729e+02 3.685388810696692552e+00 2.859100105559465277e+01
1.884684347877081905e+02 3.665464461646727568e+00 2.862049906169364277e+01
1.887898340370630876e+02 3.617390921885995869e+00 2.866339725545390493e+01
1.889191737039643328e+02 3.542429040581749788e+00 2.876960180623973784e+01
1.889005981703026009e+02 3.504046446164672979e+00 2.876240323715693137e+01
1.888688863476425013e+02 3.529263429509735150e+00 2.872764191883650042e+01
1.888708802486511900e+02 3.351659629368989091e+00 2.884009207131128250e+01
1.891367434904996401e+02 3.284761318320431833e+00 2.883865528970208914e+01
1.892533866995073879e+02 3.255380600516068590e+00 2.877951266713581902e+01
1.892703348580811564e+02 3.236878372038470619e+00 2.876587790288529334e+01
1.895411681914144992e+02 3.246715927750410291e+00 2.894434670419892086e+01
1.896457307060755397e+02 3.445241027445460791e+00 2.910127844241144857e+01
1.895325768238329829e+02 3.519249941355852673e+00 2.901668425991086053e+01
1.894431444991789704e+02 3.572352216748768683e+00 2.899873915083274767e+01
1.895925258034248202e+02 3.673014895613417874e+00 2.913457365704902813e+01
1.897995249824067514e+02 3.675917780905465726e+00 2.931829110954726758e+01
1.898200357729298560e+02 3.778896903589021861e+00 2.914935198217217760e+01
1.898717892329345602e+02 3.885130776448510570e+00 2.897758327468918438e+01
1.898711881304245708e+02 3.852026155289701936e+00 2.884415317851278360e+01
1.899086617405583013e+02 3.893033075299085155e+00 2.881078465869106253e+01
1.898641215106732432e+02 3.872844827586206851e+00 2.878773750879662074e+01
1.901091220971147209e+02 3.758781961060286392e+00 2.896617698803659380e+01
1.902699096880131435e+02 3.633107553366174081e+00 2.910163030729533062e+01
1.902670068027210846e+02 3.536520642739854559e+00 2.918135702556884681e+01
1.903812602627257888e+02 3.507770349519117925e+00 2.929109488623035418e+01
1.905028442411447429e+02 3.535816912972085557e+00 2.937711118930330656e+01
1.904972730471498892e+02 3.566238564391273957e+00 2.939230002345765769e+01
1.904562661271405091e+02 3.648516303072953271e+00 2.939457248416607982e+01
1.906513605442176811e+02 3.690622800844475915e+00 2.947193877551020336e+01
1.908110632183908137e+02 3.705840957072484176e+00 2.947743666432090137e+01
1.907686634998827060e+02 3.665684377199155630e+00 2.948215751817968666e+01
1.906442646023926670e+02 3.703070021111892984e+00 2.927765071545859854e+01
1.898265306122449090e+02 3.562382711705371907e+00 2.888203729767769090e+01
1.888189068730940789e+02 3.469710297912268260e+00 2.846188130424583562e+01
1.882703788411916435e+02 3.407210297912268260e+00 2.836769880365939400e+01
1.879412825475017712e+02 3.357098874032371505e+00 2.820394968332160346e+01
1.875821018062397343e+02 3.480955313159746822e+00 2.827498240675580732e+01
1.875337057236687883e+02 3.580254515599343268e+00 2.837812280084447636e+01
1.876089608257096017e+02 3.716792751583391841e+00 2.847683556181092968e+01
1.876196780436312395e+02 3.817880600516068590e+00 2.856766068496364142e+01
1.876377697630776424e+02 3.845692587379779592e+00 2.860988447102979038e+01
1.878877697630776424e+02 3.798234811165845493e+00 2.869875967628430757e+01
1.882279204785362481e+02 3.694801196340605109e+00 2.870065095003518607e+01
1.884511494252873547e+02 3.583787825475017730e+00 2.863631832043162007e+01
1.883922707013840068e+02 3.529615294393619429e+00 2.862933966690124166e+01
1.881943027210884338e+02 3.448246539995308613e+00 2.858976952850105491e+01
1.881965311986863583e+02 3.436986863711001483e+00 2.855748592540464514e+01
1.882526096645554787e+02 3.374824067558057639e+00 2.849454609429978902e+01
1.883876378137461813e+02 3.380908397841895230e+00 2.841810344827586121e+01
1.885601688951442725e+02 3.274630541871921263e+00 2.848343302838376800e+01
1.887503225428102382e+02 3.336397490030495128e+00 2.859283368519821877e+01
1.889671152943936079e+02 3.342379193056532749e+00 2.852649249354914218e+01
1.891373885761201166e+02 3.334828759089842887e+00 2.851423586676049737e+01
1.892536066150598231e+02 3.380160684963640527e+00 2.855755923058878665e+01
1.893614825240441064e+02 3.273340370631010909e+00 2.846325944170771649e+01
1.896320079756040400e+02 3.372492962702322128e+00 2.864628782547501729e+01
1.898108433028383786e+02 3.469490382359840641e+00 2.872616115411682003e+01
1.898381714754867460e+02 3.500351864883884723e+00 2.859802369223551466e+01
1.897727539291578580e+02 3.601410391742903894e+00 2.848797794980060871e+01
1.899773340370630876e+02 3.689669833450621717e+00 2.852970326061458906e+01
1.899683614825240454e+02 3.669716162326999598e+00 2.858459418250058803e+01
1.899705899601219699e+02 3.567528735632183867e+00 2.868414262256626657e+01
1.901044012432559214e+02 3.522211470795214794e+00 2.882214696223316963e+01
1.903638282899366629e+02 3.495704316209242268e+00 2.905967041989209321e+01
1.904831544686840346e+02 3.424539643443584414e+00 2.916659336148252279e+01
1.906494106263194794e+02 3.734899132066619831e+00 2.944958069434670378e+01
1.910820285010555892e+02 4.675521932911095746e+00 3.004912913441238587e+01
1.912898926812104037e+02 5.007007975604034655e+00 3.022855090311986714e+01
1.913840898428336743e+02 5.208333333333333037e+00 3.027788529204785206e+01
1.912895408163265358e+02 5.245865587614356507e+00 3.021550258034248060e+01
1.905845941825005809e+02 5.202161036828524487e+00 2.991358784893267497e+01
1.895792868871686494e+02 4.973551489561342187e+00 2.955277973258268887e+01
1.889418103448275872e+02 4.882726366408632224e+00 2.925878196106028639e+01
1.886445285010555892e+02 4.827864766596293933e+00 2.903002580342481664e+01
1.886437661271405091e+02 4.848947337555712167e+00 2.908861130659160210e+01
1.887880453905700335e+02 4.901580459770115361e+00 2.913518942059582528e+01
1.887944962467745711e+02 4.850105559465164973e+00 2.930217863007271717e+01
1.888918601923527945e+02 4.953333919774806304e+00 2.936482524044100373e+01
1.890202908749706694e+02 4.936547032606146246e+00 2.951246188130424741e+01
1.891903442411447429e+02 4.952908749706779190e+00 2.955361541168191408e+01
1.891455401125967626e+02 4.942763312221440053e+00 2.949007447806708981e+01
1.889173410743607917e+02 4.995176518883415184e+00 2.937112948627726894e+01
1.887757741027445491e+02 5.050771170537180055e+00 2.925038118695754008e+01
1.885562837203846982e+02 5.023193760262725682e+00 2.907387696457893611e+01
1.884506362889983677e+02 5.017930448041285629e+00 2.905217863007271717e+01
1.885608726249120366e+02 5.058013722730471784e+00 2.906371686605676885e+01
1.886000469153178472e+02 5.062353389631714329e+00 2.915443936195167751e+01
1.888679480412854730e+02 5.024659863945577953e+00 2.924699448745015218e+01
1.891980706075533760e+02 5.055814567206192933e+00 2.937074829931972886e+01
1.893581104855735475e+02 5.038045390570021098e+00 2.944980060989913184e+01
1.895848434201266741e+02 5.047384471029791264e+00 2.953039232934553127e+01
1.897376993901008575e+02 5.033192587379779148e+00 2.964803248885761278e+01
1.898683732113535143e+02 5.108843537414966107e+00 2.963071780436312608e+01
1.900359342012667128e+02 5.138590781140042196e+00 2.975338669950738790e+01
1.901090634529674048e+02 5.151624442880600618e+00 2.976294569551958702e+01
1.901863417780905365e+02 5.163192000938306769e+00 2.977172765657987341e+01
1.901901243255923077e+02 5.242097701149424971e+00 2.969789467511142433e+01
1.900817499413558664e+02 5.407239619985925394e+00 2.966751700680272208e+01
1.898471293689889876e+02 5.466690124325592315e+00 2.958859664555477309e+01
1.898157547501759268e+02 5.547193877551020336e+00 2.961023633591367599e+01
1.898687104152005531e+02 5.571311283133943526e+00 2.957449272812573327e+01
1.897974137931034591e+02 5.675521932911095746e+00 2.948305184142622437e+01
1.896887315270936085e+02 5.758562045507858329e+00 2.940899894440534723e+01
1.893558233638282786e+02 5.758268824771287875e+00 2.924976542341074293e+01
1.884411799202439681e+02 5.632359840487919378e+00 2.891804480412854872e+01
1.877158397841895408e+02 5.590018766127140104e+00 2.862881186957541502e+01
1.874801929392446596e+02 5.353917429040581766e+00 2.862064567206192933e+01
1.874767329345531266e+02 5.155069786535303678e+00 2.858994546094299949e+01
1.877486805066854458e+02 5.050404644616467209e+00 2.876369340839784172e+01
1.880726747595589927e+02 5.015980530143091976e+00 2.899394499178982088e+01
1.881287385643912842e+02 4.970971147079521479e+00 2.906959594182500695e+01
1.882091396903589100e+02 5.099475134881538807e+00 2.900684670419892086e+01
1.884567792634294960e+02 5.235558878723903575e+00 2.917405582922824436e+01
1.885347319962467623e+02 5.363857612010320963e+00 2.921339139103917404e+01
1.881830577058409517e+02 5.343977246070842568e+00 2.896484283368519996e+01
1.881860925404644718e+02 5.356248533896317277e+00 2.907754222378606457e+01
1.880227099460473710e+02 5.416314801782782240e+00 2.909132359840488036e+01
1.878834154351395682e+02 5.474914965986394932e+00 2.906717687074829826e+01
1.877280377668308802e+02 5.483403706310109982e+00 2.902539291578700542e+01
1.876985250996950469e+02 5.525187661271405482e+00 2.903508386113065853e+01
1.877551020408163254e+02 5.547047267182735553e+00 2.905662092423176190e+01
1.880719123856439126e+02 5.430770584095707676e+00 2.901095179451090900e+01
1.885497888810696736e+02 5.325240441003987968e+00 2.902345765892563989e+01
1.888385086793338132e+02 5.339065798733286350e+00 2.908355324888576021e+01
1.888637696457893469e+02 5.206236805066854600e+00 2.913444170771757058e+01
1.888112391508327335e+02 5.181019821721791985e+00 2.902743079990617048e+01
1.889942821956368846e+02 5.225501407459535841e+00 2.911444405348346365e+01
1.891345589960122027e+02 5.273384353741496611e+00 2.917083040112596848e+01
1.891575768238329829e+02 5.226718273516302915e+00 2.922328759089842976e+01
1.891557148721557553e+02 5.184157283603096467e+00 2.920620748299319658e+01
1.891665347173351961e+02 5.214740206427398661e+00 2.920500527797325674e+01
1.891359517945109019e+02 5.222627844241144679e+00 2.925236042692939264e+01
1.891840546563452961e+02 5.214857494722026310e+00 2.937617288294628182e+01
1.893590781140042338e+02 5.228404292751583249e+00 2.954228243021346501e+01
1.894552105324888487e+02 5.303160919540229834e+00 2.957892036124794899e+01
1.895607406755805755e+02 5.316473140980529699e+00 2.970726307764484986e+01
1.894152005629838129e+02 5.419965399953084351e+00 2.960004691531785070e+01
1.886812837203846982e+02 5.404864532019704626e+00 2.922641039174290256e+01
1.878341103682852520e+02 5.369546094299789019e+00 2.882390628665259058e+01
1.871714608257096017e+02 5.317660684963640527e+00 2.851089315036359295e+01
1.868771111893033208e+02 5.210708421299554693e+00 2.845713112831339586e+01
1.866742317616701712e+02 5.233345062162795713e+00 2.842053718038939891e+01
1.866287678864649422e+02 5.300727187426694798e+00 2.848684904996481393e+01
1.866522108843537353e+02 5.335121979826412897e+00 2.851008679333802576e+01
1.866502463054187331e+02 5.448554421768707634e+00 2.862763898662913320e+01
1.866405260380014113e+02 5.474255219329110744e+00 2.858877257799671767e+01
1.869523662913441342e+02 5.396463757916960091e+00 2.869242610837438434e+01
1.871000615763546762e+02 5.428116936429744577e+00 2.867069845179451093e+01
1.871911945812807971e+02 5.400334271639690265e+00 2.863653823598404813e+01
1.871255717804363030e+02 5.369340839784189967e+00 2.861460532488857567e+01
1.871553923293455455e+02 5.313966103682852271e+00 2.875048381421533961e+01
1.871061312456016879e+02 5.356527093596058720e+00 2.863730060989913184e+01
1.870151301900070280e+02 5.417209125029321726e+00 2.854093361482524216e+01
1.869835209946047314e+02 5.424774220032841043e+00 2.851961646727656685e+01
1.869512373915083288e+02 5.434509148486981189e+00 2.844777738681679580e+01
1.870544071076706416e+02 5.473053014309171793e+00 2.853622742200328233e+01
1.873468654703260654e+02 5.410391742904057999e+00 2.872517886464930825e+01
1.878571575181796902e+02 5.320006450856204161e+00 2.902634588318085918e+01
1.881744076941121193e+02 5.171328876378137096e+00 2.916130072718742738e+01
1.883464696223316821e+02 5.124457541637344349e+00 2.937649542575650941e+01
1.884434670419892086e+02 5.078597818437719624e+00 2.945205840957072496e+01
1.882446340605207524e+02 5.284013605442177131e+00 2.934638165611071869e+01
1.879584506216279749e+02 5.408573774337321005e+00 2.911318320431620776e+01
1.878688863476425013e+02 5.503108139807647348e+00 2.897919598874032232e+01
1.879438042458362759e+02 5.562001524747830494e+00 2.900142212057236790e+01
1.882244897959183731e+02 5.663763781374618667e+00 2.907541637344592900e+01
1.885421504808820146e+02 5.720252756274923911e+00 2.922849225897255465e+01
1.886644821721792198e+02 5.651287239033544019e+00 2.916113945578231181e+01
1.887524190710767016e+02 5.587027914614121293e+00 2.922934259910860888e+01
1.888137461881304375e+02 5.613300492610837189e+00 2.917739854562514523e+01
1.886567851278442447e+02 5.585737743373210940e+00 2.919947806708890425e+01
1.889695783485808249e+02 5.557485925404644256e+00 2.930596117757447772e+01
1.894903970208773103e+02 5.473595472671827444e+00 2.953863183204316201e+01
1.897159424114473438e+02 5.430785245132535799e+00 2.956188423645320285e+01
1.896794804128547867e+02 5.148706896551724199e+00 2.950287356321839027e+01
1.891122742200328446e+02 5.126656697161623200e+00 2.927984987098287561e+01
1.878509852216748754e+02 5.208421299554304440e+00 2.906181093126905779e+01
1.868967863007272001e+02 5.271463757916960091e+00 2.879336734693877631e+01
1.865618402533427229e+02 5.225882594417076810e+00 2.865825123152709253e+01
1.865164790053952686e+02 5.225237508796622521e+00 2.873088200797560532e+01
1.866575768238329829e+02 5.234092775041051304e+00 2.882315857377433588e+01
1.866613447102979251e+02 5.391229767769176284e+00 2.877397079521463752e+01
1.865704316209242393e+02 5.384383063570255423e+00 2.875873797794979936e+01
1.865470912502932208e+02 5.439581867229650314e+00 2.874739033544452127e+01
1.864784629368988931e+02 5.444551958714519913e+00 2.870867053718038875e+01
1.864308878723903433e+02 5.516024513253577233e+00 2.864834037063101135e+01
1.865484693877550910e+02 5.601908866995073843e+00 2.863502814919070971e+01
1.865836851982172107e+02 5.650774102744546390e+00 2.870211705371803745e+01
1.863777562749237688e+02 5.635497302369223860e+00 2.872091250293220810e+01
1.861861805066854458e+02 5.625615763546798043e+00 2.868342423176166989e+01
1.860944317382125348e+02 5.672252521698334604e+00 2.863680213464696322e+01
1.861654791226835641e+02 5.657606145906638240e+00 2.861715634529673835e+01
1.862706280788177367e+02 5.651125967628431113e+00 2.851250586441473089e+01
1.864105383532723295e+02 5.589300375322542536e+00 2.858773164438188985e+01
1.864356233872859434e+02 5.580005277973258515e+00 2.862563042458362617e+01
1.865052486511846155e+02 5.515804597701149170e+00 2.852876495425756431e+01
1.868163558526858878e+02 5.353814801782782240e+00 2.861010438658221844e+01
1.870448187895848093e+02 5.153105207600281901e+00 2.868993373211353415e+01
1.872210004691531822e+02 5.124003049495660100e+00 2.875196457893502355e+01
1.873582570959418376e+02 5.074331456720619471e+00 2.877105324888576021e+01
1.876412004456955174e+02 5.022621979826412897e+00 2.892102099460473852e+01
1.875645378841191757e+02 5.214945460942997713e+00 2.886529439361951788e+01
1.873582424349050086e+02 5.342188599577761821e+00 2.875350398780201644e+01
1.872709066385174879e+02 5.479049378372038426e+00 2.868399601219798356e+01
1.871968537414965965e+02 5.496276096645554610e+00 2.870119340839784172e+01
1.871825885526624518e+02 5.523794862772695602e+00 2.863532136992728283e+01
1.874210942997888765e+02 5.439142036124795077e+00 2.879612362186253804e+01
1.879142329345531266e+02 5.393722144030025589e+00 2.900533661740558244e+01
1.882022636640863311e+02 5.369736687778559947e+00 2.908556181093127080e+01
1.882677545155993357e+02 5.301269645789350449e+00 2.910991379310344840e+01
1.883978125733051741e+02 5.324140863241848542e+00 2.915045155993431791e+01
1.886127140511376865e+02 5.421798029556650356e+00 2.925958831808585359e+01
1.885986980999296350e+02 5.435271522402064015e+00 2.930805770584095882e+01
1.885384558996012174e+02 5.404263429509734706e+00 2.930267710532488934e+01
1.887648956134177922e+02 5.517475955899601381e+00 2.941229767769176462e+01
1.889984899132066687e+02 5.551445578231292366e+00 2.963472026741731113e+01
1.888803512784424186e+02 5.624296270232230555e+00 2.957493255923058939e+01
1.883855266244428890e+02 5.639983579638752076e+00 2.935986980999296136e+01
1.874819962467745711e+02 5.475706661975134892e+00 2.903682852451325402e+01
1.865913969035890148e+02 5.365338376730002246e+00 2.872428454140276699e+01
1.859603125733051741e+02 5.314801782782078376e+00 2.845403764954257397e+01
1.857402504105090202e+02 5.176211001642036180e+00 2.833507799671592764e+01
1.859042927515833981e+02 5.115704902650715091e+00 2.846466690124325538e+01
1.861852422003284175e+02 5.055125498475252499e+00 2.863765247478301745e+01
1.863671856673703928e+02 4.982538705137227630e+00 2.871447630776448534e+01
1.863474519117991974e+02 4.920434553131597610e+00 2.875511670185315438e+01
1.863563804832277810e+02 4.997141097818437849e+00 2.874615880835092696e+01
1.863725662678864694e+02 5.093537414965986443e+00 2.863467628430682765e+01
1.864276038001407585e+02 5.118373211353507202e+00 2.864015951208069310e+01
1.865162590898428334e+02 5.208391977480647306e+00 2.863926518883415540e+01
1.865684963640628666e+02 5.186854914379544823e+00 2.860321369927281410e+01
1.863798967863007192e+02 5.278427750410508601e+00 2.852131714754867531e+01
1.862832512315270890e+02 5.393707482993197466e+00 2.852923410743607846e+01
1.860248064743138627e+02 5.487274220032841043e+00 2.840778207834858193e+01
1.858423058878723850e+02 5.575665611072015082e+00 2.845182383298146789e+01
1.859135878489326785e+02 5.611394557823129681e+00 2.848469387755102034e+01
1.862224372507623684e+02 5.625381186957541857e+00 2.858084095707248551e+01
1.865603301665493916e+02 5.424744897959183909e+00 2.868430389397138214e+01
1.866063658221909520e+02 5.394499178981937426e+00 2.857261611541168023e+01
1.866850516068496404e+02 5.368299906169363922e+00 2.860421064977715133e+01
1.866601571663148036e+02 5.359767182735162727e+00 2.856321839080459668e+01
1.867637373915083288e+02 5.391742904058174801e+00 2.860877023223082460e+01
1.868907019704433594e+02 5.414262256626789060e+00 2.856238271170537146e+01
1.869047325826882400e+02 5.374868050668543340e+00 2.854870396434435875e+01
1.869866877785597126e+02 5.374677457189772412e+00 2.863197865353037841e+01
1.870616349988271168e+02 5.433204316209242712e+00 2.863851747595590069e+01
1.869415904292751520e+02 5.483594299788880910e+00 2.863596645554773801e+01
1.868755277973258160e+02 5.593742669481585494e+00 2.860031081398076580e+01
1.868138488153882122e+02 5.690974665728360193e+00 2.852268062397372717e+01
1.868653823598404813e+02 5.731307178043631545e+00 2.856277855969974055e+01
1.868371598639455726e+02 5.696150011728829732e+00 2.856097525216983257e+01
1.870495982875908965e+02 5.639939596528266819e+00 2.866278149190710778e+01
1.873096264367815991e+02 5.647577996715927640e+00 2.866518590194698746e+01
1.874048058878723850e+02 5.597554539057002287e+00 2.862747771522402118e+01
1.874062573305184003e+02 5.577468918601923953e+00 2.860045742434904881e+01
1.875112743373211401e+02 5.547985573539760296e+00 2.873473786066150737e+01
1.874909248182031547e+02 5.696560520760027835e+00 2.881335034013605423e+01
1.873893531550551188e+02 5.708890452732817700e+00 2.882458069434670378e+01
1.871176108374384341e+02 5.743006685432793468e+00 2.879017124091015845e+01
1.863045390570021027e+02 5.717159277504104686e+00 2.851917663617171073e+01
1.855281345296739346e+02 5.616481937602626928e+00 2.818494897959183731e+01
1.849106849636406196e+02 5.425375322542810075e+00 2.788907459535538180e+01
1.845610778794276428e+02 5.358491672531081385e+00 2.780729533192587510e+01
1.846225516068496404e+02 5.327835444522636799e+00 2.788870806943467073e+01
1.847689273985456282e+02 5.326838494018296899e+00 2.792685608726248958e+01
1.849353008444757336e+02 5.372448979591836427e+00 2.801631773399014946e+01
1.850858403706310185e+02 5.345487332864180097e+00 2.821383122214403016e+01
1.851208655876143609e+02 5.308248299319727970e+00 2.819754281022753872e+01
1.853139221205723572e+02 5.358608960825709921e+00 2.832480060989913184e+01
1.853725955899601274e+02 5.381773399014778470e+00 2.828536242083040264e+01
1.852176284306826233e+02 5.329213581984517667e+00 2.822363945578231181e+01
1.851925727187426673e+02 5.105823363828290162e+00 2.809003342716397000e+01
1.853443877551020478e+02 4.978023105794041392e+00 2.803788411916490730e+01
1.854401829697396238e+02 4.916153530377668446e+00 2.804154937837203931e+01
1.851573275862068897e+02 4.815197630776448356e+00 2.791967217921651567e+01
1.852264250527797458e+02 4.832277738681679757e+00 2.788596645554773801e+01
1.852708333333333428e+02 5.005527210884353373e+00 2.802930741262021996e+01
1.852596029791226897e+02 5.145144264602392603e+00 2.806211881304245992e+01
1.852658632418484501e+02 5.255321956368754321e+00 2.815980530143091798e+01
1.852301196340605145e+02 5.327820783485807787e+00 2.810482641332395204e+01
1.852204726718273378e+02 5.338640628665259236e+00 2.808377316443818827e+01
1.853060784658691205e+02 5.116291344123856000e+00 2.805868813042458498e+01
1.853771844944874374e+02 5.072484166080225343e+00 2.806871627961529470e+01
1.855009822894675153e+02 4.987127609664555372e+00 2.820239561341778156e+01
1.858033221909453516e+02 4.929201853155054991e+00 2.826634705606380393e+01
1.860264778325123132e+02 4.902958597231996229e+00 2.835640980530143196e+01
1.858353712174524901e+02 4.995836265540699372e+00 2.822512022050199221e+01
1.857646463757916990e+02 5.116936429744311177e+00 2.813301958714520268e+01
1.858741789819376038e+02 5.253694581280788256e+00 2.814030612244897966e+01
1.859716455547736302e+02 5.216499530846821386e+00 2.818176753460004846e+01
1.860175785831573876e+02 5.259368402533427300e+00 2.816902709359606050e+01
1.863692528735632266e+02 5.170346586910626208e+00 2.827287121745249721e+01
1.868164144968332039e+02 5.173220150129017370e+00 2.832714637579169548e+01
1.867723727422003321e+02 5.087291813277034613e+00 2.825548322777386900e+01
1.862018971381656058e+02 4.850999882711705347e+00 2.811331515364766531e+01
1.857054597701149419e+02 4.776111306591602101e+00 2.800258034248182071e+01
1.850491584564860545e+02 4.885966455547736231e+00 2.780921592775041162e+01
1.847449419422941617e+02 4.997097114707951704e+00 2.773942939244663464e+01
1.845101307764485057e+02 5.081002228477597527e+00 2.776801841426225792e+01
1.845148369692704762e+02 5.161857846586910270e+00 2.776565798733286528e+01
1.845690388224255116e+02 5.209139690358902008e+00 2.781956661975134892e+01
1.847731644381890703e+02 5.230119634060520717e+00 2.788886934083978275e+01
1.849876700680271995e+02 5.309685080928923107e+00 2.788011670185315438e+01
1.851203231292516875e+02 5.314361951677222251e+00 2.790633063570255601e+01
1.850536740558292195e+02 5.239048205489091892e+00 2.790577351630307135e+01
1.848730060989913113e+02 5.306884822894675224e+00 2.781148838845883020e+01
1.846951823832981461e+02 5.376466103682852271e+00 2.765389690358902186e+01
1.844183233638282786e+02 5.535582336382828927e+00 2.746893326296035553e+01
1.843071487215575814e+02 5.586514778325122776e+00 2.741396903589021861e+01
1.844345531315974540e+02 5.687983814215341383e+00 2.737010321369927368e+01
1.846970296739385446e+02 5.738696340605207169e+00 2.745538646493080037e+01
1.849649601219798285e+02 5.657620806943467251e+00 2.763722730471499034e+01
1.850568408397842006e+02 5.618930330752990976e+00 2.768829169598874174e+01
1.852499120337790259e+02 5.533075299085151499e+00 2.776917663617171073e+01
1.855736423879896790e+02 5.537385643912737798e+00 2.790656521229181308e+01
1.859129574243490595e+02 5.526712409101572021e+00 2.809390394088670106e+01
1.861546006333567789e+02 5.510585268590194374e+00 2.817322015012901559e+01
1.862589285714285836e+02 5.404395378841191366e+00 2.829311810931269022e+01
1.864143062397372717e+02 5.374032371569317235e+00 2.845110544217687121e+01
1.863610133708655781e+02 5.341499530846821386e+00 2.844384822894675224e+01
1.864255512549847538e+02 5.365470326061458906e+00 2.848510438658221844e+01
1.864314596528266463e+02 5.403618343889279529e+00 2.850514602392681240e+01
1.863306063804832320e+02 5.369326178747360956e+00 2.839464578935022132e+01
1.861797589725545379e+02 5.366056767534599814e+00 2.830804304480412981e+01
1.859445372976776980e+02 5.383503401360544061e+00 2.839334095707248551e+01
1.859121950504339793e+02 5.350428102275392561e+00 2.827027621393385104e+01
1.864688746188130324e+02 5.138224255219329351e+00 2.822816971616232706e+01
1.866113212526389873e+02 4.954609429978888535e+00 2.824206837907576784e+01
1.859235133708655781e+02 4.789247595589960049e+00 2.788079110954726758e+01
1.853498856439127280e+02 4.514162561576354982e+00 2.757402357494721912e+01
1.848062250762373822e+02 4.512168660567675182e+00 2.735985514895613591e+01
1.843329668074126175e+02 4.497566267886464964e+00 2.728282606145906541e+01
1.840793895144264525e+02 4.515306122448979664e+00 2.719462526389866142e+01
1.841676196340605145e+02 4.597114707952146162e+00 2.723382887637813710e+01
1.842937925170068070e+02 4.613505747126437129e+00 2.730921592775041162e+01
1.842541050903119810e+02 4.684758386113065498e+00 2.733274689186019302e+01
1.841468302838376871e+02 4.750659746657283300e+00 2.739125908984283342e+01
1.839133239502697563e+02 4.844622331691296857e+00 2.747120572366877767e+01
1.838910831574008853e+02 4.913367933380248687e+00 2.745245425756509405e+01
1.839989004222378526e+02 4.899835796387520759e+00 2.746113359136758092e+01
1.838861717100633371e+02 4.895129603565564480e+00 2.755852685901946941e+01
1.838786212760966521e+02 4.664350222847759575e+00 2.745872918132770479e+01
1.837483872859488656e+02 4.489458714520290883e+00 2.722695285010555821e+01
1.836368167956837851e+02 4.383342129955430266e+00 2.713605442176870852e+01
1.836918983110485613e+02 4.336470795214637519e+00 2.703751759324419268e+01
1.841406873094065304e+02 4.338538001407459710e+00 2.717807295331925843e+01
1.842502345765892642e+02 4.498431269059348203e+00 2.729084564860426809e+01
1.842264397138165748e+02 4.578524513253577233e+00 2.733806884822894645e+01
1.842165728360309629e+02 4.703026038001407727e+00 2.742519939010086816e+01
1.843507213230119532e+02 4.744047619047618625e+00 2.754064039408866904e+01
1.843670097349284447e+02 4.724137931034483096e+00 2.750238974900305067e+01
1.844006714754867460e+02 4.607054890921886248e+00 2.740413148017827893e+01
1.846753753225428056e+02 4.390203495191180139e+00 2.735602861834388833e+01
1.850758855266244325e+02 4.406389279849871166e+00 2.743930330752990798e+01
1.853634764250527667e+02 4.223390218156228393e+00 2.740344241144733672e+01
1.852600134881538736e+02 4.251612714051137942e+00 2.736155582922824436e+01
1.852441649073422525e+02 4.212687661271405482e+00 2.746745249824067514e+01
1.853743988974900390e+02 4.240147783251231317e+00 2.755519880365939400e+01
1.854445079756040400e+02 4.199360778794276605e+00 2.764032078348580868e+01
1.855065534834623406e+02 4.219871569317382054e+00 2.764806181093127080e+01
1.856687631949331490e+02 4.254940769411212464e+00 2.768195812807881850e+01
1.856098404879193140e+02 4.275554187192118327e+00 2.770522519352568480e+01
1.854680389397138072e+02 4.246202791461412218e+00 2.780896669012432554e+01
1.854911740558292195e+02 4.346205723668777665e+00 2.794074008913910490e+01
1.855203495191179854e+02 4.436693642974431029e+00 2.792127023223082460e+01
1.854004515599343108e+02 4.420361247947455219e+00 2.784758386113065853e+01
1.849980500821017984e+02 4.522621979826412897e+00 2.772831632653061362e+01
1.842685168895144159e+02 4.454374853389631461e+00 2.736296328876377970e+01
1.832618901008679302e+02 4.451252052545155991e+00 2.704127081867229521e+01
1.826550258034248202e+02 4.406330635702556897e+00 2.672331691297208422e+01
1.826398516303073052e+02 4.450606966924700814e+00 2.679883591367581630e+01
1.829480412854797180e+02 4.319786535303776986e+00 2.688907459535538180e+01
1.830316971616232706e+02 4.269220619282195983e+00 2.691593361482524216e+01
1.831435755336617319e+02 4.217584447572132689e+00 2.686469329110954618e+01
1.830739356087262593e+02 4.206163499882711321e+00 2.688005805770584189e+01
1.829916138869340898e+02 4.223155641566971319e+00 2.684638165611071869e+01
1.830851219798264253e+02 4.196839080459770166e+00 2.697742200328407236e+01
1.829811019235280298e+02 4.207043162092423572e+00 2.698039819376026216e+01
1.828014015951208080e+02 4.186547032606146246e+00 2.689206544686840417e+01
1.826538969035890148e+02 4.192792634295097187e+00 2.684396258503401356e+01
1.824080019939009958e+02 4.208289350222847780e+00 2.664706486042693001e+01
1.822623445930096295e+02 4.222789115646258473e+00 2.671522402064274004e+01
1.822576823832981461e+02 4.275568848228946450e+00 2.667731057940417472e+01
1.823386992728125620e+02 4.316575768238330113e+00 2.671519469856908202e+01
1.822577850105559492e+02 4.326427984987097908e+00 2.667234048791930690e+01
1.822175551254984782e+02 4.392681210415200432e+00 2.664383943232465413e+01
1.821953143326296072e+02 4.395906638517476317e+00 2.671742317616701712e+01
1.821776038001407585e+02 4.462277152240206490e+00 2.671501876612714099e+01
1.822463933849401769e+02 4.513326882477128876e+00 2.678137461881304304e+01
1.823601483696926948e+02 4.508327468918602143e+00 2.679153471733521030e+01
1.825461529439361925e+02 4.568760262725779953e+00 2.688133356790992323e+01
1.827749677457189819e+02 4.557295331925874216e+00 2.697092716396903711e+01
1.828960092657752625e+02 4.598668777855969836e+00 2.696913851747595459e+01
1.829477040816326507e+02 4.575196457893501822e+00 2.698655582922824436e+01
1.829912033779028775e+02 4.632946281961060286e+00 2.691816209242317726e+01
1.830836998592540397e+02 4.607450738916256228e+00 2.698447396199859227e+01
1.832911388693408412e+02 4.651917663617171073e+00 2.697390335444522691e+01
1.830527064273985332e+02 4.637417898193760379e+00 2.681335034013605423e+01
1.828808057705840895e+02 4.602700562983813803e+00 2.670375908984283342e+01
1.830413001407459603e+02 4.713259441707717379e+00 2.675464754867464379e+01
1.833781961060286108e+02 4.728345648604268980e+00 2.689520290874970598e+01
1.834302134646962372e+02 4.709315622800844814e+00 2.695246891860192306e+01
1.835767945109078028e+02 4.633386113065916412e+00 2.695414027680037705e+01
1.838561605676753459e+02 4.654981820314332275e+00 2.705332219094534452e+01
1.841753460004691476e+02 4.647299437016186197e+00 2.709775979357260312e+01
1.842135673234811293e+02 4.621613300492611209e+00 2.711806532958010862e+01
1.842796299554304369e+02 4.332981468449448315e+00 2.712049906169364277e+01
1.839294364297442996e+02 4.045537180389397136e+00 2.708768766127140637e+01
1.835079902650715553e+02 3.892124091015716658e+00 2.692031726483697085e+01
1.831689537884119261e+02 3.756920009383063697e+00 2.681148838845883020e+01
1.832006949331456838e+02 3.706031550551255105e+00 2.682252814919070971e+01
1.831313922120572499e+02 3.831368754398311260e+00 2.681192821956368633e+01
1.828871686605676814e+02 3.995997536945812723e+00 2.683224841660802085e+01
1.828275129017123959e+02 4.113754984752521437e+00 2.685841836734693899e+01
1.828108579638752076e+02 4.279967159277504152e+00 2.686876905934787629e+01
1.829384529673938573e+02 4.326677222613183105e+00 2.704703260614590832e+01
1.830219035890218038e+02 4.352114121510672895e+00 2.702448393150363515e+01
1.830642153413089375e+02 4.334198334506216277e+00 2.702246070842129910e+01
1.830718097583861095e+02 4.315476190476190688e+00 2.697006216279615387e+01
1.829622771522402047e+02 4.232098874032371505e+00 2.696330342481820352e+01
1.828319698569082732e+02 4.233858198451794230e+00 2.693175287356321945e+01
1.827410714285714164e+02 4.324360778794276605e+00 2.681933204316209185e+01
1.826528266479005254e+02 4.450768238329814608e+00 2.680465634529673835e+01
1.827501172882946321e+02 4.619766009852217081e+00 2.671041520056298424e+01
1.828733286418015496e+02 4.581603330987567446e+00 2.673053014309171971e+01
1.829786681914144992e+02 4.622727539291578758e+00 2.677851571663148178e+01
1.829356966924700885e+02 4.740660919540229834e+00 2.680178278207834808e+01
1.830373416608022410e+02 4.827850105559464922e+00 2.673764074595355211e+01
1.831090048088200888e+02 4.960693760262725682e+00 2.675992552193291019e+01
1.830434699741965687e+02 4.967525803424818420e+00 2.670031374618812947e+01
1.830198070607553404e+02 4.971235045742434799e+00 2.659340546563452889e+01
1.832107084212995574e+02 4.826545273281726445e+00 2.673281726483697085e+01
1.835300844475721362e+02 4.665757682383298466e+00 2.685550082101806169e+01
1.836504955430447978e+02 4.613373797794980469e+00 2.687879720853858956e+01
1.837327146375791642e+02 4.504867464227070073e+00 2.710445988740323742e+01
1.837773868167956834e+02 4.491232699976542619e+00 2.717012667135819726e+01
1.838983696927046765e+02 4.439713816561106974e+00 2.727820783485807965e+01
1.840204668074126175e+02 4.510292047853623920e+00 2.743484635233403779e+01
1.840734078114004149e+02 4.570666197513488349e+00 2.741313335679099339e+01
1.840933614825240454e+02 4.559509148486981189e+00 2.743106380483227724e+01
1.843287590898428334e+02 4.577586206896551602e+00 2.753316326530612201e+01
1.846913705137227169e+02 4.591939361951677512e+00 2.746993021346469632e+01
1.849629368988974818e+02 4.534717335209945688e+00 2.754286887168660414e+01
1.847197542810227446e+02 4.439845765892563634e+00 2.731270525451559905e+01
1.842310286183438848e+02 4.461632066619751313e+00 2.695974079286887104e+01
1.835974812338728555e+02 4.386508913910391882e+00 2.674992669481585850e+01
1.832082013840018817e+02 4.369663382594416667e+00 2.664105383532723437e+01
1.827975457424348917e+02 4.291021581046211786e+00 2.661495718977246128e+01
1.826937016185784728e+02 4.301005747126437129e+00 2.650560051606849754e+01
1.828155201735866626e+02 4.372874149659863541e+00 2.658918308702791578e+01
1.830927897020877424e+02 4.349401829697396415e+00 2.672148428336851822e+01
1.834857348111658553e+02 4.245572366877785164e+00 2.686302193291109575e+01
1.838204462819610683e+02 4.112714051137696281e+00 2.685956192821956279e+01
1.841363183204316272e+02 4.091484869809993263e+00 2.690992258972554652e+01
1.843069874501524623e+02 4.035846235045742247e+00 2.698333040112596848e+01
1.843586822660098505e+02 3.986101337086558782e+00 2.701831163499882749e+01
1.841826765188834258e+02 4.001172882946281817e+00 2.694610602861834536e+01
1.840417839549612893e+02 4.130747126436781436e+00 2.697830166549378461e+01
1.838460444522636692e+02 4.178380835092657897e+00 2.688548264133239485e+01
1.837364385409336194e+02 4.237831339432324818e+00 2.670409629368989002e+01
1.839292018531550639e+02 4.271566385174759617e+00 2.685161564625850517e+01
1.839746803893971503e+02 4.371569317382125064e+00 2.688536535303776631e+01
1.839263282899366629e+02 4.426636171710063294e+00 2.692169540229885172e+01
1.841207922824302159e+02 4.515056884822894467e+00 2.693154761904762040e+01
1.843086001642036251e+02 4.577556884822894467e+00 2.698816854327938231e+01
1.842668601923527945e+02 4.524909101571663150e+00 2.704184259910860888e+01
1.842521258503401498e+02 4.614048205489091892e+00 2.701801841426225792e+01
1.843592247243724955e+02 4.659101571663147645e+00 2.709884471029791086e+01
1.844210796387520475e+02 4.694024161388693273e+00 2.711305125498475377e+01
1.841972789115646378e+02 4.661256744076941239e+00 2.704333802486511829e+01
1.839509441707717485e+02 4.598742083040112227e+00 2.691593361482524216e+01
1.840067440769411178e+02 4.452102392681210219e+00 2.689473375557119539e+01
1.841373739150832876e+02 4.444053483462350407e+00 2.687913441238564261e+01
1.842659658691062532e+02 4.464622918132770124e+00 2.687173058878724063e+01
1.848142739854562535e+02 4.312089490968801009e+00 2.710447454844006643e+01
1.849354181327703373e+02 4.411755219329110744e+00 2.716914438189068903e+01
1.847022490030495021e+02 4.287590898428336850e+00 2.727147841895378733e+01
1.841155143091719424e+02 4.193276448510438570e+00 2.720216103682852449e+01
1.835540405817499447e+02 4.110456251466104050e+00 2.701146493079990663e+01
1.831822953319258716e+02 4.037033779028853075e+00 2.694639924935491493e+01
1.830725721323011896e+02 4.074419422941589985e+00 2.692176870748299322e+01
1.827087878254750137e+02 4.099563101102510210e+00 2.687806415669716031e+01
1.825923645320197011e+02 4.262711118930330834e+00 2.684544334975369395e+01
1.826236218625381298e+02 4.403354445226366209e+00 2.691314801782782240e+01
1.827772255453905643e+02 4.403808937368050458e+00 2.702010028149190646e+01
1.829289379544921417e+02 4.445974079286886926e+00 2.696497478301665396e+01
1.830887725779967070e+02 4.493373211353507202e+00 2.701954316209242180e+01
1.832433878723903433e+02 4.525906052076003050e+00 2.691978946751114066e+01
1.832909189537884060e+02 4.514426460239268302e+00 2.682947748064743010e+01
1.832720795214637519e+02 4.453319258737978181e+00 2.681081398076472055e+01
1.831979679802955729e+02 4.434010673234810795e+00 2.686513312221440231e+01
1.833468801313628944e+02 4.326999765423410693e+00 2.682650129017124030e+01
1.836224636406286663e+02 4.176988036593948017e+00 2.691600692000938366e+01
1.837652914614121471e+02 4.036242083040112227e+00 2.697154292751583426e+01
1.840142505277973157e+02 3.986028031902415947e+00 2.712268355618109439e+01
1.842419217687074706e+02 4.006582805536007541e+00 2.721773105794041925e+01
1.845030641566971497e+02 3.933702791461412218e+00 2.734619106263194865e+01
1.846729562514661040e+02 4.014690358902181622e+00 2.737853330987567446e+01
1.848496657283603213e+02 4.132843654703260761e+00 2.748844710297912286e+01
1.849408133943232428e+02 4.145437485338963057e+00 2.747292106497771513e+01
1.849033397841895408e+02 4.124912033779028597e+00 2.744222085385878529e+01
1.848231585737743501e+02 4.186840253342716700e+00 2.744912620220501864e+01
1.850519733755571110e+02 4.213156814449917853e+00 2.754663675815153567e+01
1.851755072718742667e+02 4.281755805770584011e+00 2.759085444522636621e+01
1.851288558526858878e+02 4.280802838376730257e+00 2.751036535303776631e+01
1.851204697396199776e+02 4.252301782782078376e+00 2.747957717569786595e+01
1.852041402768003877e+02 4.420522519352569013e+00 2.747607318789584951e+01
1.852977949800609849e+02 4.491218038939713608e+00 2.760708421299554161e+01
1.853556034482758719e+02 4.534145554773633791e+00 2.750907518179685596e+01
1.853216191649073323e+02 4.545742434904996188e+00 2.748321311283133994e+01
1.852171152943936079e+02 4.558981351161154549e+00 2.743104914379544823e+01
1.845435139573070558e+02 4.484283368519821344e+00 2.718255923058878665e+01
1.831404967159277533e+02 4.423322777386816895e+00 2.673441531785127978e+01
1.824696369927281125e+02 4.423205489092188358e+00 2.650256568144499170e+01
1.823317206192822084e+02 4.361438540933614938e+00 2.642508210180623962e+01
1.822740880835092696e+02 4.340297325826882435e+00 2.639360485573539705e+01
1.822584887403237133e+02 4.424231761670185392e+00 2.655736863711001661e+01
1.822613916256157722e+02 4.469373094065212548e+00 2.673579345531316065e+01
1.822039790053952686e+02 4.570768824771287875e+00 2.686961939948393052e+01
1.822658339197748205e+02 4.561444405348345832e+00 2.693000821018062396e+01
1.823434054656345324e+02 4.590605207600281901e+00 2.697919598874032232e+01
1.824089256392211951e+02 4.399014778325122776e+00 2.701401595120806931e+01
1.823625674407694248e+02 4.295757095941825199e+00 2.692185667370396374e+01
1.824264602392681240e+02 4.247155758855265972e+00 2.699920830401125826e+01
1.824500791695988653e+02 4.132990265071545544e+00 2.706276389866291510e+01
1.824447865353037628e+02 4.161388693408397899e+00 2.696973961998592628e+01
1.824898838845883233e+02 4.168118109312690223e+00 2.700005864414731249e+01
1.826465370631011069e+02 4.299759558996012032e+00 2.691234166080225165e+01
1.826878665259207253e+02 4.404439361951677512e+00 2.682002111189303406e+01
1.828126319493314611e+02 4.459462233169129597e+00 2.681609195402298695e+01
1.828801900070372994e+02 4.496481351161154549e+00 2.683160333098756567e+01
1.829646082570959322e+02 4.548997185080929206e+00 2.686429744311517709e+01
1.830618988974900390e+02 4.691502463054186833e+00 2.675797560403471564e+01
1.830964989444053401e+02 4.719065212291813083e+00 2.685596997419657583e+01
1.831086382828993635e+02 4.776683087027914887e+00 2.676079052310579343e+01
1.832646756978653571e+02 4.786461998592540290e+00 2.691166725310813845e+01
1.835675140745953513e+02 4.595487332864180097e+00 2.711387227304714997e+01
1.837728418953788321e+02 4.456955195871452169e+00 2.730536007506450957e+01
1.838968302838376871e+02 4.363256509500351932e+00 2.740858843537414913e+01
1.838867434904996401e+02 4.329550785831574267e+00 2.743104914379544823e+01
1.839817470091484779e+02 4.329741379310345195e+00 2.748517769176635994e+01
1.841875293220736580e+02 4.383019587145202678e+00 2.758780494956603491e+01
1.844451237391508300e+02 4.395276213933849263e+00 2.763732993197278986e+01
1.845878049495660207e+02 4.418279380717804017e+00 2.771825885526624589e+01
1.846598639455782234e+02 4.433673469387755084e+00 2.768604855735397763e+01
1.848147577996715825e+02 4.435682031433263006e+00 2.775086500117288324e+01
1.850516654937837302e+02 4.501290171240910354e+00 2.781386347642505186e+01
1.851807559230588822e+02 4.598375557119399382e+00 2.788700738916256228e+01
1.849240411681914225e+02 4.634148486980999238e+00 2.772529615294393679e+01
1.842083040112596848e+02 4.538749120337790544e+00 2.739986511846117878e+01
1.834549906169364419e+02 4.470003518648838714e+00 2.715350105559465277e+01
1.827381245601688988e+02 4.313922120572367014e+00 2.682395026976307761e+01
1.823993079990617048e+02 4.273281726483697085e+00 2.678477597935725996e+01
1.825489092188599614e+02 4.259925521932911074e+00 2.687001524747830317e+01
1.828137461881304375e+02 4.244502111189302873e+00 2.706228008444757194e+01
1.828929011259676258e+02 4.263796035655641248e+00 2.705930389397138214e+01
1.829278823598404813e+02 4.325826882477128876e+00 2.699136464930800017e+01
1.830274161388693415e+02 4.341572836030963778e+00 2.700299085151301881e+01
1.832584740792868843e+02 4.365338376730002246e+00 2.704492141684259821e+01
1.833663793103448256e+02 4.346088435374150016e+00 2.698486980999296136e+01
1.832420097349284447e+02 4.326369340839784527e+00 2.684369868637109846e+01
1.831347935726014668e+02 4.419569551958714371e+00 2.686913558526859092e+01
1.831656403940886833e+02 4.521566385174759617e+00 2.690860309641097814e+01
1.830163470560638075e+02 4.532400891391039188e+00 2.679259031198686358e+01
1.828789878020173489e+02 4.470736570490265294e+00 2.681345296739385375e+01
1.829664555477363308e+02 4.516493666432090492e+00 2.685594065212291781e+01
1.830679099225897346e+02 4.500865001172883240e+00 2.695422824302134757e+01
1.832544716162327063e+02 4.342643091719446069e+00 2.711184904996481393e+01
1.834677163969035973e+02 4.294657518179685773e+00 2.717511142387989764e+01
1.838041871921182349e+02 4.306562280084447636e+00 2.731465517241379359e+01
1.839301841426225792e+02 4.362332864180154424e+00 2.724612948627726894e+01
1.840210239268120915e+02 4.397577996715927640e+00 2.731142974431151771e+01
1.840793601923527945e+02 4.419393619516772453e+00 2.734463699272812676e+01
1.840504193056532927e+02 4.413690476190476275e+00 2.731780729533192442e+01
1.838796328876378254e+02 4.423865235749472546e+00 2.724601219798264040e+01
1.837928248885761207e+02 4.363696340605207169e+00 2.716266420361247924e+01
1.838817147548674598e+02 4.363564391273750509e+00 2.703674055829228351e+01
1.839697396199859156e+02 4.329184259910860533e+00 2.699806474313863447e+01
1.842501759324419481e+02 4.266816209242317193e+00 2.706195754163734435e+01
1.843832981468449361e+02 4.264661036828524487e+00 2.706084330283837502e+01
1.843861130659160210e+02 4.244780670889045204e+00 2.695845062162796069e+01
1.844835942997888765e+02 4.220150129017124385e+00 2.710994311517710642e+01
1.846958274689185941e+02 4.209535538353271988e+00 2.723872566267886342e+01
1.848606028618343942e+02 4.187514661036828123e+00 2.734869809992962786e+01
1.847990851513019095e+02 4.065593478770818336e+00 2.728413089373680478e+01
1.849003635937133367e+02 4.052193291109547069e+00 2.730148956134177851e+01
1.849700181796856668e+02 4.071677809054656372e+00 2.746397783251231672e+01
1.851913705137227169e+02 4.054436429744311177e+00 2.751326823832981461e+01
1.853204169598874103e+02 4.031858433028383537e+00 2.756141508327468870e+01
1.854182647196809626e+02 4.056884822894675224e+00 2.759170478536242044e+01
1.849586265540698946e+02 3.999252287121745297e+00 2.739749003049495713e+01
1.835933761435608744e+02 4.133312807881773132e+00 2.687674466338259549e+01
1.826850076237391534e+02 4.247229064039409252e+00 2.647385937133473988e+01
1.819992376260849198e+02 4.295933028383767116e+00 2.624184846352333977e+01
1.814464432324654126e+02 4.264206544686840239e+00 2.600394381890687256e+01
1.813943672296504701e+02 4.338362068965516904e+00 2.608340663851747721e+01
1.816204990616936357e+02 4.167355735397607397e+00 2.627658045977011625e+01
1.818975340136054513e+02 4.006157635467980427e+00 2.653241555242786731e+01
1.819457981468449361e+02 3.937925170068027114e+00 2.664225604034717421e+01
1.820009969505043443e+02 3.913925052779732461e+00 2.675821018062397272e+01
1.822458949096880190e+02 3.912092423176166900e+00 2.684136758151536384e+01
1.823471586910626456e+02 3.949859254046446111e+00 2.686140921885995780e+01
1.823367933380248758e+02 3.924627609664555372e+00 2.683902181562280020e+01
1.820451999765423352e+02 3.933776096645554610e+00 2.660830107905231046e+01
1.818073979591836746e+02 3.921695402298850386e+00 2.647878547970912422e+01
1.817008415435139455e+02 3.997317030260380211e+00 2.637208245367112269e+01
1.818225134881538736e+02 4.050067440769411498e+00 2.626674290405817658e+01
1.818541226835561702e+02 3.973624794745484579e+00 2.627231409805301254e+01
1.818638282899366629e+02 3.993343889279850067e+00 2.624583626554069937e+01
1.819534512080694242e+02 4.054627023223082105e+00 2.629388048322777394e+01
1.822161769880366080e+02 4.095868519821721954e+00 2.641832336382828927e+01
1.824864825240441064e+02 4.001392798498709880e+00 2.655148956134177851e+01
1.826715487919305758e+02 3.835459183673469497e+00 2.664941062631949364e+01
1.826867376260849198e+02 3.800565916021581003e+00 2.676262315270935943e+01
1.827203847056063921e+02 3.871334740792868878e+00 2.667431972789115591e+01
1.827984547267182620e+02 3.825577644851043679e+00 2.675584975369458007e+01
1.828756011025099610e+02 3.819874501524747945e+00 2.688706603330987477e+01
1.828893824771287768e+02 3.946062045507858329e+00 2.684771581046211608e+01
1.829186752287121749e+02 3.987846000469153385e+00 2.680974372507623826e+01
1.828821692470091591e+02 3.962027914614121293e+00 2.693471440300258024e+01
1.829623357963875208e+02 4.010101454374852992e+00 2.698743549143795306e+01
1.831056327703495299e+02 4.138869340839784527e+00 2.699646669012432554e+01
1.833067675346000556e+02 4.219607670654468734e+00 2.708910978184377072e+01
1.834129134412385724e+02 4.216030377668309015e+00 2.714910274454609507e+01
1.834938277034951852e+02 4.175331339432324818e+00 2.714794452263664226e+01
1.836772226131832042e+02 4.240558292282430308e+00 2.717871803893971361e+01
1.838563071780436360e+02 4.371232113535069352e+00 2.724262549847525250e+01
1.834464139103917546e+02 4.427369223551489874e+00 2.698582277738681512e+01
1.823430536007506362e+02 4.366012784424114557e+00 2.660278852920478698e+01
1.815214930799906199e+02 4.329653413089373792e+00 2.626096645554773801e+01
1.810023457658925565e+02 4.273413675815153745e+00 2.607746891860192306e+01
1.808726395730706145e+02 4.185300844475721149e+00 2.597635174759559007e+01
1.811616965751817929e+02 4.029967159277504152e+00 2.617802897020877140e+01
1.814605764719680963e+02 3.979430565329580283e+00 2.646679275158339095e+01
1.815837438423645267e+02 3.920390570021111909e+00 2.648539760731878800e+01
1.818822132301196461e+02 3.950357729298616061e+00 2.663277034951911659e+01
1.820197044334975374e+02 4.011420947689420480e+00 2.681233872859488798e+01
1.820356703026037906e+02 4.076486629134412176e+00 2.678710708421299458e+01
1.820194112127609571e+02 4.183966690124325538e+00 2.677410274454609507e+01
1.820913969035890148e+02 4.207028501055594560e+00 2.682447806708890425e+01
1.821699360778794414e+02 4.279160802251935181e+00 2.688586382828993493e+01
1.821089901477832598e+02 4.123856439127375317e+00 2.666068496364063023e+01
1.822212497067792754e+02 4.066751700680272030e+00 2.650321076706544687e+01
1.824891508327469012e+02 4.017138752052544781e+00 2.647050199390101000e+01
1.825188980764719702e+02 4.013312221440299865e+00 2.643870220501993984e+01
1.824063452967393744e+02 3.998269997654233965e+00 2.633441825005864345e+01
1.824495513722730493e+02 4.081060872624911795e+00 2.649420889045273242e+01
1.825974225897255394e+02 4.245557705840957041e+00 2.666301606849636485e+01
1.826182852451325402e+02 4.246246774571897475e+00 2.681295449214168514e+01
1.826530172413793025e+02 4.270261552897021140e+00 2.693858491672531130e+01
1.828065769411212784e+02 4.262285948862303719e+00 2.695999003049495713e+01
1.829728477597935807e+02 4.215106732348111507e+00 2.702855969974196526e+01
1.830891830870279193e+02 4.261846117757447594e+00 2.699242024395965345e+01
1.832879720853858885e+02 4.282049026507154466e+00 2.711177574478067243e+01
1.836748035421065026e+02 4.129500938306357227e+00 2.713700738916256228e+01
1.837012080694346707e+02 4.263971968097584053e+00 2.717417311752287290e+01
1.834857054890921972e+02 4.168792517006802534e+00 2.710938599577762176e+01
1.833638282899366629e+02 4.167531667839549314e+00 2.701008679333802576e+01
1.834512520525451578e+02 4.180550668543279613e+00 2.706038881069669344e+01
1.835639514426460153e+02 4.170155993431855279e+00 2.704820548909219013e+01
1.836582952146375760e+02 4.175712526389866674e+00 2.716295742434904881e+01
1.835670449214168514e+02 4.335444522636640485e+00 2.701936722965048077e+01
1.833826384001876590e+02 4.406961060286183063e+00 2.701567264836969429e+01
1.827005776448510517e+02 4.413177339901477758e+00 2.682721968097583698e+01
1.817029527328172662e+02 4.342012667135819903e+00 2.649582160450387036e+01
1.810003518648838963e+02 4.309641097818437849e+00 2.624920830401125826e+01
1.807056357025568900e+02 4.167839549612948780e+00 2.615863241848463616e+01
1.806118197278911452e+02 4.079404175463288595e+00 2.626285772929861650e+01
1.806708743842364413e+02 4.020862655406990172e+00 2.634366936429744399e+01
1.808551636171710015e+02 4.048058878723903575e+00 2.633786359371334740e+01
1.808581251466103765e+02 4.004588904527327742e+00 2.641210708421299458e+01
1.809552398545625067e+02 3.974255219329110744e+00 2.639205078583157515e+01
1.810123152709359715e+02 3.990822190945343628e+00 2.641652005629838129e+01
1.810896522402064193e+02 3.930081515364766798e+00 2.640721029791226826e+01
1.810555506685432761e+02 3.914790053952615700e+00 2.638642094768941959e+01
1.811188570255688433e+02 3.938027797325827084e+00 2.643471440300258024e+01
1.812075416373446046e+02 3.994839315036359473e+00 2.643593126905934909e+01
1.809789907342247375e+02 4.019411212760966023e+00 2.633994546094299949e+01
1.807979709125029331e+02 4.005996364062866633e+00 2.627433732113535214e+01
1.807924876847290534e+02 4.035465048088200390e+00 2.623269997654234231e+01
1.808718625381187053e+02 3.999457541637344793e+00 2.626266713581984646e+01
1.810372536945812669e+02 4.031623856439127351e+00 2.629402709359606050e+01
1.811446897724607084e+02 4.023780201735866591e+00 2.634997361013370920e+01
1.812569053483462369e+02 4.018282312925170352e+00 2.642887931034482918e+01
1.815149835796387379e+02 4.083567909922590111e+00 2.646557588552662565e+01
1.816426958714520197e+02 4.058614825240440815e+00 2.648904820548909100e+01
1.815390130190006914e+02 3.970472671827351530e+00 2.648681972789115591e+01
1.816346762843068348e+02 3.919833450621628135e+00 2.648915083274689053e+01
1.819821281961060322e+02 3.981043279380717781e+00 2.654558116349988239e+01
1.820623680506685389e+02 3.911975134881538807e+00 2.652641918836500068e+01
1.819234400656814330e+02 3.890848580811634871e+00 2.650413441238564261e+01
1.818615118461177644e+02 4.034424114473375234e+00 2.646302486511845942e+01
1.817326999765423352e+02 4.134427046680741569e+00 2.638168543279380884e+01
1.816416695988740457e+02 4.177134646962232800e+00 2.636689244663382681e+01
1.815459330283837573e+02 4.246583978418954075e+00 2.636466396903589171e+01
1.815201442646023793e+02 4.308306943467042238e+00 2.637541050903119810e+01
1.814682441942294133e+02 4.320153061224489832e+00 2.636476659629369124e+01
1.815740528970208914e+02 4.254735514895613413e+00 2.643289643443584325e+01
1.817885292047853625e+02 4.328055360075064861e+00 2.652806122448979664e+01
1.819117552193291090e+02 4.291153530377668446e+00 2.662243431855500830e+01
1.818586529439361925e+02 4.250527797325826640e+00 2.653033368519821877e+01
1.815651389866291368e+02 4.106585737743372988e+00 2.639457248416607982e+01
1.805646111893033208e+02 3.990924818203143154e+00 2.609381597466572700e+01
1.799787854797091313e+02 3.866379310344827402e+00 2.594459594182500695e+01
1.797857142857142776e+02 3.862933966690124343e+00 2.589332629603565650e+01
1.797478155055125626e+02 3.899645202908749830e+00 2.584985632183908066e+01
1.796833655876143609e+02 3.884353741496598733e+00 2.590715165376495577e+01
1.798831515364766460e+02 3.930242786769880148e+00 2.598208421299554161e+01
1.801114385409336194e+02 3.928483462350457422e+00 2.605540405817499305e+01
1.801539408866995018e+02 3.911901829697396415e+00 2.606263194933145755e+01
1.802445900774102654e+02 3.914408866995073843e+00 2.614301841426225792e+01
1.802210591133004982e+02 3.963875205254515421e+00 2.604714989444053330e+01
1.802513927984986992e+02 4.041021581046211786e+00 2.606059406521229249e+01
1.802278325123152740e+02 4.015408749706779190e+00 2.598378489326765362e+01
1.797520378841191757e+02 3.965473258268824797e+00 2.576708010790522962e+01
1.794730530143091585e+02 3.944786535303776542e+00 2.566977480647431520e+01
1.797688247712878251e+02 3.821897724607084434e+00 2.571581046211587918e+01
1.802018971381656058e+02 3.688995425756509405e+00 2.575365059817030300e+01
1.801158515130190096e+02 3.682456603330987566e+00 2.562675932441942450e+01
1.802277005629838129e+02 3.621422707013839837e+00 2.570230764719681105e+01
1.805471645554773659e+02 3.627433732113535036e+00 2.575614297443115319e+01
1.806897724607084115e+02 3.645657400891391120e+00 2.578084682148721640e+01
1.807471850809289151e+02 3.708421299554304440e+00 2.588347407928688781e+01
1.807745865587614276e+02 3.732040229885057681e+00 2.599608550316678546e+01
1.808053600750644989e+02 3.750381186957541857e+00 2.599225897255453788e+01
1.809700914848698119e+02 3.728492258972554652e+00 2.595501993901008575e+01
1.808510145437485335e+02 3.786051489561341743e+00 2.584670419892094628e+01
1.805161564625850303e+02 3.832937485338963057e+00 2.577070138400187815e+01
1.805129017124091035e+02 3.829169598874032410e+00 2.580509617640159448e+01
1.807359547267182620e+02 3.811136523574947255e+00 2.595839197748064819e+01
1.808981204550785833e+02 3.817220853858784846e+00 2.593676694815857431e+01
1.810696252638986721e+02 3.814963054187192171e+00 2.597344886230354177e+01
1.811008972554539014e+02 3.791417429040581766e+00 2.590165376495425775e+01
1.812091690124325680e+02 3.796622097114707994e+00 2.596201325357729317e+01
1.813230999296270340e+02 3.844065212291813083e+00 2.593950856204550703e+01
1.814508415435139455e+02 3.843493431855500742e+00 2.603704844006568209e+01
1.814299202439596570e+02 3.828759089842833863e+00 2.615578817733990036e+01
1.809248475252169897e+02 3.778515716631480004e+00 2.606480178278207660e+01
1.798670830401125897e+02 3.662253694581280694e+00 2.568619516772226063e+01
1.793361775744780573e+02 3.633840605207600216e+00 2.551589256392211880e+01
1.791248240675580519e+02 3.576985104386582126e+00 2.544191297208538671e+01
1.790650363593713337e+02 3.512872390335444628e+00 2.537139338494018403e+01
1.792291813277034862e+02 3.471821487215575708e+00 2.541593361482524216e+01
1.795702410274454621e+02 3.459022402064273916e+00 2.544028559699741976e+01
1.799938716866056723e+02 3.411696575181796920e+00 2.562564508562045518e+01
1.801514485104386551e+02 3.418162092423176368e+00 2.563092305887872513e+01
1.801780582922824294e+02 3.398721557588552766e+00 2.568881949331456838e+01
1.799654146141214994e+02 3.465414614121510528e+00 2.575517534600047043e+01
1.799545654468684006e+02 3.529102158104621356e+00 2.574714109781843874e+01
1.798687104152005531e+02 3.540713699272812764e+00 2.572819903823598509e+01
1.797981028618343942e+02 3.508400774102744535e+00 2.569128254750176055e+01
1.794225310813980627e+02 3.549803542106497733e+00 2.550038118695754008e+01
1.792298850574712503e+02 3.567572718742669569e+00 2.537599695050434079e+01
1.793331574008913947e+02 3.583743842364532028e+00 2.535300844475721149e+01
1.794390540699038183e+02 3.624501524747830050e+00 2.534988564391273869e+01
1.795485866760497231e+02 3.658221909453436727e+00 2.528307529908515150e+01
1.795035039878020200e+02 3.706163499882711765e+00 2.531355559465165328e+01
1.793850867933380187e+02 3.750996950504339456e+00 2.529084564860426809e+01
1.792909336148252351e+02 3.836617405582922746e+00 2.522146962233169276e+01
1.793296094299788876e+02 3.930448041285479643e+00 2.520009383063570141e+01
1.794234547267182620e+02 4.082966807412620192e+00 2.520345120806943484e+01
1.799132506450856113e+02 3.738989561341778067e+00 2.542650422237860752e+01
1.804529673938540952e+02 3.494780670889045204e+00 2.557465399953084528e+01
1.806674876847290534e+02 3.467364532019704626e+00 2.562060168895144230e+01
1.807734869809993086e+02 3.362567440769411053e+00 2.573844710297912286e+01
1.808763194933145542e+02 3.335121979826413341e+00 2.572753929157870090e+01
1.808764221205723572e+02 3.592452498240675585e+00 2.566946692470091662e+01
1.808481996246774486e+02 3.780905465634529783e+00 2.562866525920713201e+01
1.808441091954022966e+02 3.923000234576589307e+00 2.564820842129955381e+01
1.809137344593009686e+02 3.983081163499882837e+00 2.570035772929861650e+01
1.808182617874736025e+02 4.021771639690358668e+00 2.571129486277269649e+01
1.802202674173117600e+02 3.981878958479943886e+00 2.558682266009852313e+01
1.795299085151301881e+02 3.876773985456251292e+00 2.534163148017827893e+01
1.790892124091015774e+02 3.845018179685667281e+00 2.504481878958479868e+01
1.785821897724607084e+02 3.756406873094065180e+00 2.479260497302369259e+01
1.785434553131597397e+02 3.789496833216045246e+00 2.478653530377668446e+01
1.787987039643443552e+02 3.627081867229650314e+00 2.494106263194933248e+01
1.791776624442880461e+02 3.483506333567909952e+00 2.505794041754633028e+01
1.793702498240675709e+02 3.477436664320900928e+00 2.523536828524513353e+01
1.796998592540464585e+02 3.506230940652122818e+00 2.531732348111658482e+01
1.799976688951442725e+02 3.501715341308937468e+00 2.550623094065212371e+01
1.797887197982641396e+02 3.599079286887168827e+00 2.546476952850105491e+01
1.795858843537415055e+02 3.793455313159746822e+00 2.539209476894205864e+01
1.793220589960122027e+02 3.844710297912268260e+00 2.529549319727891188e+01
1.791585004691531822e+02 3.867728125733052025e+00 2.533220443349753737e+01
1.790530582922824294e+02 3.917546328876378325e+00 2.523966396903589171e+01
1.792345472671827338e+02 3.747639573070607355e+00 2.535558878723903220e+01
1.792990851513019095e+02 3.629926108374384341e+00 2.541352920478536248e+01
1.795387344593009686e+02 3.608154468684025229e+00 2.550064508562045518e+01
1.798624794745484508e+02 3.489018883415435202e+00 2.561277269528500966e+01
1.800553747361013279e+02 3.524718508092892222e+00 2.571831749941355838e+01
1.801099577762139461e+02 3.630615177105324776e+00 2.573234811165845670e+01
1.801627961529439403e+02 3.675536593947923869e+00 2.570361247947454686e+01
1.801901976307764528e+02 3.703597818437720068e+00 2.580431914144968175e+01
1.802073363828289985e+02 3.797091250293220810e+00 2.571836148252404541e+01
1.801421387520525457e+02 3.866262022050199310e+00 2.566782488857612066e+01
1.802130102040816269e+02 3.823950269763077614e+00 2.564738740323715760e+01
1.803428336851982294e+02 3.793264719680975894e+00 2.573926812104151907e+01
1.804127081867229663e+02 3.741701853155054991e+00 2.578917429040581766e+01
1.803160039878020200e+02 3.709022402064273916e+00 2.580958245367112269e+01
1.804630835092657719e+02 3.767050785831573823e+00 2.578858784893267497e+01
1.805986687778559769e+02 3.730060989913206448e+00 2.584391860192352652e+01
1.806793484635233540e+02 3.720868519821721954e+00 2.584642563922120573e+01
1.808333773164438298e+02 3.784746657283603266e+00 2.584912326999765497e+01
1.810882007975604040e+02 3.843361482524044082e+00 2.593695754163734435e+01
1.812660538353272273e+02 3.827292986159981147e+00 2.602608198451794408e+01
1.811779410039877973e+02 3.765995191179920099e+00 2.594793865822190782e+01
1.804718508092892364e+02 3.639734342012667323e+00 2.564584799437016116e+01
1.794904703260614554e+02 3.640643326296035820e+00 2.533312807881773310e+01
1.788474225897255394e+02 3.542194463992493603e+00 2.505678219563687392e+01
1.786979533192587439e+02 3.511113065916021458e+00 2.490869106263194865e+01
1.786280201735866626e+02 3.556034482758620552e+00 2.505902533427163803e+01
1.786121569317382125e+02 3.598287590898428423e+00 2.521874266948158549e+01
1.785181796856673770e+02 3.569082805536007541e+00 2.531286652592071462e+01
1.785794774806474265e+02 3.554011259676284507e+00 2.548831515364766531e+01
1.788221909453436638e+02 3.634602979122683486e+00 2.549231761670185392e+01
1.789094387755102105e+02 3.646493079990616781e+00 2.543318965517241281e+01
1.788783720384705589e+02 3.556767534600047131e+00 2.535573539760731876e+01
1.789501817968566684e+02 3.551900070372976614e+00 2.543909805301430893e+01
1.790972759793572493e+02 3.617156345296739239e+00 2.537533720384705660e+01
1.791214960121979800e+02 3.607919892094769043e+00 2.531267593244194103e+01
1.789263576120103210e+02 3.512403237156931812e+00 2.527180096176401491e+01
1.789215927750410629e+02 3.517050785831573823e+00 2.527307647196809626e+01
1.792722407928688710e+02 3.537092423176166900e+00 2.530898135116115455e+01
1.793011963406052018e+02 3.486907694112127754e+00 2.530761787473610269e+01
1.793860544217687050e+02 3.556782195636875255e+00 2.533899249354914218e+01
1.797767857142857224e+02 3.499882711705371907e+00 2.555763253577292815e+01
1.800292047853624240e+02 3.522094182500586257e+00 2.558368519821721776e+01
1.802412326999765355e+02 3.494135585268590027e+00 2.566921768707483054e+01
1.804392300023457665e+02 3.501187543983110384e+00 2.575074771287825470e+01
1.805167575650949914e+02 3.529937837203847018e+00 2.577813452967393815e+01
1.804195109078114001e+02 3.550844475721322890e+00 2.576823832981468598e+01
1.804273105794041783e+02 3.639147900539525970e+00 2.576903002580342417e+01
1.804541549378372167e+02 3.718214872155758854e+00 2.582883239502697492e+01
1.804605911330049253e+02 3.710767065446868518e+00 2.578128665259207253e+01
1.803205635702557004e+02 3.763414848698099835e+00 2.581109254046446111e+01
1.803135555946516604e+02 3.847745132535772772e+00 2.576963112831339586e+01
1.803575826882477031e+02 3.866452615528970238e+00 2.585617522871217489e+01
1.803887373915083288e+02 3.937500000000000000e+00 2.591157928688716794e+01
1.803443144499179027e+02 3.928028970208773174e+00 2.593940593478770751e+01
1.804656931738212506e+02 3.990792868871686494e+00 2.595112010321370022e+01
1.808573920947689544e+02 4.038573187895847738e+00 2.599942821956368633e+01
1.810775275627492249e+02 4.089974783016654847e+00 2.606462585034013557e+01
1.811257183908045931e+02 4.059861013370865912e+00 2.601740265071545721e+01
1.814483491672530988e+02 4.066253225428102525e+00 2.608997478301665396e+01
1.814129574243490595e+02 4.008723316912972123e+00 2.610234869809993086e+01
1.805773956134177922e+02 3.878679920243959689e+00 2.585402005629838129e+01
1.795967481820314333e+02 3.833714520290874894e+00 2.557941883650011761e+01
1.792710239268120915e+02 3.751744663382594602e+00 2.545478536242082868e+01
1.789363271170537075e+02 3.753679920243959689e+00 2.543445050433966514e+01
1.787722847759793581e+02 3.737024982406755846e+00 2.535294980060989900e+01
1.787532547501759268e+02 3.805799906169364366e+00 2.534749589490968802e+01
1.787764338494018261e+02 3.883606028618344030e+00 2.538985163030729453e+01
1.786671798029556726e+02 3.882711705371804101e+00 2.533633884588317997e+01
1.786590429275158272e+02 3.837775627492376440e+00 2.536881304245836333e+01
1.787312192118226619e+02 3.850398780201735871e+00 2.543110778794276428e+01
1.787794980060990042e+02 3.902489444053483414e+00 2.548032488857612066e+01
1.787601894205958217e+02 3.927002697630776584e+00 2.549978008444757194e+01
1.787346205723668788e+02 3.921900656814449881e+00 2.549541109547267226e+01
1.786507447806708910e+02 3.902489444053483414e+00 2.543018414262256499e+01
1.784627169833450751e+02 3.852040816326530503e+00 2.536862244897959329e+01
1.783221323011963477e+02 3.752990851513018811e+00 2.536212760966455448e+01
1.784434670419892086e+02 3.716748768472906583e+00 2.541842599108608880e+01
1.785796094299788876e+02 3.793675228712174441e+00 2.548844710297912286e+01
1.787054597701149419e+02 3.788661154116819141e+00 2.556301313628899763e+01
1.787371129486277255e+02 3.813775510204081787e+00 2.555370337790288460e+01
1.792253987802017434e+02 3.642945109078114196e+00 2.556386347642505186e+01
1.795617083040112618e+02 3.627976190476190688e+00 2.550450093830635723e+01
1.797236247947454899e+02 3.581808585503166942e+00 2.544617933380248687e+01
1.797837643678161044e+02 3.575181796856673699e+00 2.538181738212526284e+01
1.799200093830635581e+02 3.554363124560168785e+00 2.541185784658691205e+01
1.797492669481585779e+02 3.605530143091719264e+00 2.537379779498006016e+01
1.796229034717335082e+02 3.738960239268120933e+00 2.538463230119634062e+01
1.796187104152005531e+02 3.818672296504808994e+00 2.541967217921651567e+01
1.795601982172179305e+02 3.827014426460239260e+00 2.546944639924935316e+01
1.795610338963171557e+02 3.855882007975603987e+00 2.538061517710532655e+01
1.796556708890452683e+02 3.834242317616701978e+00 2.548220150129017014e+01
1.796979533192587439e+02 3.798058878723903575e+00 2.550378254750176055e+01
1.796386347642505257e+02 3.728726835561810837e+00 2.562045507858315574e+01
1.797393414262256499e+02 3.704404175463288595e+00 2.577523164438188985e+01
1.799307852451325402e+02 3.721088435374149572e+00 2.585563277034951923e+01
1.800341748768472883e+02 3.732758620689655249e+00 2.580792575650950127e+01
1.800131069669247097e+02 3.714109781843772051e+00 2.585116115411682003e+01
1.800235749472202542e+02 3.715399953084681961e+00 2.584855148956134130e+01
1.801839666901243220e+02 3.700812221440300309e+00 2.594669247009148449e+01
1.801272577996715825e+02 3.679216514191883558e+00 2.589977715224020471e+01
1.795022724607084115e+02 3.612362186253812002e+00 2.563143619516772276e+01
1.784503577292986165e+02 3.679040581749941197e+00 2.519123856439127351e+01
1.780362714051137800e+02 3.735001759324419357e+00 2.496642622566267988e+01
1.777762139338493910e+02 3.594783603096411095e+00 2.489705019939010100e+01
1.775407283603096289e+02 3.575284424114473225e+00 2.483720384705606321e+01
1.774555477363359159e+02 3.636640863241848542e+00 2.478222495894909727e+01
1.776144147314097950e+02 3.680330752990851551e+00 2.490294393619516811e+01
1.780182383298146931e+02 3.670053366174055753e+00 2.503633004926108541e+01
1.781119516772226063e+02 3.648457658925639002e+00 2.497800844475721149e+01
1.779755160684963755e+02 3.739957189772460833e+00 2.498915083274689053e+01
1.781878372038470673e+02 3.598082336382828927e+00 2.515957072484166090e+01
1.786076999765423352e+02 3.520525451559934460e+00 2.537740441003987968e+01
1.786225516068496404e+02 3.391596293689889574e+00 2.529824947220267362e+01
1.784644030025803545e+02 3.309626436781609282e+00 2.524785948862303542e+01
1.783787239033544552e+02 3.339212409101571577e+00 2.514461646727656685e+01
1.784032224958949087e+02 3.371965165376495488e+00 2.514779791226835570e+01
1.785747712878254845e+02 3.417854210649777347e+00 2.516901243255923148e+01
1.785434992962702268e+02 3.423572015012901648e+00 2.509642563922120573e+01
1.785626905934787771e+02 3.452776800375322530e+00 2.510805184142622437e+01
1.786977773868167958e+02 3.490279732582688421e+00 2.516452615528970327e+01
1.788730647431386274e+02 3.453363241848463439e+00 2.521859605911329894e+01
1.789265042223786111e+02 3.465341308937368137e+00 2.523919481585737756e+01
1.789171211588083565e+02 3.555110837438423488e+00 2.518565270935960498e+01
1.789334682148721640e+02 3.548146844944874534e+00 2.515889631714754771e+01
1.791109400656814330e+02 3.553996598639455939e+00 2.522869751348815370e+01
1.790119047619047592e+02 3.636538235984048573e+00 2.533195519587145128e+01
1.789021522402064193e+02 3.738007271874266735e+00 2.537274220032840688e+01
1.789198481116584674e+02 3.809039995308468374e+00 2.533886054421768819e+01
1.789021082570959322e+02 3.812646610368285227e+00 2.540231351161154194e+01
1.789502697630776424e+02 3.870381773399014680e+00 2.532908163265306101e+01
1.791466836734693970e+02 3.675609899132066705e+00 2.536560227539291645e+01
1.796449096880131435e+02 3.530201735866760338e+00 2.546425639221205728e+01
1.799074302134646928e+02 3.494355500821018090e+00 2.562068965517241281e+01
1.800062602627257888e+02 3.445519587145203122e+00 2.567931914144968175e+01
1.800224900304949642e+02 3.415962936898897517e+00 2.566191649073422454e+01
1.798416754632887660e+02 3.443217804363124745e+00 2.563020466807412490e+01
1.790292341074360820e+02 3.579154937837203843e+00 2.529720853858784935e+01
1.781305858550316543e+02 3.539496833216045246e+00 2.501180213464696322e+01
1.778005219329110957e+02 3.439449917898193654e+00 2.486142387989678681e+01
1.777525510204081627e+02 3.505277973258268620e+00 2.477284189537884274e+01
1.777666695988740457e+02 3.485338963171475513e+00 2.487542517006802711e+01
1.777986306591602101e+02 3.512579169598874174e+00 2.492594710297912286e+01
1.779983726249120366e+02 3.550903119868637159e+00 2.511378430682617946e+01
1.781284160215810459e+02 3.641156462585033893e+00 2.519134119164907304e+01
1.782369516772226063e+02 3.605999296270232080e+00 2.521680741262021996e+01
1.782876055594651632e+02 3.639250527797325940e+00 2.519222085385878529e+01
1.781962966220971225e+02 3.680477363359136778e+00 2.519664848698100101e+01
1.780340136054421691e+02 3.719021229181327826e+00 2.517179802955665124e+01
1.777875029322073601e+02 3.789643443584330473e+00 2.504832277738681512e+01
1.775276653764954347e+02 3.759793572601454414e+00 2.491031843771991561e+01
1.776619164907342281e+02 3.737010321369927279e+00 2.495563570255688646e+01
1.779722613183204203e+02 3.694082805536007541e+00 2.504266361717100509e+01
1.780824243490499725e+02 3.686063218390804419e+00 2.503196106028618217e+01
1.780547003284072218e+02 3.642344006568144721e+00 2.504936371100164294e+01
1.781585004691531822e+02 3.730075650950035016e+00 2.506745543044804236e+01
1.782601454374853347e+02 3.736907694112127754e+00 2.518153295801079139e+01
1.783049788881069730e+02 3.750249237626084753e+00 2.520496129486277326e+01
1.784580694346704206e+02 3.818496364062866633e+00 2.528926225662678817e+01
1.786782782078348646e+02 3.830752990851513218e+00 2.536467863007271717e+01
1.786686459066385169e+02 3.783251231527093417e+00 2.544664848698100101e+01
1.787776653764954347e+02 3.804407107670654486e+00 2.532493255923058939e+01
1.789680682617874652e+02 3.889441121276096425e+00 2.532298264133239485e+01
1.791694376026272550e+02 3.889558409570724962e+00 2.544808526859019437e+01
1.792695724841660763e+02 3.867171006333567806e+00 2.533751172882946179e+01
1.793011083743842278e+02 3.889235866760497373e+00 2.551260849167253042e+01
1.792562456016889598e+02 3.997918132770349686e+00 2.547179216514192035e+01
