2.550000000000000000e+02 3.208551475624646088e+01 1.008039995235117203e+02
2.550000000000000000e+02 3.209091247505881483e+01 1.008131495875398258e+02
2.550000000000000000e+02 3.210205783376515143e+01 1.008278239375800354e+02
2.550000000000000000e+02 3.209106882277613693e+01 1.007455999285267580e+02
2.550000000000000000e+02 3.221686917418625029e+01 1.005652118883826205e+02
2.550000000000000000e+02 3.252907323029274522e+01 1.004448241460436577e+02
2.550000000000000000e+02 3.297901218023169179e+01 9.988304446231275335e+01
2.550000000000000000e+02 3.321454629381458545e+01 9.979178206617231695e+01
2.550000000000000000e+02 3.343147502903600810e+01 9.975780994073676311e+01
2.550000000000000000e+02 3.360452217159534172e+01 9.971453140355579592e+01
2.549999925548706017e+02 3.367152833616248131e+01 9.977461359778432382e+01
2.550000000000000000e+02 3.377366806635099294e+01 9.976626760773102376e+01
2.549999851097412034e+02 3.379575032014056291e+01 9.980151285029333508e+01
2.549999776646118050e+02 3.384937014205306838e+01 9.980432710920516115e+01
2.550000000000000000e+02 3.389209029452931787e+01 9.981979808809077781e+01
2.549999702194824067e+02 3.389542571249888425e+01 9.986762559933291072e+01
2.549999851097412034e+02 3.399655290508948724e+01 9.988776467435003781e+01
2.549999851097412034e+02 3.405994818189940077e+01 9.997099377587181834e+01
2.550000000000000000e+02 3.379488668513058514e+01 9.978383811310641249e+01
2.550000000000000000e+02 3.301559010095595426e+01 9.921267756633609736e+01
2.549999329938354435e+02 3.249006819738526985e+01 9.877971351142082312e+01
2.549999404389648419e+02 3.211269692367253015e+01 9.836252568569641141e+01
2.549999627743530084e+02 3.202584948926412522e+01 9.831107239643824869e+01
2.549995905178832061e+02 3.202984007862056615e+01 9.836430507162214099e+01
2.549998362071532938e+02 3.212897942166235055e+01 9.845698204234790296e+01
2.549998510974120620e+02 3.221700318651538453e+01 9.853674171357097578e+01
2.549998362071532938e+02 3.227083891718037734e+01 9.853150778760534934e+01
2.549997989815063022e+02 3.226320765954912417e+01 9.860769379671818058e+01
2.549998362071532938e+02 3.231950028291491606e+01 9.867181869620894474e+01
2.549999255487060452e+02 3.238615652640042697e+01 9.881145209803746354e+01
2.549999329938354435e+02 3.242088060990499798e+01 9.882577652699603732e+01
2.549996649691771609e+02 3.240052562613538356e+01 9.881361118556240797e+01
2.549999627743530084e+02 3.234439679561630498e+01 9.883705589803150815e+01
2.549998734328002570e+02 3.234256529378480849e+01 9.889725721433038075e+01
2.549999925548706017e+02 3.239437594925399821e+01 9.895299889812085326e+01
2.549998213168944972e+02 3.245428690550641448e+01 9.904626403406891200e+01
2.549999925548706017e+02 3.255685845319991500e+01 9.913801036362012553e+01
2.549998659876708587e+02 3.268951576878406229e+01 9.913650644748206275e+01
2.549999702194824067e+02 3.278953363709461399e+01 9.918576342356830366e+01
2.549999329938354435e+02 3.294819678966020149e+01 9.930042586140146454e+01
2.549999255487060452e+02 3.305335179725423700e+01 9.938357306649989198e+01
2.549999776646118050e+02 3.317767056791446834e+01 9.949726019238214292e+01
2.549999776646118050e+02 3.330292742487864643e+01 9.942706751243336782e+01
2.549998510974120620e+02 3.335112719259061009e+01 9.943052205247327890e+01
2.549999329938354435e+02 3.346371988445159218e+01 9.942971053336907516e+01
2.549999776646118050e+02 3.356031299323981898e+01 9.947106078203638901e+01
2.549999776646118050e+02 3.368974656779534627e+01 9.945464427171744148e+01
2.549999851097412034e+02 3.389778581851752648e+01 9.939850055093957337e+01
2.549999925548706017e+02 3.400202507519581019e+01 9.947200631346973410e+01
2.549999925548706017e+02 3.411679918996992456e+01 9.940799309091991631e+01
2.549999925548706017e+02 3.408804610024122184e+01 9.933001280562255886e+01
2.549999032133178503e+02 3.353779147681586892e+01 9.886015068941898676e+01
2.549998957681884519e+02 3.297044283629649186e+01 9.836222043539116555e+01
2.549999106584472486e+02 3.254956222639149388e+01 9.804828166413531676e+01
2.549996724143065592e+02 3.240565532028946905e+01 9.783917031478007686e+01
2.549999627743530084e+02 3.236402215670508298e+01 9.779951755561511106e+01
2.549998436522826637e+02 3.244807766758986389e+01 9.798210190893117044e+01
2.549999255487060452e+02 3.241405342624855024e+01 9.805009083057863961e+01
2.549999776646118050e+02 3.242889901426487143e+01 9.817238452604306076e+01
2.549996426337889659e+02 3.245558235802138114e+01 9.826381071503023179e+01
2.549996575240477625e+02 3.258671342207927779e+01 9.851872450043181573e+01
2.549997840912475056e+02 3.269687900175705408e+01 9.850690908007980795e+01
2.549993820542601100e+02 3.269059531254653450e+01 9.854458143482533217e+01
2.549995830727538078e+02 3.270698204234789586e+01 9.861035915304208288e+01
2.549998510974120620e+02 3.265739748056821412e+01 9.867961374668691121e+01
2.549999181035766469e+02 3.256722951844903235e+01 9.871293070073558340e+01
2.549999478840942118e+02 3.262409541677834568e+01 9.870518776616337675e+01
2.549999776646118050e+02 3.274323982250811582e+01 9.862673843771405302e+01
2.549999181035766469e+02 3.287717770034843312e+01 9.872912385717263817e+01
2.549999478840942118e+02 3.298719437743827854e+01 9.875180916644330864e+01
2.549998064266357005e+02 3.313670002084636224e+01 9.881572560231096247e+01
2.549998213168944972e+02 3.324187736382858560e+01 9.889069061020281026e+01
2.549998808779296553e+02 3.334339170314780176e+01 9.893502635575806892e+01
2.549999627743530084e+02 3.344157062449745155e+01 9.896094285118675771e+01
2.549997468656005140e+02 3.352191101581345833e+01 9.890289317728341700e+01
2.549995309568480195e+02 3.362564400369278417e+01 9.879149170612585351e+01
2.549992852675779602e+02 3.381592662080466738e+01 9.882155513862831242e+01
2.549997766461181072e+02 3.386496768813842095e+01 9.903830519074421090e+01
2.549999702194824067e+02 3.389708597635426912e+01 9.921271479198308896e+01
2.549996575240477625e+02 3.401316298877274136e+01 9.925670806158611015e+01
2.549996873045653558e+02 3.422627981774323302e+01 9.935594419131004429e+01
2.549999181035766469e+02 3.434135918282260036e+01 9.941195389975877106e+01
2.549999329938354435e+02 3.432069150361833465e+01 9.949318026147294347e+01
2.550000000000000000e+02 3.449505643408082278e+01 9.961371690639983001e+01
2.550000000000000000e+02 3.450635069537508315e+01 9.951562732660293875e+01
2.550000000000000000e+02 3.413792846719675822e+01 9.915261026236636610e+01
2.549999032133178503e+02 3.327191101581345833e+01 9.856688704249680200e+01
2.549997394204711156e+02 3.274203371154590769e+01 9.815887161618869072e+01
2.549996500789183642e+02 3.257211352333303722e+01 9.784889365377169668e+01
2.549996128532714010e+02 3.249927037731915647e+01 9.787620238839751607e+01
2.549995458471068162e+02 3.258467345662467807e+01 9.789474820572381475e+01
2.549998585425414603e+02 3.267849697727746161e+01 9.805398463325292369e+01
2.549998734328002570e+02 3.261659817147621965e+01 9.823183388427290197e+01
2.549998436522826637e+02 3.262724470651299669e+01 9.833759939247744342e+01
2.549998064266357005e+02 3.276021471753178815e+01 9.849889067571994872e+01
2.549997989815063022e+02 3.288453348819202660e+01 9.869667798326334207e+01
2.549995309568480195e+02 3.290863337204800843e+01 9.877718216742607638e+01
2.549996202984007994e+02 3.282807707197951430e+01 9.865424819083355601e+01
2.549998510974120620e+02 3.285188659578903270e+01 9.859595282766014179e+01
2.549999329938354435e+02 3.285417225051371304e+01 9.861067184847672706e+01
2.549997245302123474e+02 3.291937669376693520e+01 9.850454897406116572e+01
2.549999329938354435e+02 3.290941511063462599e+01 9.857974478096429038e+01
2.549998213168944972e+02 3.293626969236725444e+01 9.865424819083355601e+01
2.549999702194824067e+02 3.294252360106018784e+01 9.881187647041305411e+01
2.549997543107299123e+02 3.298093302361595391e+01 9.892991899699217129e+01
2.549999181035766469e+02 3.297161172161172260e+01 9.915510438071413546e+01
2.549999553292236101e+02 3.308623693379790609e+01 9.922371869323089300e+01
2.549999478840942118e+02 3.326734715149349597e+01 9.924523511718633983e+01
2.549999478840942118e+02 3.341019684922123645e+01 9.922360701628994661e+01
2.549999851097412034e+02 3.343982101908931526e+01 9.922595223204979220e+01
2.550000000000000000e+02 3.348919711724590087e+01 9.922592245153221313e+01
2.549999925548706017e+02 3.355692545936448568e+01 9.932629024092439352e+01
2.549999553292236101e+02 3.371307960332350717e+01 9.919279907084785464e+01
2.549999553292236101e+02 3.379177462104291152e+01 9.913704994192798381e+01
2.549997170850829491e+02 3.395360939873135209e+01 9.917919681944071897e+01
2.549999925548706017e+02 3.395149498198278337e+01 9.917991155186277297e+01
2.550000000000000000e+02 3.366103814884302636e+01 9.889049703683849657e+01
2.549997468656005140e+02 3.297377825426605824e+01 9.838343905417076485e+01
2.549998510974120620e+02 3.242125286637481452e+01 9.802460615265493971e+01
2.549998808779296553e+02 3.221585663658834164e+01 9.777564102564102200e+01
2.549989502367551211e+02 3.210662914321451211e+01 9.770795735429881290e+01
2.549991735906370138e+02 3.218454986747669722e+01 9.778586318830221558e+01
2.549996798594359575e+02 3.222795497185740743e+01 9.788824860776080072e+01
2.549995681824950111e+02 3.228824562970904566e+01 9.806361118556240797e+01
2.549997543107299123e+02 3.243081241251972813e+01 9.816677834360761778e+01
2.549998362071532938e+02 3.256286667262276779e+01 9.834144852437535178e+01
2.549999032133178503e+02 3.269658119658119944e+01 9.843370856785490730e+01
2.549998883230590536e+02 3.272235623455135567e+01 9.847437386461776043e+01
2.549995830727538078e+02 3.273362816045742818e+01 9.840849935971887419e+01
2.549995235117186212e+02 3.271440483635605290e+01 9.827786711933053709e+01
2.549992257065427737e+02 3.264389201584323530e+01 9.825543494445933845e+01
2.549991438101194206e+02 3.267434259507430028e+01 9.824708150927662587e+01
2.549996351886595676e+02 3.270138330504184410e+01 9.834928824562970817e+01
2.549994267250364715e+02 3.273621906548736149e+01 9.844359569969326174e+01
2.549996724143065592e+02 3.278129932398225321e+01 9.844029750737067275e+01
2.549998957681884519e+02 3.289667649423746809e+01 9.857644658864171561e+01
2.549999702194824067e+02 3.305851871705529987e+01 9.867671759135173204e+01
2.549999553292236101e+02 3.315532028946662990e+01 9.873053098662855120e+01
2.550000000000000000e+02 3.322863992376187525e+01 9.873684445635664986e+01
2.549998957681884519e+02 3.332302182911939070e+01 9.863081836862325247e+01
2.550000000000000000e+02 3.342923404508770346e+01 9.871185115697311119e+01
2.549999255487060452e+02 3.347388993120700462e+01 9.879382203162691667e+01
2.549999925548706017e+02 3.347799219750439192e+01 9.882145090681676436e+01
2.549998957681884519e+02 3.344763095982607837e+01 9.879442508710801008e+01
2.549999627743530084e+02 3.343871169480925687e+01 9.883288662556955728e+01
2.549999627743530084e+02 3.338709461270436663e+01 9.876685577295333474e+01
2.549998510974120620e+02 3.293378301914887629e+01 9.838946960898179839e+01
2.549994341701658698e+02 3.235876589535126158e+01 9.796453140355579592e+01
2.549984737484737423e+02 3.191517019565799984e+01 9.767308436820631812e+01
2.549994639506834631e+02 3.172179784984663087e+01 9.750690163495040963e+01
2.549981759432978947e+02 3.167600285892968870e+01 9.750294827124095320e+01
2.549980940468745416e+02 3.174198159564013366e+01 9.764391435123143026e+01
2.549986226510616802e+02 3.189590220078024885e+01 9.756716995741385290e+01
2.549986375413204769e+02 3.194763840495547669e+01 9.745150987224157291e+01
2.549989130111081295e+02 3.202651955090979641e+01 9.746415914708597938e+01
2.549985705351558920e+02 3.214740611691831162e+01 9.762015694332767168e+01
2.549987938890377848e+02 3.226188242651657134e+01 9.770525477232794742e+01
2.549986524315792735e+02 3.238451115280383874e+01 9.782317817683671990e+01
2.549993150480955251e+02 3.235128354030793218e+01 9.782903749367163471e+01
2.549985035289913355e+02 3.226763751153995230e+01 9.775615712201077656e+01
2.549985556448970954e+02 3.228266922779118175e+01 9.772705411120045937e+01
2.549983546264033976e+02 3.230783376515083916e+01 9.776219512195122263e+01
2.549989055659787311e+02 3.220215759849906334e+01 9.792746210429137932e+01
2.549992629321897653e+02 3.223578724798237261e+01 9.798330801989338568e+01
2.549994118347776748e+02 3.227695136841478529e+01 9.810039756990975945e+01
2.549996351886595676e+02 3.238182346109175569e+01 9.822840912475058417e+01
2.549998436522826637e+02 3.250557640191786390e+01 9.833843324696982791e+01
2.549995905178832061e+02 3.267465529050895157e+01 9.838506953750855644e+01
2.549994490604246664e+02 3.279939098841537515e+01 9.842439471098008141e+01
2.550000000000000000e+02 3.290086810208761392e+01 9.837577801602192551e+01
2.549995532922362145e+02 3.295037076744393545e+01 9.844343190684654132e+01
2.549990172429196775e+02 3.300945531433336555e+01 9.841951815122547487e+01
2.549989874624020842e+02 3.299269632806218056e+01 9.848703802972096355e+01
2.549994937312010563e+02 3.307311117067214923e+01 9.855107358765894787e+01
2.549990916942136323e+02 3.315379403794037927e+01 9.862027606539801639e+01
2.549996426337889659e+02 3.323611483367580632e+01 9.873277941570624705e+01
2.549993299383543217e+02 3.336212364870901581e+01 9.883381726674409151e+01
2.549990768039548641e+02 3.351940945233628355e+01 9.866455969504750101e+01
2.549984737484737423e+02 3.306413978974954659e+01 9.810242264510557675e+01
2.549962774353018347e+02 3.264812829446975684e+01 9.761084308645284580e+01
2.549971634056999790e+02 3.227504541528931981e+01 9.718183239524702799e+01
2.549953616843860686e+02 3.224993299383542933e+01 9.718614312516751852e+01
2.549939098841537941e+02 3.234712171297537253e+01 9.715572232645403972e+01
2.549947809642931702e+02 3.252847017481163761e+01 9.713509931802614972e+01
2.549948851961047183e+02 3.268186217576461416e+01 9.709441168587510163e+01
2.549944087078233395e+02 3.277027308734626132e+01 9.708663152565591759e+01
2.549944235980821361e+02 3.280824324726764019e+01 9.716492450638791922e+01
2.549970666190178292e+02 3.286184073379195070e+01 9.729166294410197224e+01
2.549973718693230751e+02 3.281440036927841675e+01 9.745393698442478581e+01
2.549975952232049679e+02 3.283853003365198475e+01 9.758393638881443621e+01
2.549973793144524734e+02 3.282353554304773979e+01 9.761525060305548607e+01
2.549981461627803014e+02 3.285161857113076422e+01 9.757482355043330813e+01
2.549957786116322609e+02 3.289777092825872984e+01 9.751824801215045113e+01
2.549970368385002644e+02 3.296226808421930343e+01 9.752540278150034680e+01
2.549971708508293773e+02 3.303092706751243668e+01 9.750029780517584754e+01
2.549959647398671905e+02 3.317586140147115970e+01 9.756138509187289287e+01
2.549945352750230825e+02 3.325027546978766679e+01 9.765570743619524308e+01
2.549958530629262441e+02 3.334316834926590900e+01 9.772980880907709889e+01
2.549962476547842414e+02 3.341984573691890859e+01 9.780994073677000245e+01
2.549967688138419817e+02 3.352684713660323723e+01 9.790654873581702589e+01
2.549964263378897442e+02 3.363856130319545201e+01 9.801464456952261628e+01
2.549984365228267791e+02 3.371525358110724113e+01 9.808590190297506695e+01
2.549978185770868606e+02 3.375957443640370315e+01 9.811601745138329989e+01
2.549975728878168013e+02 3.374550314184460831e+01 9.813120551535185143e+01
2.549992554870603669e+02 3.381033532862801394e+01 9.816491706125852090e+01
2.549991959260251804e+02 3.389590220078024885e+01 9.824321748711992086e+01
2.549983992971797875e+02 3.394345424223472918e+01 9.820072813365496245e+01
2.549978558027338522e+02 3.400313439947586147e+01 9.831886744691622937e+01
2.549977739063104991e+02 3.411924863754131820e+01 9.839669882962566305e+01
2.549989427916257227e+02 3.404079930909199447e+01 9.831142976264926858e+01
2.549990619136960674e+02 3.410481253164179805e+01 9.832868757259001313e+01
2.549991438101194206e+02 3.424909913934304484e+01 9.848131272521516166e+01
2.549988385598141747e+02 3.434151553053992245e+01 9.848260073260073000e+01
2.549990544685666691e+02 3.450237499627743176e+01 9.870529944310432313e+01
2.549989800172727143e+02 3.452669078888590803e+01 9.878247565442687517e+01
2.549992852675779602e+02 3.448291342803538129e+01 9.871219363292533444e+01
2.549993820542601100e+02 3.435533369069954546e+01 9.859847672652550443e+01
2.549987789987789881e+02 3.357483844069209766e+01 9.799970219482415246e+01
2.549967837041007783e+02 3.285337562166830594e+01 9.708089877602073159e+01
2.549953989100330602e+02 3.259581137020161634e+01 9.681876321510468131e+01
2.549951606658923708e+02 3.248458858214955569e+01 9.668696208940112058e+01
2.549926069865094291e+02 3.244887429643527099e+01 9.660184192501264988e+01
2.549931802614729577e+02 3.259300455641918859e+01 9.688058012448256306e+01
2.549949447571398764e+02 3.272569909765032037e+01 9.697205842937550813e+01
2.549956297090443513e+02 3.274501176330444707e+01 9.699408112212989863e+01
2.549925325352154744e+02 3.276830012805622516e+01 9.700487655975460655e+01
2.549942523601060316e+02 3.284154531105750863e+01 9.709400964888769181e+01
2.549910658447243748e+02 3.289768158670597842e+01 9.713943982846421932e+01
2.549935227374251667e+02 3.290145626730992490e+01 9.722028648857917688e+01
2.549934408410018136e+02 3.287187676821822890e+01 9.717385121653414615e+01
2.549931802614729577e+02 3.284182078084516831e+01 9.704732124244318925e+01
2.549938577682480059e+02 3.283697400160814794e+01 9.703753089728699877e+01
2.549939694451889522e+02 3.277905089490455026e+01 9.705727538044611435e+01
2.549961285327138967e+02 3.283121147145537577e+01 9.710613031954495966e+01
2.549976250037225611e+02 3.282040858870126954e+01 9.721876768218231746e+01
2.549971634056999790e+02 3.287109502963161844e+01 9.730712647785819058e+01
2.549960391911611453e+02 3.295649066380773462e+01 9.735812561422316946e+01
2.549972155216057672e+02 3.297224455761040929e+01 9.734064445040054636e+01
2.549972750826409253e+02 3.301771196283391419e+01 9.713893355966526144e+01
2.549962402096548431e+02 3.302622174573394176e+01 9.725258345990053499e+01
2.549987566633908216e+02 3.318358944578456970e+01 9.723826647607135953e+01
2.549984737484737423e+02 3.321779237023139331e+01 9.732935018910629310e+01
2.549980642663569483e+02 3.326617826617826523e+01 9.745095148753685521e+01
2.549973123082879169e+02 3.330359748652431762e+01 9.751660263855386290e+01
2.549978185770868606e+02 3.337093123678489803e+01 9.761508681020876566e+01
2.549978483576044539e+02 3.344775008189642307e+01 9.773545966228893178e+01
2.549976845647577477e+02 3.347054706810804703e+01 9.777071979511003974e+01
2.549972080764763689e+02 3.367676970725751318e+01 9.784753119509217356e+01
2.549979153637690104e+02 3.374785580273385222e+01 9.790244646951964569e+01
2.549991363649900222e+02 3.386834033175496472e+01 9.794536764048959299e+01
2.549979525894160020e+02 3.396982489055659471e+01 9.801130915155304990e+01
2.549979451442866036e+02 3.403581107239644155e+01 9.806227106227106560e+01
2.549973867595818717e+02 3.413830072366657475e+01 9.818459453825308003e+01
2.549990619136960674e+02 3.416705381339527747e+01 9.825422138836772490e+01
2.549989427916257227e+02 3.423768575597843977e+01 9.833538074391732664e+01
2.549981238273921065e+02 3.421377944548676453e+01 9.832338664045981602e+01
2.549965677953482839e+02 3.379331576282795879e+01 9.783436820631942510e+01
2.549938726585068025e+02 3.333160606331338016e+01 9.710213228505911331e+01
2.549922049495220335e+02 3.266284731528634211e+01 9.657654337532386535e+01
2.549909243872658635e+02 3.246465052562613351e+01 9.633392894368503789e+01
2.549915646683939485e+02 3.243079007713154027e+01 9.630812412519729548e+01
2.549913413145120558e+02 3.244319366270585903e+01 9.637907620834450029e+01
2.549919741505107424e+02 3.243764704130558130e+01 9.650113910479764456e+01
2.549918922540873893e+02 3.246101730248071959e+01 9.668861490812710713e+01
2.549932844932845057e+02 3.248955448345692076e+01 9.673862384228237943e+01
2.549938577682480059e+02 3.254787962714792116e+01 9.692079126835224656e+01
2.549947958545519384e+02 3.259985407546383129e+01 9.698359093481045079e+01
2.549927112183209772e+02 3.268817564549271992e+01 9.696797849846630868e+01
2.549946767324816221e+02 3.267079126835224656e+01 9.695608862682033191e+01
2.549930760296614096e+02 3.263645433157628162e+01 9.689107775693140923e+01
2.549942895857529948e+02 3.262849548825158763e+01 9.680554066529676049e+01
2.549943268113999864e+02 3.258404062062598427e+01 9.684719616426933442e+01
2.549935078471663701e+02 3.262898686679174176e+01 9.687811578665237278e+01
2.549923910777569347e+02 3.270314035557937871e+01 9.695563447392716228e+01
2.549924431936626945e+02 3.279604812531641755e+01 9.715469489859734153e+01
2.549907159236427390e+02 3.290173918222699001e+01 9.723081390154560211e+01
2.549923910777569347e+02 3.297373358348968253e+01 9.732934274397689478e+01
2.549958902885732073e+02 3.305600970844873387e+01 9.739346764346764473e+01
2.549965826856070805e+02 3.317341939902915726e+01 9.738332737722981847e+01
2.549955775931385631e+02 3.319950713243396478e+01 9.741017451383305570e+01
2.549977739063104991e+02 3.328275856934393317e+01 9.746604276482325702e+01
2.549951011048572127e+02 3.337942612942612897e+01 9.754622680842193461e+01
2.549957413859852977e+02 3.358141993507847189e+01 9.761449119985705636e+01
2.549953616843860686e+02 3.353984633252925818e+01 9.763012597158937922e+01
2.549935078471663701e+02 3.358139015456088572e+01 9.767429047916853335e+01
2.549968804907829281e+02 3.363404955478126368e+01 9.779432830042586033e+01
2.549975803329461996e+02 3.372495458471068019e+01 9.787841359182822032e+01
2.549965156794424956e+02 3.374484797045772666e+01 9.778478364453974336e+01
2.549968432651359365e+02 3.384100926174097168e+01 9.778993567408201670e+01
2.549980047053217902e+02 3.387997706900146255e+01 9.784753119509217356e+01
2.549971782959587756e+02 3.395950594121325850e+01 9.786073885464129773e+01
2.549972155216057672e+02 3.399603174603174693e+01 9.790246135977842812e+01
2.549955552577503681e+02 3.376937967181869737e+01 9.762518240567021621e+01
2.549942449149766333e+02 3.313311891360671524e+01 9.700631346972809865e+01
2.549897331665624449e+02 3.265835790226034163e+01 9.658298341225170702e+01
2.549848342714196292e+02 3.247507370678102490e+01 9.633721969087822856e+01
2.549846928139611180e+02 3.241496173203490372e+01 9.626987105035885861e+01
2.549840153071860414e+02 3.240265493314273471e+01 9.641508829923463963e+01
2.549881845796479922e+02 3.250334286309895759e+01 9.659153786592810320e+01
2.549888248607760772e+02 3.252775544238959071e+01 9.674749099139343400e+01
2.549879091098603396e+02 3.275096042169212751e+01 9.685983799398432836e+01
2.549888993120700320e+02 3.282498734328002854e+01 9.698276452544745041e+01
2.549905521307960328e+02 3.290246880490782644e+01 9.698644986449863836e+01
2.549941332380356869e+02 3.283311742458084126e+01 9.682275380446111512e+01
2.549909318323952334e+02 3.279395604395604380e+01 9.681502576014770511e+01
2.549852809791834147e+02 3.270159176866494022e+01 9.667735042735043294e+01
2.549871869323088731e+02 3.266756008219422824e+01 9.667281634354804964e+01
2.549886089520235828e+02 3.277115161261502863e+01 9.675803329461865587e+01
2.549908946067482702e+02 3.285586229488668408e+01 9.687888263498020081e+01
2.549916614550760983e+02 3.296066738139909091e+01 9.698624884600494056e+01
2.549918848089579910e+02 3.301078054736591127e+01 9.703926561243633842e+01
2.549895619285863120e+02 3.307094463801780648e+01 9.711554096310193529e+01
2.549919592602519458e+02 3.325661127490396041e+01 9.714460674826528930e+01
2.549924357485332962e+02 3.338197980880907778e+01 9.719159295988563940e+01
2.549922868459453866e+02 3.348998630096190965e+01 9.720677357872479263e+01
2.549925325352154744e+02 3.358689955031418606e+01 9.718015724113284648e+01
2.549916837904642648e+02 3.370133118913607007e+01 9.720582804729146176e+01
2.549925548706036409e+02 3.372960034545400276e+01 9.735841597426963290e+01
2.549937386461776612e+02 3.383344501027428208e+01 9.745002084636230677e+01
2.549923017362041833e+02 3.384512641829714852e+01 9.746786682152536230e+01
2.549931504809553644e+02 3.386976979659906561e+01 9.754942076893296132e+01
2.549935152922957684e+02 3.392692605497483527e+01 9.757840465767294802e+01
2.549942895857529948e+02 3.394835313737753069e+01 9.764459185800649266e+01
2.549926069865094291e+02 3.405981416957026653e+01 9.759943714821763194e+01
2.549914902170999653e+02 3.403293725244945023e+01 9.750007445129396899e+01
2.549921379433574486e+02 3.403998034485839241e+01 9.753759790345155523e+01
2.549928154501325253e+02 3.381664135322672138e+01 9.726424253253522068e+01
2.549898746240209562e+02 3.309331725185383988e+01 9.669214389946097299e+01
2.549861967300991807e+02 3.252643765448643620e+01 9.627127817981477165e+01
2.549821540248369445e+02 3.229821465797075319e+01 9.598715715179129404e+01
2.549810744810744723e+02 3.225126567199738048e+01 9.600477232794305849e+01
2.549830846660115071e+02 3.234758331099794759e+01 9.604671074183269752e+01
2.549795407844188446e+02 3.245625986479645064e+01 9.624472884838738196e+01
2.549810000297805175e+02 3.251181542035200778e+01 9.632244110902647094e+01
2.549812829446975684e+02 3.256314214241043459e+01 9.645837428154501936e+01
2.549828017510944278e+02 3.260822984603472463e+01 9.649503409869264203e+01
2.549836579409750073e+02 3.274458739092885651e+01 9.652943804163317054e+01
2.549860552726406411e+02 3.282306649989576641e+01 9.661988891866940321e+01
2.549859808213466863e+02 3.286865302718961601e+01 9.658488936537716540e+01
2.549840004169272447e+02 3.282745168111021883e+01 9.660795437624706494e+01
2.549827794157062328e+02 3.278120998242949469e+01 9.647920575359599127e+01
2.549827198546710747e+02 3.275615712201078367e+01 9.652121861877959930e+01
2.549895247029393488e+02 3.283088388576193495e+01 9.651439143512314445e+01
2.549917507966288497e+02 3.289781559903511265e+01 9.660161857113077133e+01
2.549911030703713664e+02 3.300007445129396189e+01 9.667750677506775503e+01
2.549920188212871039e+02 3.309674201137615768e+01 9.678386789362399156e+01
2.549913264242532591e+02 3.320427201524762495e+01 9.686852645998988010e+01
2.549912743083474709e+02 3.340436731290390071e+01 9.707299949373120285e+01
2.549918550284403977e+02 3.352756931415468244e+01 9.715516394174930781e+01
2.549918103576640078e+02 3.359763542690372162e+01 9.728867744721402744e+01
2.549916018940409117e+02 3.366552011673962852e+01 9.729149170612585351e+01
2.549925846511212342e+02 3.374613597784329500e+01 9.736720867208671848e+01
2.549935152922957684e+02 3.381612763929837229e+01 9.727330325501057473e+01
2.549938801036362008e+02 3.392121564072783713e+01 9.720046755412609230e+01
2.549904181184668914e+02 3.402088358795676015e+01 9.713098216146997288e+01
2.549923389618511465e+02 3.406063313380386859e+01 9.717570505375383050e+01
2.549924059680157313e+02 3.416057655082045130e+01 9.719133982548616757e+01
2.549921975043926352e+02 3.421623633818755650e+01 9.725514458441287502e+01
2.549914678817117704e+02 3.421678727776289008e+01 9.735608564876856974e+01
2.549914008755472139e+02 3.411128234908722590e+01 9.720955805711903963e+01
2.549887950802584839e+02 3.334342892879477915e+01 9.663742219839781455e+01
2.549871273712737150e+02 3.292388099705172522e+01 9.625587420709372566e+01
2.549834271419637162e+02 3.245479317430537236e+01 9.602324369397540238e+01
2.549826677387652865e+02 3.227661633759194615e+01 9.602093570386253418e+01
2.549804044194288224e+02 3.217695583549242144e+01 9.605664254444742767e+01
2.549830548854939138e+02 3.225255367938294881e+01 9.622852080169153055e+01
2.549878346585663564e+02 3.231760177491884889e+01 9.625604544506983018e+01
2.549837026117513972e+02 3.231658179219154903e+01 9.626357247088954239e+01
2.549841493195151827e+02 3.236314363143631567e+01 9.631641799934482151e+01
2.549846406980553297e+02 3.245148753685339216e+01 9.637218201852348898e+01
2.549876485303314553e+02 3.249557759313857019e+01 9.644049852586438476e+01
2.549849459483605756e+02 3.252119628339140434e+01 9.637939634890854279e+01
2.549845364662437817e+02 3.257419071443461434e+01 9.634477649721551984e+01
2.549853405402186013e+02 3.258958724202626911e+01 9.634005628517823538e+01
2.549857574674647935e+02 3.261928586318830270e+01 9.628998778998779073e+01
2.549862041752285791e+02 3.269846481431846996e+01 9.630010572083742204e+01
2.549865168706632232e+02 3.278829774561481969e+01 9.643078263200214906e+01
2.549880431221894526e+02 3.278532713898567863e+01 9.659843950087852704e+01
2.549850352899133270e+02 3.276439143512314445e+01 9.678736710444027835e+01
2.549862637362637372e+02 3.290007891837159804e+01 9.700679740313886157e+01
2.549890556597873683e+02 3.296302004228833482e+01 9.713614908127102865e+01
2.549897852824682047e+02 3.302908812055153476e+01 9.717105184788111671e+01
2.549917284612406547e+02 3.325109443402126175e+01 9.715992137943356965e+01
2.549902766610083802e+02 3.341923523630840975e+01 9.715847702433067923e+01
2.549875145180023139e+02 3.354003990589356476e+01 9.713679680752851198e+01
2.549898671788915578e+02 3.368720777867119409e+01 9.714800172727001382e+01
2.549892268977634728e+02 3.373125316417999642e+01 9.721968343309806926e+01
2.549898597337621595e+02 3.369379671818695954e+01 9.723062032818130263e+01
2.549893683552220125e+02 3.375788439203073210e+01 9.728272134369694868e+01
2.549898225081151963e+02 3.368693975401292562e+01 9.720948360582507064e+01
2.549868965722624239e+02 3.331533101045296519e+01 9.688853152267786584e+01
2.549837398373983604e+02 3.283857470442836046e+01 9.649967241430655918e+01
2.549815658596146477e+02 3.239753268411804754e+01 9.621558861193007317e+01
2.549816998719437606e+02 3.223297298907054653e+01 9.609342148366538083e+01
2.549784537955269741e+02 3.222743381279966712e+01 9.606392388099705215e+01
2.549809479138747292e+02 3.237766907888859436e+01 9.613025253878912224e+01
2.549848714970666208e+02 3.239246999612853273e+01 9.617423836326275932e+01
2.549849831740075672e+02 3.260275023079901047e+01 9.619064742845230853e+01
2.549879910062836927e+02 3.276159951159951333e+01 9.622785818517526479e+01
2.549858840346645366e+02 3.289800172727002092e+01 9.629589922272849378e+01
2.549823252628130774e+02 3.298520652788945284e+01 9.633491914589475869e+01
2.549811191518508622e+02 3.295558980315077946e+01 9.636364245510587523e+01
2.549804341999463873e+02 3.286108133059352809e+01 9.627276720569403778e+01
2.549844620149498269e+02 3.276100390124780404e+01 9.623293576342356914e+01
2.549826751838946848e+02 3.270439113731796965e+01 9.625571785937638936e+01
2.549827570803180663e+02 3.277218648560111802e+01 9.629830399952351172e+01
2.549807841210280230e+02 3.275371511956878123e+01 9.631378242353852670e+01
2.549889142023288287e+02 3.280837725959677442e+01 9.637650019357336362e+01
2.549876485303314553e+02 3.280634473927156591e+01 9.644583668364155926e+01
2.549921379433574486e+02 3.283932666249739185e+01 9.648218380535453775e+01
2.549916242294291067e+02 3.289430894308942754e+01 9.644931355906965109e+01
2.549914083206766122e+02 3.296615444176419629e+01 9.647194675243456174e+01
2.549907531492897306e+02 3.300106465350367557e+01 9.654277226838202353e+01
2.549881994699067889e+02 3.300754191607850174e+01 9.653763512909854683e+01
2.549881696893891956e+02 3.299530956848030172e+01 9.661270436880192847e+01
2.549866955537687261e+02 3.297141814824741601e+01 9.663524077548467517e+01
2.549868519014860340e+02 3.309315345900711947e+01 9.666562434855117658e+01
2.549846928139611180e+02 3.307008844813722703e+01 9.660037523452157870e+01
2.549841493195151827e+02 3.302110694183864581e+01 9.637279996426337902e+01
2.549833675809285580e+02 3.269390094999850760e+01 9.609852884243127846e+01
2.549851693022424683e+02 3.223933857470442632e+01 9.549723785699394796e+01
2.549793174305369519e+02 3.208918520503886640e+01 9.541525209208136005e+01
2.549784686857857707e+02 3.199166890020548593e+01 9.536380624795259564e+01
2.549788483873849714e+02 3.199912147473122914e+01 9.535599630721581832e+01
2.549770838917180242e+02 3.208118169093778960e+01 9.551639417493076678e+01
2.549736814675839014e+02 3.212435599630721583e+01 9.557003633223145300e+01
2.549731379731379661e+02 3.215632538193514023e+01 9.564110753744900251e+01
2.549787367104440250e+02 3.215181363352095190e+01 9.575330563745197310e+01
2.549810819262038706e+02 3.214883558176241252e+01 9.581434080824324440e+01
2.549810372554275091e+02 3.215981714762202870e+01 9.586096965365257461e+01
2.549827049644122781e+02 3.214985556448971238e+01 9.587583013192769954e+01
2.549795705649364095e+02 3.215914708597635752e+01 9.581588195002828456e+01
2.549792057535960055e+02 3.224923315167217908e+01 9.590504481967896311e+01
2.549782006611274880e+02 3.233288662556955018e+01 9.594274695494208061e+01
2.549802182911938928e+02 3.234861818398403699e+01 9.596580452068256761e+01
2.549817519878495489e+02 3.233404062062598427e+01 9.600904583221655741e+01
2.549811936031448170e+02 3.247036093987313166e+01 9.602773310700139575e+01
2.549784091247505842e+02 3.243069329044939053e+01 9.610884034664522346e+01
2.549789526191965194e+02 3.244332022990559494e+01 9.615188808481491378e+01
2.549817817683671421e+02 3.243453497721790058e+01 9.619428065159772245e+01
2.549877527621430033e+02 3.243112510795437942e+01 9.626813633520950475e+01
2.549841791000327476e+02 3.250541260907114349e+01 9.631216683045951754e+01
2.549816105303910092e+02 3.267833318443074830e+01 9.644133982548616757e+01
2.549840004169272447e+02 3.272496947496947683e+01 9.641617528812651017e+01
2.549867178891569210e+02 3.273849727508264351e+01 9.639468119955924408e+01
2.549833452455403631e+02 3.281220405610649493e+01 9.642815450132523836e+01
2.549886908484469359e+02 3.280441645075791257e+01 9.649612853271389667e+01
2.549861669495815875e+02 3.283862682033413449e+01 9.652036242889901985e+01
2.549841418743857844e+02 3.278858066053187770e+01 9.666591470859764001e+01
2.549843503380088805e+02 3.251845647577354725e+01 9.652563358051162368e+01
2.549822210310015294e+02 3.211026236635992603e+01 9.627018374579350279e+01
2.549744855415587210e+02 3.172704666607105750e+01 9.589210518478810741e+01
2.549734730039608053e+02 3.172010780547365982e+01 9.556754221388368364e+01
2.549730784121028080e+02 3.179405283063819709e+01 9.552022097144048018e+01
2.549696536525804902e+02 3.189034813425057280e+01 9.542255576401917949e+01
2.549710458917776066e+02 3.195830727538044513e+01 9.544064742845230853e+01
2.549729369546442683e+02 3.196371243932219386e+01 9.539147979391881904e+01
2.549745451025938792e+02 3.191391196879001768e+01 9.542464784537955325e+01
2.549733762172786555e+02 3.189119687900175748e+01 9.550116144018582531e+01
2.549782825575508411e+02 3.192271955686589990e+01 9.560895202358616984e+01
2.549764957264957275e+02 3.195561213853896732e+01 9.563660323416421249e+01
2.549834420322225128e+02 3.195250007445129370e+01 9.568130379105988936e+01
2.549798385895946922e+02 3.195470383275261383e+01 9.558751005092469200e+01
2.549782155513862847e+02 3.190698055332201832e+01 9.564797939188183307e+01
2.549750588165222212e+02 3.196742755889097509e+01 9.570188957384078776e+01
2.549768679829655298e+02 3.204483456922481110e+01 9.574740164984066837e+01
2.549806873343458733e+02 3.207325262813067468e+01 9.578031656690193074e+01
2.549814020667679131e+02 3.228817117841508377e+01 9.582947675630602191e+01
2.549784835760445389e+02 3.237777331070014242e+01 9.586294261294261787e+01
2.549759894576967838e+02 3.247117990410673372e+01 9.587095357217307878e+01
2.549811117067214639e+02 3.253750111676941259e+01 9.586012835403079180e+01
2.549828762023884110e+02 3.260117186336698580e+01 9.594500282914917477e+01
2.549847672652550727e+02 3.266545311057506495e+01 9.601221745733940338e+01
2.549843354477500839e+02 3.266179755204145607e+01 9.603683850025313973e+01
2.549817668781083455e+02 3.261901039340063591e+01 9.605727538044611435e+01
2.549842535513267308e+02 3.262718514547783144e+01 9.603132165937043396e+01
2.549840376425742363e+02 3.261740224545102507e+01 9.604658417463295450e+01
2.549842684415855274e+02 3.264870156943327828e+01 9.614859733762172311e+01
2.549890407695285717e+02 3.265807498734327652e+01 9.620776378093451342e+01
2.549868370112272657e+02 3.265410673337502345e+01 9.624157211352333263e+01
2.549888918669406337e+02 3.268444563566514915e+01 9.624792280889842289e+01
2.549904032282080948e+02 3.274150510735876907e+01 9.632502456892700593e+01
2.549898373983739930e+02 3.286386580898776089e+01 9.632388546412936137e+01
2.549938503231186075e+02 3.283112212990261725e+01 9.626407129455910194e+01
2.549884302689180799e+02 3.262014949819828047e+01 9.605211590577444269e+01
2.549843503380088805e+02 3.215748682212096554e+01 9.565011614401858253e+01
2.549786920396676635e+02 3.174420768932964165e+01 9.527638553858065507e+01
2.549737633640072545e+02 3.153330950891926676e+01 9.510718008278983859e+01
2.549724009053277314e+02 3.154383692188570265e+01 9.502270764465886543e+01
2.549797492480419407e+02 3.153330950891926676e+01 9.513648411209386779e+01
2.549810521456863057e+02 3.153247565442687517e+01 9.521075672295184233e+01
2.549715447154471519e+02 3.158354179695643182e+01 9.526274606152655622e+01
2.549788558325143697e+02 3.146150868102087728e+01 9.525182405670210528e+01
2.549806352184400851e+02 3.144395306590428518e+01 9.536403704696387251e+01
2.549805831025343252e+02 3.146318383513505523e+01 9.539370588760831993e+01
2.549826751838946848e+02 3.144570267131242858e+01 9.540712201078055443e+01
2.549803746389112291e+02 3.133838857619345575e+01 9.529504303284791433e+01
2.549779549718574003e+02 3.146358587212245794e+01 9.533155394740759903e+01
2.549746493344054272e+02 3.146516423955448261e+01 9.542070192679948093e+01
2.549735772357723533e+02 3.148290598290598297e+01 9.547225944786920593e+01
2.549760936895083319e+02 3.152546234253551205e+01 9.549807915661574498e+01
2.549802406265820878e+02 3.156996932606688588e+01 9.562385717263765628e+01
2.549810670359450739e+02 3.165612436344143532e+01 9.574470651299920121e+01
2.549817668781083455e+02 3.164643825009678579e+01 9.577178444861371531e+01
2.549806128830519185e+02 3.171552160576550961e+01 9.584059977962417065e+01
2.549794663331248614e+02 3.176902230560767038e+01 9.592691860984544405e+01
2.549816998719437606e+02 3.181486196730099181e+01 9.598148396319128040e+01
2.549825635069537384e+02 3.184154531105750507e+01 9.588207659549122752e+01
2.549802778522290794e+02 3.189036302450936589e+01 9.581427380207867373e+01
2.549816626462967974e+02 3.188218082730277914e+01 9.585484231215939133e+01
2.549805160963697688e+02 3.193381279966645891e+01 9.581760922004824010e+01
2.549837993984335469e+02 3.200193573364305166e+01 9.576293218976145738e+01
2.549857872479823584e+02 3.203674171357098288e+01 9.571804550463086514e+01
2.549867476696744859e+02 3.201805443878614454e+01 9.573117871288603453e+01
2.549801512850293363e+02 3.207568718544328590e+01 9.579981536079097282e+01
2.549880654575776475e+02 3.215736770005062795e+01 9.592332261234700752e+01
2.549893981357396058e+02 3.221686917418625029e+01 9.604987492182614517e+01
2.549884674945650431e+02 3.229538550880014469e+01 9.600373000982757787e+01
2.549849385032311773e+02 3.206997677119628065e+01 9.583698889186693748e+01
2.549750067006164613e+02 3.164000565829834244e+01 9.540161261502724699e+01
2.549738080347836444e+02 3.130714136811697657e+01 9.501597724768456033e+01
2.549655141606361042e+02 3.117569760862443928e+01 9.479937609815658561e+01
2.549654918252479092e+02 3.111588343905416920e+01 9.478056970130140257e+01
2.549636082075106458e+02 3.125294082611155844e+01 9.477022841656987850e+01
2.549663554602578870e+02 3.136149825783972034e+01 9.480548110426158814e+01
2.549666532654337630e+02 3.139258167306947911e+01 9.489219452634087304e+01
2.549688421334762722e+02 3.144022305607671441e+01 9.492027010929450626e+01
2.549698397808153914e+02 3.169091545311057345e+01 9.494756395366151480e+01
2.549669361803508139e+02 3.177751719824890486e+01 9.497844635039757577e+01
2.549692739509812611e+02 3.179555674677625987e+01 9.498239971410703220e+01
2.549680455046308793e+02 3.177244706512999173e+01 9.491299621787426588e+01
2.549597069597069492e+02 3.178097918341820716e+01 9.489487477292355777e+01
2.549611438696804555e+02 3.162685011465499230e+01 9.488099705172875531e+01
2.549627892432770579e+02 3.152812025373000893e+01 9.490500759403198572e+01
2.549612481014920036e+02 3.148955448345692076e+01 9.489476309598261139e+01
2.549643080496739174e+02 3.150644003692784167e+01 9.498927156853986276e+01
2.549684996575240348e+02 3.157585842341939752e+01 9.502015396527590951e+01
2.549720435391166973e+02 3.177004973346436856e+01 9.522774650823431841e+01
2.549707183060841658e+02 3.189657970755531835e+01 9.526855326245569699e+01
2.549721254355400788e+02 3.194810000297805175e+01 9.536246612466125328e+01
2.549775603799994030e+02 3.199769945501652657e+01 9.543767682182316037e+01
2.549779773072455953e+02 3.203509633997438755e+01 9.542257065427797613e+01
2.549739867178891473e+02 3.212926978170880687e+01 9.529316686024003502e+01
2.549715372703177536e+02 3.214922272849101859e+01 9.526378837964203683e+01
2.549715670508353469e+02 3.217853420292444611e+01 9.528559516364394710e+01
2.549701971470264255e+02 3.220122695732451490e+01 9.530974716340570296e+01
2.549677923702313933e+02 3.223461091753774355e+01 9.530845171089073631e+01
2.549665713690103814e+02 3.229253402424134123e+01 9.529225110932428322e+01
2.549773221358587136e+02 3.232922362190655008e+01 9.531915780696267859e+01
2.549757139879091028e+02 3.231894934333958957e+01 9.531793680574168093e+01
2.549808362369338113e+02 3.236968790017570541e+01 9.532835254176717399e+01
2.549818785550492919e+02 3.240637749784091426e+01 9.540782185294379758e+01
2.549803150778760426e+02 3.238691592959885668e+01 9.545743619524107260e+01
2.549797269126537458e+02 3.246144167485631016e+01 9.558159117305459063e+01
2.549783421185860277e+02 3.244926888829327538e+01 9.572350278447839855e+01
2.549773965871526968e+02 3.225542005420054181e+01 9.564658715268471667e+01
2.549715372703177536e+02 3.177679502069745965e+01 9.515817921915483169e+01
2.549639506834628833e+02 3.123454391137317998e+01 9.456592662080467449e+01
2.549569745972185046e+02 3.081839095863486122e+01 9.415790374936716489e+01
2.549541082224009187e+02 3.068989547038327359e+01 9.397401649840674054e+01
2.549576744393817478e+02 3.067937550254623602e+01 9.391702403287769130e+01
2.549596846243187827e+02 3.071879001757050531e+01 9.402381696893891672e+01
2.549603770213526275e+02 3.076658774829506626e+01 9.406363352095058872e+01
2.549557014800917329e+02 3.083785252687691880e+01 9.412904642782692122e+01
2.549468417761100625e+02 3.087883796420381799e+01 9.408347479079186826e+01
2.549493358944578461e+02 3.095183001280562252e+01 9.417135709818636258e+01
2.549589698918967144e+02 3.098466303344352113e+01 9.420757020757021394e+01
2.549568554751481599e+02 3.109056999910658448e+01 9.412362637362637940e+01
2.549563566514786146e+02 3.106214449507132258e+01 9.406256142231751483e+01
2.549552845528455407e+02 3.099386521337740774e+01 9.401658774829506626e+01
2.549570118228654678e+02 3.097330921111408841e+01 9.396471753179069708e+01
2.549565874504898773e+02 3.104382947675630433e+01 9.394439232853866883e+01
2.549531403555793929e+02 3.104086631525655804e+01 9.404701599213794339e+01
2.549479585455195263e+02 3.112885285446261108e+01 9.416926501682598882e+01
2.549539369844247858e+02 3.116962982816641414e+01 9.427217904047172681e+01
2.549598781976830821e+02 3.128939962476547976e+01 9.433010959230470860e+01
2.549576744393817478e+02 3.134150808541052413e+01 9.437072277316180191e+01
2.549587242026266551e+02 3.141785788737008289e+01 9.432640191786532569e+01
2.549624988832305803e+02 3.143830221269245584e+01 9.447045028142589729e+01
2.549665043628458250e+02 3.153225230054498240e+01 9.452109949670925459e+01
2.549658938622353332e+02 3.156200303761279358e+01 9.449647100866613414e+01
2.549691697191697131e+02 3.159183567110396496e+01 9.455804967390332649e+01
2.549642187081211375e+02 3.176620060156645664e+01 9.455128949641144231e+01
2.549592676970725620e+02 3.193122189463652916e+01 9.453536436463265602e+01
2.549585901902975138e+02 3.201679621191816238e+01 9.460665892373209829e+01
2.549580243604633836e+02 3.207535959974984507e+01 9.460350218886804896e+01
2.549633104023347983e+02 3.211525804818487728e+01 9.465453855088001944e+01
2.549566395663956655e+02 3.219493582298460410e+01 9.476389261145358489e+01
2.549626180053009250e+02 3.221550671550671296e+01 9.485973376217278030e+01
2.549647175317907113e+02 3.225885970398165625e+01 9.497103100151880994e+01
2.549675317907025089e+02 3.229189374311325622e+01 9.506673813990887822e+01
2.549695568658983404e+02 3.236331486941242730e+01 9.511576431698382805e+01
2.549723636796807398e+02 3.240185830429732761e+01 9.502622174573393465e+01
2.549722445576104235e+02 3.245282766014473452e+01 9.497163405699991756e+01
2.549720212037285307e+02 3.251364692218350427e+01 9.504552696625867725e+01
2.549723413442925732e+02 3.265179874326215526e+01 9.504292117096994730e+01
2.549707555317311289e+02 3.273196789660204331e+01 9.511159504452187718e+01
2.549721477709282453e+02 3.270312546532058917e+01 9.518988802525387882e+01
2.549783867893623892e+02 3.256753476875427822e+01 9.522669674498942527e+01
2.549807841210280230e+02 3.208329610768635121e+01 9.476738437714047336e+01
2.549677625897138000e+02 3.138103427737573980e+01 9.416783555198189504e+01
2.549562747550552331e+02 3.104636082075106529e+01 9.390192531046189117e+01
2.549362324667202699e+02 3.094904553441138972e+01 9.371068227165788755e+01
2.549422779117901143e+02 3.094717680693290518e+01 9.364558950534559756e+01
2.549439456207748833e+02 3.100469787664909660e+01 9.374995532922362429e+01
2.549499761755859311e+02 3.112524196670538146e+01 9.376710146222340825e+01
2.549458292385121752e+02 3.112664909616129094e+01 9.374831740075642017e+01
2.549503633223145300e+02 3.109465737514517869e+01 9.383608803120998232e+01
2.549461568242056160e+02 3.106600107209863282e+01 9.387023883975103900e+01
2.549460823729116328e+02 3.118909884153786649e+01 9.393767682182316037e+01
2.549548676255993200e+02 3.125473510229607754e+01 9.394311176628249882e+01
2.549517406712528782e+02 3.120914857500223505e+01 9.394941779088119915e+01
2.549495518032103405e+02 3.124731975341731527e+01 9.406656690193275949e+01
2.549522618303106185e+02 3.120250751958069202e+01 9.404024836951666089e+01
2.549537880818368762e+02 3.115356323892909174e+01 9.404078441883319783e+01
2.549546219363292607e+02 3.121887935912326029e+01 9.405106614252956376e+01
2.549539965454599724e+02 3.127464337830191354e+01 9.409721105452813106e+01
2.549472438130974581e+02 3.126610381488430335e+01 9.422840167962118585e+01
2.549561035170791286e+02 3.133013192769290356e+01 9.436324786324786373e+01
2.549532520325203393e+02 3.139933440543196497e+01 9.451899252509008420e+01
2.549617618154203456e+02 3.150297060662914461e+01 9.459718127401053778e+01
2.549653875934363612e+02 3.157436939754012784e+01 9.469661842222818393e+01
2.549657226242592003e+02 3.168212275529348787e+01 9.455013550135501532e+01
2.549647919830846661e+02 3.186879448464814146e+01 9.445343071562584214e+01
2.549616203579618343e+02 3.196209684624318825e+01 9.443256946305726274e+01
2.549662735638345339e+02 3.200098275708031537e+01 9.440771017600286541e+01
2.549621042913725830e+02 3.203307870990797568e+01 9.446023556389410203e+01
2.549652982518836097e+02 3.196080139372822160e+01 9.462714047470144862e+01
2.549659534232704914e+02 3.197959290032460800e+01 9.478362220435391805e+01
2.549639357932040866e+02 3.199146788171178457e+01 9.493747580332946256e+01
2.549685815539474163e+02 3.199460972631704436e+01 9.507339408558921434e+01
2.549679412728193313e+02 3.206540546174692707e+01 9.516841627207480769e+01
2.549696089818041003e+02 3.224711873492361036e+01 9.506127341493194649e+01
2.549734357783138137e+02 3.236406682748145869e+01 9.502086125256856519e+01
2.549750439262634245e+02 3.249279311474433740e+01 9.505597248280174938e+01
2.549748503528991250e+02 3.257136156526400583e+01 9.506032788349861562e+01
2.549736591321957064e+02 3.268275559129217811e+01 9.504472289228387183e+01
2.549723264540337766e+02 3.274288990142648714e+01 9.514908127103248603e+01
2.549738303701718394e+02 3.282472676375115128e+01 9.523824414068316457e+01
2.549748429077697267e+02 3.290418862979838366e+01 9.534595282766014179e+01
2.549762500372256397e+02 3.299718574108818103e+01 9.541461925608267336e+01
2.549797492480419407e+02 3.304499091694213320e+01 9.540932576908186036e+01
2.549719318621757509e+02 3.277779266803656810e+01 9.523921200750469040e+01
2.549686857857589644e+02 3.211648649453527327e+01 9.478127698859405825e+01
2.549602876797998761e+02 3.158820244795854393e+01 9.432235176747371952e+01
2.549579052383930389e+02 3.125235266088924746e+01 9.398802078680127181e+01
2.549505494505494596e+02 3.110514011733523887e+01 9.391898210190893792e+01
2.549535275023079919e+02 3.118480300187617260e+01 9.410403823818458591e+01
2.549571830608416008e+02 3.129851246314660784e+01 9.422974924804192653e+01
2.549545847106822691e+02 3.136477411477411437e+01 9.432306649989577352e+01
2.549495145775633489e+02 3.143906161589088555e+01 9.438070669168230609e+01
2.549518225676762313e+02 3.148717204205009068e+01 9.441980851127192409e+01
2.549517406712528782e+02 3.161930075344709579e+01 9.450250156347716768e+01
2.549548527353405518e+02 3.165676464456952388e+01 9.447562464635635138e+01
2.549553515590100972e+02 3.167402245451025777e+01 9.450710265344412164e+01
2.549524777390631129e+02 3.165590845468894088e+01 9.442790881205515063e+01
2.549527532088507655e+02 3.163545668423717316e+01 9.439974388754876600e+01
2.549508770362429004e+02 3.160056136275648342e+01 9.425415438220316844e+01
2.549552101015515575e+02 3.156924714851544067e+01 9.421992167723874445e+01
2.549537880818368762e+02 3.163889633401828405e+01 9.419157806962685697e+01
2.549584636230977708e+02 3.182119032728788710e+01 9.422388248607761341e+01
2.549599079782006470e+02 3.183515739003543743e+01 9.425617945739897152e+01
2.549594314899192966e+02 3.188603740433008582e+01 9.440962357425772211e+01
2.549650972333899119e+02 3.199487775097531284e+01 9.450343964978111444e+01
2.549614714553738963e+02 3.216745585038268018e+01 9.457124988832305235e+01
2.549575255367938382e+02 3.223132017034455998e+01 9.457111587599392521e+01
2.549576595491229511e+02 3.226624527234283590e+01 9.459758331099794759e+01
2.549619181631376819e+02 3.221080883885761637e+01 9.460358408529140206e+01
2.549584189523213809e+02 3.221126299175079311e+01 9.441100092319604187e+01
2.549624095416778289e+02 3.212975371511956979e+01 9.427951993805652364e+01
2.549598781976830821e+02 3.215495547812621169e+01 9.423238482384823556e+01
2.549588209893088049e+02 3.209277375740790461e+01 9.418936686619613852e+01
2.549546368265880574e+02 3.209552101015516001e+01 9.420981863664790978e+01
2.549580243604633836e+02 3.208893207063938746e+01 9.439276780130438738e+01
2.549571234998064142e+02 3.208451710890735598e+01 9.452238005896542461e+01
2.549645314035557817e+02 3.219498793889037813e+01 9.454873581702850061e+01
2.549713213615652592e+02 3.225049882366955245e+01 9.459969028261711799e+01
2.549627743530182613e+02 3.227032520325203535e+01 9.460030822835700803e+01
2.549634593049227078e+02 3.223904821465796999e+01 9.453243098365049946e+01
2.549568331397599650e+02 3.189897703922094152e+01 9.427166532654337061e+01
2.549444518895738270e+02 3.141623484916167897e+01 9.392390333243992018e+01
2.549409154531105628e+02 3.113607462997707032e+01 9.358665386104409833e+01
2.549365377170255158e+02 3.107626046040680023e+01 9.350152625152625774e+01
2.549379225110932339e+02 3.099838440692099084e+01 9.354935376276839065e+01
2.549358676553798375e+02 3.106527889454718760e+01 9.359572947377824903e+01
2.549375204741058383e+02 3.119162274040322913e+01 9.362985794693111075e+01
2.549455388784656975e+02 3.124052979540784492e+01 9.367830340391316213e+01
2.549340138181601674e+02 3.138957384079335355e+01 9.364753268411804754e+01
2.549464993001578250e+02 3.157086274159444983e+01 9.363122785074004639e+01
2.549405134161231672e+02 3.167932338664045844e+01 9.370100360344262924e+01
2.549429181929181993e+02 3.166721760624199788e+01 9.372989070550046620e+01
2.549378852854462707e+02 3.164683284195479374e+01 9.360344262783287661e+01
2.549415780696268428e+02 3.162160874355996398e+01 9.358749516066589536e+01
2.549358676553798375e+02 3.158468090175407283e+01 9.367750677506775503e+01
2.549340510438071306e+02 3.161272670419011988e+01 9.373796867089549778e+01
2.549335596652669835e+02 3.170545579082164522e+01 9.380304654694899114e+01
2.549370886566008494e+02 3.173929390392805061e+01 9.391827481461628224e+01
2.549464546293814635e+02 3.174764733911075254e+01 9.399768456475773348e+01
2.549449358229846041e+02 3.176445844128770801e+01 9.403882634980196542e+01
2.549398359093480906e+02 3.185578784359272220e+01 9.408935644301497803e+01
2.549407218797462633e+02 3.189570118228654749e+01 9.427647488013342070e+01
2.549460451472646696e+02 3.198207212841359137e+01 9.431055123738050838e+01
2.549500729622680808e+02 3.203322761249590656e+01 9.436605467703029149e+01
2.549486881682003627e+02 3.212006760177492026e+01 9.438314869412430141e+01
2.549427544000714647e+02 3.210202805324756525e+01 9.444238958873104650e+01
2.549475937341790939e+02 3.214265612436344099e+01 9.448239226897763388e+01
2.549455463235950958e+02 3.216079990470234407e+01 9.445163643944131593e+01
2.549533785997200539e+02 3.228138866553500463e+01 9.446663837517496631e+01
2.549493880103636343e+02 3.237494416152952681e+01 9.447377080913666703e+01
2.549539220941659892e+02 3.242284612406563582e+01 9.456609041365139490e+01
2.549490529795407951e+02 3.247630959826081920e+01 9.463606718484767555e+01
2.549487998451413091e+02 3.257436939754013139e+01 9.463789124154978083e+01
2.549520012507817341e+02 3.264744334256529612e+01 9.456173501295452866e+01
2.549560290657851738e+02 3.276640906518955632e+01 9.457149557759314007e+01
2.549531180201911980e+02 3.287604604068018688e+01 9.462566633908097913e+01
2.549565800053605074e+02 3.296180648619672837e+01 9.463337204800619418e+01
2.549527680991095622e+02 3.281638821882724244e+01 9.442947973435778408e+01
2.549408856725929979e+02 3.215123291342803213e+01 9.407052771077161424e+01
2.549335968909139751e+02 3.153546115131480931e+01 9.369429554185651909e+01
2.549198755174364805e+02 3.115061496768813853e+01 9.343877125584442922e+01
2.549243277048155107e+02 3.096675749724530036e+01 9.321998123827391680e+01
2.549159891598916090e+02 3.101809166443312904e+01 9.324019476458501288e+01
2.549232407159236402e+02 3.109651865749426847e+01 9.349252509008606182e+01
2.549278045802436168e+02 3.125792906280711136e+01 9.366495428690551250e+01
2.549306932904493976e+02 3.128032401203132906e+01 9.373502784478394290e+01
2.549249605408141974e+02 3.133512016438845649e+01 9.377957949909169599e+01
2.549160040501504056e+02 3.137367848953214633e+01 9.388926859048810059e+01
2.549202031031299214e+02 3.142396289347508898e+01 9.372534173143928626e+01
2.549240373447690615e+02 3.143731201048274215e+01 9.367344173441733801e+01
2.549267548169987094e+02 3.150138479406772163e+01 9.361356800381190624e+01
2.549207317073170600e+02 3.146031001518806391e+01 9.362591947348045096e+01
2.549168155692545952e+02 3.143962744572500512e+01 9.358236546651180277e+01
2.549263527800113138e+02 3.156821227552934772e+01 9.353347330176598007e+01
2.549279758182197213e+02 3.166501384794067775e+01 9.360435093361923009e+01
2.549373790166472986e+02 3.170837428154501225e+01 9.360566127639297918e+01
2.549369174186247449e+02 3.173317400756425144e+01 9.367084338425802059e+01
2.549393296405491469e+02 3.182997557997558147e+01 9.374608386193752096e+01
2.549282066172310124e+02 3.188650644748205565e+01 9.384322046517168303e+01
2.549318026147294347e+02 3.187891986062717820e+01 9.395947616069567232e+01
2.549346466541588541e+02 3.191703892313648439e+01 9.401677387652996742e+01
2.549308645284255022e+02 3.196986211620357921e+01 9.411257035647280134e+01
2.549324950117633080e+02 3.195209803746389099e+01 9.407382590309418902e+01
2.549348997885583117e+02 3.189194139194139055e+01 9.412607582119777305e+01
2.549348178921349586e+02 3.187616516275052803e+01 9.414838887399862699e+01
2.549401634950415314e+02 3.187583013192769243e+01 9.421261800530093922e+01
2.549397391226659408e+02 3.193950087852526920e+01 9.433184430745406246e+01
2.549416227404032327e+02 3.199154233300574646e+01 9.431095327436790399e+01
2.549469311176628139e+02 3.206960451472646412e+01 9.426922332410137528e+01
2.549551058697400094e+02 3.209013073647219727e+01 9.431894934333958247e+01
2.549472884838738480e+02 3.222181274010542040e+01 9.434333214211262941e+01
2.549480032162958878e+02 3.230972482801750800e+01 9.442199737931444758e+01
2.549521650436284688e+02 3.243864468864468620e+01 9.437539086929331233e+01
2.549506387921022110e+02 3.256272521516424234e+01 9.447768694719914606e+01
2.549562524196670665e+02 3.271704785729176024e+01 9.450386402215670500e+01
2.549560067303969788e+02 3.282091485750022031e+01 9.447657762291908057e+01
2.549550909794812128e+02 3.287931445248518258e+01 9.456261353822328886e+01
2.549575850978289964e+02 3.295455493016468296e+01 9.463855385806604659e+01
2.549541975639536702e+02 3.304601089966943306e+01 9.472001846392090840e+01
2.549513311891360559e+02 3.300297805175853938e+01 9.461109622085231763e+01
2.549417493076029757e+02 3.253868489234342576e+01 9.415132970011018188e+01
2.549255263706483277e+02 3.200451919354358665e+01 9.361454331576283039e+01
2.549083504571309504e+02 3.165006402811280850e+01 9.326163673724649072e+01
2.549024762500372390e+02 3.124165400994669284e+01 9.315436731290390071e+01
2.549010840108401226e+02 3.125576997528217049e+01 9.312250215908753148e+01
2.549009425533815829e+02 3.135615265493314396e+01 9.330412609071146335e+01
2.548992376187498223e+02 3.143096131510765545e+01 9.338378897525238642e+01
2.548970189701896913e+02 3.149225706542779690e+01 9.343116233360136391e+01
2.548996694362548112e+02 3.157649125941808776e+01 9.325356621698085746e+01
2.549068093153458960e+02 3.164101819589624398e+01 9.323467792370230711e+01
2.548983739837398446e+02 3.179551207599988061e+01 9.331976830757318453e+01
2.549181110217695618e+02 3.187302331814526823e+01 9.339775603799994030e+01
2.549060796926650596e+02 3.182241132850888832e+01 9.339479287650019046e+01
2.549068688763810826e+02 3.175459364483754854e+01 9.335919771285624336e+01
2.549153712141516905e+02 3.173646475475743856e+01 9.341557967777480087e+01
2.549186098454391072e+02 3.171219363292534155e+01 9.355810923493849884e+01
2.549260028589296780e+02 3.177362339557461368e+01 9.357906727418922799e+01
2.549268292682926926e+02 3.178858810566127602e+01 9.361953899758778164e+01
2.549263155543643222e+02 3.181521188838262049e+01 9.367062747550552615e+01
2.549270898478215486e+02 3.185512522707644578e+01 9.367559337681288412e+01
2.549358080943446794e+02 3.191422466422466542e+01 9.374763244885195945e+01
2.549251541141784969e+02 3.189687006760177468e+01 9.372027159832038024e+01
2.549320706393877174e+02 3.196013133208255041e+01 9.371183626671431455e+01
2.549230024717829508e+02 3.201602191846094314e+01 9.371431549480330148e+01
2.549248637541320477e+02 3.206046189582774986e+01 9.375497334643675629e+01
2.549274099883855911e+02 3.212855504928675998e+01 9.377982518836176951e+01
2.549187364126388502e+02 3.219594836058250564e+01 9.371940051818100414e+01
2.549207763780934499e+02 3.227348938324548300e+01 9.383869382649869806e+01
2.549269186098454441e+02 3.227557401947645843e+01 9.377438279877304694e+01
2.549315271449417821e+02 3.231530122993537901e+01 9.379460377021352713e+01
2.549328598231037120e+02 3.233085410524434877e+01 9.384857351320765417e+01
2.549399326960302687e+02 3.237650019357336362e+01 9.386379880282319732e+01
2.549338723607016277e+02 3.238045355728282715e+01 9.390640727835850043e+01
2.549430596503767106e+02 3.244740760594419271e+01 9.410762679055362412e+01
2.549384585604097708e+02 3.248414187438577727e+01 9.425632091485749697e+01
2.549422257958843261e+02 3.257429494624616240e+01 9.438365496292325929e+01
2.549408484469460063e+02 3.255152774055213172e+01 9.447182018523481872e+01
2.549361356800381202e+02 3.234374162422943044e+01 9.426190476190475920e+01
2.549247446320617030e+02 3.196424104350933604e+01 9.392564549271865815e+01
2.549149393966467017e+02 3.149833229101521681e+01 9.361206408767384346e+01
2.549046725632091466e+02 3.133182197206587460e+01 9.339422704666607444e+01
2.548940930343369473e+02 3.126117513922391922e+01 9.337265850680485357e+01
2.548991259418088760e+02 3.133329610768635121e+01 9.339104053128443184e+01
2.548937952291610713e+02 3.142787903153756801e+01 9.342150600077430056e+01
2.548997289972899694e+02 3.152509753119509384e+01 9.340683909586348932e+01
2.549032877691414285e+02 3.163195002829149161e+01 9.338398254861670011e+01
2.549026772685309368e+02 3.164225408737603829e+01 9.342244408707823311e+01
2.549064072783585004e+02 3.172393460198338389e+01 9.347348044909020359e+01
2.549097724768456601e+02 3.177648977039221023e+01 9.332778671193305797e+01
2.549061243634414495e+02 3.178059203668959753e+01 9.328843920307335225e+01
2.549057893326186104e+02 3.168980612883051862e+01 9.316205068644093501e+01
2.549094076655052277e+02 3.168414783048929451e+01 9.307462997706899444e+01
2.549113285088894827e+02 3.169042407457041577e+01 9.307850888948449608e+01
2.549152967628577358e+02 3.165477679502069819e+01 9.319843503380089089e+01
2.549088716161886907e+02 3.168197385270556055e+01 9.332097441853539976e+01
2.549180142350874121e+02 3.168651538163733150e+01 9.335446261056017647e+01
2.549177238750409344e+02 3.174370886566008565e+01 9.343244289585753393e+01
2.549120506864409208e+02 3.185951040829089465e+01 9.347499925548706301e+01
2.549157732511391146e+02 3.186530271896125655e+01 9.366848327823937836e+01
2.549163390809732164e+02 3.188946960898180549e+01 9.382833020637899324e+01
2.549154084397986821e+02 3.189112242770779204e+01 9.390772506626164784e+01
2.549199350784716671e+02 3.194017838530033515e+01 9.397140325798862648e+01
2.549276631227850771e+02 3.194023050120611273e+01 9.390930343369367961e+01
2.549289213496530522e+02 3.187641829715000341e+01 9.400358110723963989e+01
2.549288096727121058e+02 3.179989725721432947e+01 9.403860299592007266e+01
2.549295616307811372e+02 3.173665088299234682e+01 9.406443014979601003e+01
2.549322642127520169e+02 3.175611245123440085e+01 9.414556716995741681e+01
2.549344158551475630e+02 3.185008487447511882e+01 9.416983829178951737e+01
2.549367164001310471e+02 3.207659549122963938e+01 9.411444652908068065e+01
2.549253998034485846e+02 3.215544685666636582e+01 9.394933589445784605e+01
2.549176121981000165e+02 3.199049256976086397e+01 9.360736621102475397e+01
2.549114327407010308e+02 3.165954912296375667e+01 9.325780994073676311e+01
2.548964159147085979e+02 3.132273146907293082e+01 9.286962089401113474e+01
2.548784135918282345e+02 3.118108043717799660e+01 9.267889156913547311e+01
2.548719586646415962e+02 3.114578307870990770e+01 9.268143035825963238e+01
2.548761651627505387e+02 3.122676375115399594e+01 9.282700497334643330e+01
2.548773489383245590e+02 3.136173650198040619e+01 9.292793859257274391e+01
2.548752345215759760e+02 3.145839661693320366e+01 9.300781738586616143e+01
2.548777584204413529e+02 3.155202656422168772e+01 9.307248577980284665e+01
2.548826275350665469e+02 3.160949551803210511e+01 9.315057774204115049e+01
2.548858289407070004e+02 3.166412787754251212e+01 9.320710116441823345e+01
2.548865064474820485e+02 3.167779713511420780e+01 9.314701897018970556e+01
2.548784954882515876e+02 3.166406087137794501e+01 9.312247237856993820e+01
2.548885985288424365e+02 3.164938652133774255e+01 9.314660204294351331e+01
2.548878986866791649e+02 3.170563447392715517e+01 9.313752643020936262e+01
2.548819500282914987e+02 3.172375591887787039e+01 9.310146222341344924e+01
2.548861416361416445e+02 3.173363560558682650e+01 9.316485750022334855e+01
2.548803716608594527e+02 3.187748295065368254e+01 9.316272074808659909e+01
2.548784657077339943e+02 3.192665803031656679e+01 9.326228446350397405e+01
2.548895663956639623e+02 3.203980166175288247e+01 9.326793531671580695e+01
2.548953884868519140e+02 3.209441913100449995e+01 9.332121266267607496e+01
2.548972572143303807e+02 3.216155930790077377e+01 9.337898686679174887e+01
2.548896408469579171e+02 3.218543583787486284e+01 9.342786414127877492e+01
2.548879954733613147e+02 3.213614908127103575e+01 9.346912504839333735e+01
2.548968924029899767e+02 3.214928228952619094e+01 9.345483039995235686e+01
2.548914500134012258e+02 3.214390690610202483e+01 9.343641114982578699e+01
2.548911373179665816e+02 3.217414157658060248e+01 9.347781351439887487e+01
2.548928943685041304e+02 3.223537032073617326e+01 9.347665207421304956e+01
2.549006298579469387e+02 3.230109592304714283e+01 9.345634176121980374e+01
2.548958724202626627e+02 3.240104678519312387e+01 9.342348640519372793e+01
2.548905119270972932e+02 3.242528812650763825e+01 9.349244319366270872e+01
2.548934601983382606e+02 3.249102861907739737e+01 9.360614520980374209e+01
2.548982176360225083e+02 3.255071622144792798e+01 9.356186902528365579e+01
2.548973688912713271e+02 3.258807588075880801e+01 9.356836117811727149e+01
2.549003841686768510e+02 3.269800321629590201e+01 9.368874147532683594e+01
2.549042109651865644e+02 3.274067869799576869e+01 9.374009797790284892e+01
2.549058116680067769e+02 3.278977932636469461e+01 9.377362339557461723e+01
2.549115816432889687e+02 3.284228982399714170e+01 9.385505077578248745e+01
2.549065561809464384e+02 3.268163137675333019e+01 9.375511480389529595e+01
2.548954108222400805e+02 3.216756752732362656e+01 9.328490276661008807e+01
2.548685115697310835e+02 3.153933261860091264e+01 9.272008547008546486e+01
2.548608133059352667e+02 3.111429018136335145e+01 9.241008517228029007e+01
2.548489308794186741e+02 3.095343071562583859e+01 9.218899460972632198e+01
2.548346511212364760e+02 3.095643854790196414e+01 9.213181601596235737e+01
2.548378227463593362e+02 3.100338753387534041e+01 9.212572590011613727e+01
2.548476503171625041e+02 3.097900473510229702e+01 9.224309836504959037e+01
2.548441957771225930e+02 3.099022454510259550e+01 9.226858304297329028e+01
2.548510304059084604e+02 3.097969713213615606e+01 9.224685815539474731e+01
2.548475460853509560e+02 3.089784537955269528e+01 9.231381964918550409e+01
2.548500402036987396e+02 3.089607343875636403e+01 9.248998630096191675e+01
2.548389618511569665e+02 3.098963637988028097e+01 9.259532743679085343e+01
2.548436746180648527e+02 3.103240120313290973e+01 9.253167158045206975e+01
2.548387980583102603e+02 3.098350903838708703e+01 9.256157866523720656e+01
2.548436076119002962e+02 3.095442836296494704e+01 9.262157151791298304e+01
2.548480970249262896e+02 3.105415587122904242e+01 9.265932576908186036e+01
2.548421855921855865e+02 3.100951487536853435e+01 9.265308675064773070e+01
2.548514547782840509e+02 3.107883647517793690e+01 9.277726406384942948e+01
2.548514473331546526e+02 3.117431281455671765e+01 9.290814943863723840e+01
2.548492212394651517e+02 3.120958039250722038e+01 9.294562077488906482e+01
2.548484395008785270e+02 3.131113195747342104e+01 9.287450489889513960e+01
2.548584680901754211e+02 3.136790851424997939e+01 9.295765210399356704e+01
2.548725691652520879e+02 3.145748086601745186e+01 9.309019774263676084e+01
2.548664716042764837e+02 3.152814258911820033e+01 9.307993090919920576e+01
2.548660323416420965e+02 3.153138866553500819e+01 9.312771374966496296e+01
2.548684371184371287e+02 3.153691295154709806e+01 9.309913934304178440e+01
2.548717948717948616e+02 3.161128234908722590e+01 9.308601357991601333e+01
2.548735965931088003e+02 3.165930343369367606e+01 9.311640459811191306e+01
2.548756886744691599e+02 3.175048393341076292e+01 9.309316834926590900e+01
2.548824786324786373e+02 3.176950623901843329e+01 9.316430656064802918e+01
2.548839155424521152e+02 3.176460734387563534e+01 9.323357604455165415e+01
2.548828359986896430e+02 3.188191280264451066e+01 9.328506655945680848e+01
2.548835954018880727e+02 3.191827481461627869e+01 9.339232109354060185e+01
2.548893504869114679e+02 3.201718335864677556e+01 9.338011852645999511e+01
2.548802450936597381e+02 3.207401203132910439e+01 9.341514786026981199e+01
2.548800217397778454e+02 3.212646296792637912e+01 9.343537627683969049e+01
2.548875562107269559e+02 3.219276929033026846e+01 9.344319366270585192e+01
2.548892983710056797e+02 3.225671550671550847e+01 9.353912415497781296e+01
2.548920381786235509e+02 3.227832871735310505e+01 9.359078590785907181e+01
2.548883677298311454e+02 3.237929956222639305e+01 9.347671163524822191e+01
2.548940483635605574e+02 3.246871556627654343e+01 9.351981893445308458e+01
2.548940111379135658e+02 3.253502933380982398e+01 9.358236546651180277e+01
2.548928794782453338e+02 3.239209029452931787e+01 9.342358319187587767e+01
2.548780115548408105e+02 3.199309091992018850e+01 9.294618660472319505e+01
2.548486256291134282e+02 3.152520176300664190e+01 9.254056851008070339e+01
2.548451264182971556e+02 3.123314422704666526e+01 9.227966139551504909e+01
2.548301914887280759e+02 3.114170314780070825e+01 9.215330265940022514e+01
2.548305711903272766e+02 3.116079245957294575e+01 9.220264897703921747e+01
2.548304073974805704e+02 3.121820185234819434e+01 9.220767443938176200e+01
2.548372122457488445e+02 3.123566812591202790e+01 9.230565234223770688e+01
2.548264614789005122e+02 3.115140415140415087e+01 9.239972899728996936e+01
2.548351499449060498e+02 3.117218350754936296e+01 9.246369010393401311e+01
2.548346809017540693e+02 3.117140176896274539e+01 9.250262068554751238e+01
2.548345990053307162e+02 3.127576014771136670e+01 9.253121742755888590e+01
2.548300351410107396e+02 3.134211858602102652e+01 9.252905089490455737e+01
2.548270645343816057e+02 3.145523243693975246e+01 9.250576997528216339e+01
2.548255085023377831e+02 3.148886953155246005e+01 9.251457011822866150e+01
2.548233717502010052e+02 3.148233270794246508e+01 9.241249739420470632e+01
2.548229697132136096e+02 3.147269126537419126e+01 9.243192173679977941e+01
2.548206915036183204e+02 3.147040561064951447e+01 9.253590785907859129e+01
2.548253744900086417e+02 3.155380595014741374e+01 9.256232317817683963e+01
2.548279802852973717e+02 3.152265552875309140e+01 9.261698531820482572e+01
2.548403094195777214e+02 3.159304178206617308e+01 9.267718663450371253e+01
2.548514920039310425e+02 3.162945590994371514e+01 9.277286399237618753e+01
2.548473897376336481e+02 3.157031924714851456e+01 9.280673188600017909e+01
2.548459081568837803e+02 3.154159593793740157e+01 9.287708835879567459e+01
2.548601581345483851e+02 3.160443283004258674e+01 9.294281396110663707e+01
2.548532043836922014e+02 3.165775484677923757e+01 9.301465945978141292e+01
2.548578426993061044e+02 3.167781202537300089e+01 9.299862265106168024e+01
2.548566514786026858e+02 3.167623365794097623e+01 9.298313678191726694e+01
2.548602549212305348e+02 3.169470502397331657e+01 9.302039965454599724e+01
2.548590413651389213e+02 3.171513445903689643e+01 9.303731498853450432e+01
2.548611557818874758e+02 3.173513207659549096e+01 9.305501950623902019e+01
2.548652952738318618e+02 3.171349653056970297e+01 9.307029691176032316e+01
2.548630319544953693e+02 3.180817624110306951e+01 9.306110217695584197e+01
2.548709833526906721e+02 3.190698055332201832e+01 9.315750915750915340e+01
2.548740284106137892e+02 3.200417671759134919e+01 9.320342327049644382e+01
2.548761800530093353e+02 3.209279609279609247e+01 9.329220643854790751e+01
2.548813916435867668e+02 3.219729592900324633e+01 9.338754876559754337e+01
2.548878093451264135e+02 3.222910896691384153e+01 9.357654337532386535e+01
2.548873626373626280e+02 3.227299800470532176e+01 9.374574883111468182e+01
2.548940036927841675e+02 3.235643556985020552e+01 9.386934542422346794e+01
2.548956192858631766e+02 3.242990410673337465e+01 9.388986420083980988e+01
2.548922391971172488e+02 3.252660889246254783e+01 9.397677119628339426e+01
2.548974210071771154e+02 3.262900920217993672e+01 9.413986420083980988e+01
2.549001161440185967e+02 3.258810566127639419e+01 9.417299502665356670e+01
2.548868191429166927e+02 3.225894904553441478e+01 9.385756722951845177e+01
2.548639551505405052e+02 3.168754280949402968e+01 9.342876500193573008e+01
2.548329312963459188e+02 3.128066648798355942e+01 9.301334167187825130e+01
2.548274144554632414e+02 3.115056285178236450e+01 9.271831352928913361e+01
2.548153682360999426e+02 3.122376336400726515e+01 9.262758718246523415e+01
2.548283302063789790e+02 3.139147234878942072e+01 9.265924387265850726e+01
2.548222773161797647e+02 3.151147294439977387e+01 9.261242889901426167e+01
2.548221730843682167e+02 3.154934631763899944e+01 9.261379135769379900e+01
2.548209967539235947e+02 3.142682182316328721e+01 9.269378927305756122e+01
2.548288811459543126e+02 3.143347032371422500e+01 9.280417820661723738e+01
2.548380609905000256e+02 3.141937669376693876e+01 9.289690729324875917e+01
2.548290077131540556e+02 3.146602787456446038e+01 9.285758211977724841e+01
2.548493552517942646e+02 3.149921081628398767e+01 9.291709103904226197e+01
2.548310625688674520e+02 3.160899669436254911e+01 9.277734596027278258e+01
2.548226495726495671e+02 3.166426188987164636e+01 9.265056285178236806e+01
2.548257914172548340e+02 3.169953691295154741e+01 9.256564370588760937e+01
2.548274293457220381e+02 3.177494118347776819e+01 9.256501831501832100e+01
2.548351127192590582e+02 3.184360016677089789e+01 9.264666160397867145e+01
2.548395872420262549e+02 3.179717978498466380e+01 9.267016587748294398e+01
2.548512165341433615e+02 3.178502188868042566e+01 9.282653593019446703e+01
2.548544104946543882e+02 3.185072515560320383e+01 9.298545221715953346e+01
2.548420515798564452e+02 3.185985288424312856e+01 9.317695583549242144e+01
2.548477173233270889e+02 3.195535900413949193e+01 9.330523541499151463e+01
2.548538595550790546e+02 3.204015158283451115e+01 9.336262991750795948e+01
2.548546412936656793e+02 3.205687334345871164e+01 9.335332350576253191e+01
2.548529735846809103e+02 3.216772387504094866e+01 9.336101432442896453e+01
2.548533532862801110e+02 3.231973108192620714e+01 9.336006879299561945e+01
2.548454688942493931e+02 3.236233955746151025e+01 9.341554245212782348e+01
2.548483650495845723e+02 3.248314422704666526e+01 9.319567289079483885e+01
2.548535170791268456e+02 3.262810089639357614e+01 9.314224664224664707e+01
2.548624288990142759e+02 3.273282408648262276e+01 9.328099407367700735e+01
2.548739390690610094e+02 3.277715238690848309e+01 9.347864736889127357e+01
2.548704249679859402e+02 3.280353048035974695e+01 9.351954346466541779e+01
2.548596667560082096e+02 3.280330712647786129e+01 9.338094493582298128e+01
2.548586988891866838e+02 3.287433366091902798e+01 9.328986122278804771e+01
2.548610441049465578e+02 3.296449417790881142e+01 9.338506953750855644e+01
2.548632106376008721e+02 3.310327883498614909e+01 9.342936061228743938e+01
2.548608207510646650e+02 3.323292831829417082e+01 9.350571785937638936e+01
2.548349042556359620e+02 3.328110575061794663e+01 9.325885970398165625e+01
2.548036868280770761e+02 3.305903987611304728e+01 9.277798624140088180e+01
2.547717621132255204e+02 3.276637183954257182e+01 9.223307722088209459e+01
2.547422272849102001e+02 3.263602251407129273e+01 9.193838410911581605e+01
2.547090294529319010e+02 3.262528663748175717e+01 9.174280055987372862e+01
2.547010631644778016e+02 3.238125763125763257e+01 9.168586765537985173e+01
2.547173903332439977e+02 3.248164031090860249e+01 9.186683641561690195e+01
2.547365838768277797e+02 3.252737574079037586e+01 9.202432323773787459e+01
2.547461955388784531e+02 3.264153935495399139e+01 9.220385508800143270e+01
2.547457562762440944e+02 3.276521784448613772e+01 9.229467077637809780e+01
2.547579439530659045e+02 3.286947199142321097e+01 9.226808421930373072e+01
2.547603115042139450e+02 3.298411953899758942e+01 9.217970308823967684e+01
2.547640861848178986e+02 3.306277733107001637e+01 9.203926561243633842e+01
2.547532237410286200e+02 3.294586646415914544e+01 9.192546680961315531e+01
2.547506402811280850e+02 3.295302867863843232e+01 9.180320289466631323e+01
2.547488087792965814e+02 3.297554274993299117e+01 9.182068405848893633e+01
2.547452276720569273e+02 3.283145716072545639e+01 9.172732958098811196e+01
2.547549361207897789e+02 3.282296226808421835e+01 9.181775067750677977e+01
2.547569239703385904e+02 3.279883260371065035e+01 9.183209744185353429e+01
2.547626939456207822e+02 3.279674796747967491e+01 9.186375413204682161e+01
2.547742562315733039e+02 3.292671014622234082e+01 9.196655647875159900e+01
2.547806515977247557e+02 3.297905685100806750e+01 9.204168527949015299e+01
2.547893177283421267e+02 3.307846421870812037e+01 9.212271806784002592e+01
2.547913576937967264e+02 3.308835135054647481e+01 9.213853152267786584e+01
2.547894964114476295e+02 3.312204800619434764e+01 9.216624229429108084e+01
2.547874043300872700e+02 3.300935852765120870e+01 9.226261204919741488e+01
2.547877393609100807e+02 3.293656005241371076e+01 9.228540903540903173e+01
2.547793710354685857e+02 3.282830787099079828e+01 9.241593704398582076e+01
2.547854834867029865e+02 3.276593257690818461e+01 9.236234700259090857e+01
2.547867566038297866e+02 3.276795020697459648e+01 9.240056285178236806e+01
2.547887444533785981e+02 3.287429643527204348e+01 9.230842193037314303e+01
2.547812323178176825e+02 3.300380446112153265e+01 9.228129932398225321e+01
2.547787828702462889e+02 3.322252002739807608e+01 9.235063581405044886e+01
2.547925563596295433e+02 3.330448345692248324e+01 9.248745495696715579e+01
2.547926457011822947e+02 3.335068792995622289e+01 9.252761398493105105e+01
2.547968521992912372e+02 3.345207570207570313e+01 9.245828493999225373e+01
2.547776065398016669e+02 3.325262813067691070e+01 9.196768813841984525e+01
2.547372911641204212e+02 3.287407308139015782e+01 9.155280085767890341e+01
2.547045772655528708e+02 3.257028946663093194e+01 9.125586676196432734e+01
2.546995145775633489e+02 3.240724857798028324e+01 9.112320200125078884e+01
2.547029170016975002e+02 3.223678489532147751e+01 9.120916346526102814e+01
2.547000208463623210e+02 3.216213258286428811e+01 9.130242860120908688e+01
2.547127669078888630e+02 3.225839066082968287e+01 9.145118973167753040e+01
2.547201673665088322e+02 3.226462967926382674e+01 9.154075463831561876e+01
2.547208895440602703e+02 3.231101283540307634e+01 9.161417850442241217e+01
2.547332186783406200e+02 3.238916435867655252e+01 9.169995384019773610e+01
2.547391524464695181e+02 3.246065993626969259e+01 9.184100181661156626e+01
2.547326305131183233e+02 3.252551445844128608e+01 9.192208672086721322e+01
2.547408201554543155e+02 3.252248429077697267e+01 9.194020072068852301e+01
2.547458083921498542e+02 3.252342237708091233e+01 9.188415378659280464e+01
2.547353479853479712e+02 3.256200303761279713e+01 9.166193156437059031e+01
2.547311042615920655e+02 3.260672592989666185e+01 9.155197444831591724e+01
2.547391971172459080e+02 3.267482652848506319e+01 9.165971291581047353e+01
2.547373283897674128e+02 3.281005985884034715e+01 9.170474105839959122e+01
2.547483099556270361e+02 3.292167723875041219e+01 9.186551118258435622e+01
2.547553381577771745e+02 3.296333273772297900e+01 9.195109294499538066e+01
2.547648158074987350e+02 3.300276214300604494e+01 9.202685458173263555e+01
2.547710101551564890e+02 3.300497334643676339e+01 9.213124274099884303e+01
2.547885881056612902e+02 3.310141755263706642e+01 9.227983263349116783e+01
2.547918118466898818e+02 3.328864022156705005e+01 9.238215104678519651e+01
2.547927424878644445e+02 3.326629738824860993e+01 9.256483218678340563e+01
2.547826692277911889e+02 3.327820959528276745e+01 9.264786026981148837e+01
2.547880967271211148e+02 3.337628428482086917e+01 9.268492956907590496e+01
2.548026668453497621e+02 3.342459572947377922e+01 9.269393073051610088e+01
2.548086452842550500e+02 3.349963518865958179e+01 9.286587599392477443e+01
2.548183611781172715e+02 3.377382441406831504e+01 9.291099347806664355e+01
2.548213987909109903e+02 3.394042407457041577e+01 9.303861044104947098e+01
2.548236099943416946e+02 3.400791417254831828e+01 9.309249084249084660e+01
2.548190237946335515e+02 3.407130200422883348e+01 9.307353554304773979e+01
2.548205053753834193e+02 3.413278388278388320e+01 9.308745793501890375e+01
2.548234089758479968e+02 3.425789928228952874e+01 9.311944965603501601e+01
2.548371973554900478e+02 3.433962446767324650e+01 9.339394413174900933e+01
2.548505836981446748e+02 3.443643348521397485e+01 9.360219184609428567e+01
2.548525045415289298e+02 3.435362875606777777e+01 9.363675213675213627e+01
2.548322388993120740e+02 3.383979570564936523e+01 9.325962655230948428e+01
2.548088611930075444e+02 3.329815509693558795e+01 9.279802108460644661e+01
2.547880967271211148e+02 3.297402394353613886e+01 9.245265642216861579e+01
2.547671684683879789e+02 3.283966913844962932e+01 9.239958753983144391e+01
2.547723279430596506e+02 3.283270049733464191e+01 9.247467911492302051e+01
2.547828404657672934e+02 3.289653503677894264e+01 9.257831531612019660e+01
2.547835700884481298e+02 3.292995622263914868e+01 9.269976771196283494e+01
2.547925712498883115e+02 3.286557818874891979e+01 9.283298341225170702e+01
2.548048035974865115e+02 3.292464040025015493e+01 9.283598379939843426e+01
2.547964724976920081e+02 3.292813961106644172e+01 9.281967896602043311e+01
2.548013713928347954e+02 3.295424223473003877e+01 9.288151821078650983e+01
2.547994654397093370e+02 3.296494833080198816e+01 9.280729027070491099e+01
2.548062330623306195e+02 3.295465171684683980e+01 9.276511361267458255e+01
2.548038655111825790e+02 3.290505970993775975e+01 9.272168617290569159e+01
2.548058980315077804e+02 3.292056791447035380e+01 9.267070937192887925e+01
2.548132240388337948e+02 3.290920664701152276e+01 9.270389975877780842e+01
2.548145567169957530e+02 3.292641234104648618e+01 9.274987343280025698e+01
2.548111245123440369e+02 3.295091426188987072e+01 9.279006968641114383e+01
2.548209297477590098e+02 3.304854968879359234e+01 9.288478662259150553e+01
2.548309360016677090e+02 3.311279371035468699e+01 9.299821316894487211e+01
2.548326111557818763e+02 3.313146609488072869e+01 9.311991125405759817e+01
2.548292310670359484e+02 3.321559605705947149e+01 9.319081866642842726e+01
2.548407337919533120e+02 3.337003037612793577e+01 9.335117930849638412e+01
2.548471142678459671e+02 3.344645462938145641e+01 9.340297507370678431e+01
2.548519387116947996e+02 3.347399416301855268e+01 9.342988921647457801e+01
2.548496083861937507e+02 3.358807588075880801e+01 9.349158700378212927e+01
2.548567259298966690e+02 3.353108341522975877e+01 9.360781291878852528e+01
2.548616248250394563e+02 3.359112838381130928e+01 9.367512433366091784e+01
2.548569790642961266e+02 3.364767414157658010e+01 9.379300306739331461e+01
2.548555570445814453e+02 3.366774621042913651e+01 9.383645284255040053e+01
2.548650421394323757e+02 3.376866493939664338e+01 9.397559486583877231e+01
2.548669034217814726e+02 3.391077012418475789e+01 9.402618452008695726e+01
2.548676479347211057e+02 3.398017362041752421e+01 9.404167038923137056e+01
2.548682137645552359e+02 3.404418684296732778e+01 9.405871973554900478e+01
2.548671788915691252e+02 3.408144971559605807e+01 9.410394889663182028e+01
2.548656675303016641e+02 3.377721939307305377e+01 9.379647249769200812e+01
2.548500997647338977e+02 3.334885642812471929e+01 9.331274755055243020e+01
2.548199991065844756e+02 3.303354030793055074e+01 9.285875845022187036e+01
2.548090324309836490e+02 3.286837011227255090e+01 9.259575925429584231e+01
2.548122040561065091e+02 3.279578010065814908e+01 9.263014086184817586e+01
2.548205202656422159e+02 3.284940736770005287e+01 9.265937788498763439e+01
2.548142961374668687e+02 3.278368176538908330e+01 9.279398582447362287e+01
2.548106703594508531e+02 3.276633461389558732e+01 9.281941838649156296e+01
2.548092111140891518e+02 3.278987611304684435e+01 9.283334077846272692e+01
2.548222028648857815e+02 3.288999821316894412e+01 9.296166502873819582e+01
2.548246895381041668e+02 3.293329908573811338e+01 9.303656303046547293e+01
2.548362890497036801e+02 3.307684118049972000e+01 9.298901843414039092e+01
2.548322314541826756e+02 3.317604752970606796e+01 9.286606212215968981e+01
2.548234238661067934e+02 3.314861967300991807e+01 9.279363590339200130e+01
2.548128666726227607e+02 3.313717650912772683e+01 9.277561124512344293e+01
2.548073349414812867e+02 3.316401620060156574e+01 9.275667828106853108e+01
2.548114595431668477e+02 3.323248905565979072e+01 9.275049137854016124e+01
2.548129113433991506e+02 3.345304356889722897e+01 9.276725780994073034e+01
2.548202001250781734e+02 3.349498942791625922e+01 9.291983829178951737e+01
2.548313975996902911e+02 3.363951427975818120e+01 9.300925429583966775e+01
2.548414931951517417e+02 3.373946514190416934e+01 9.307147324220494511e+01
2.548379716489472457e+02 3.374598707525537122e+01 9.322661484856607217e+01
2.548381428869233787e+02 3.383027338515143612e+01 9.328886357544894281e+01
2.548436076119002962e+02 3.386312874117751903e+01 9.337401352035497837e+01
2.548427290866315218e+02 3.378834241639119540e+01 9.342373953959319977e+01
2.548444563566514773e+02 3.385135054647249575e+01 9.341027130051520544e+01
2.548351648351648464e+02 3.381696149379076388e+01 9.339507579141725557e+01
2.548342341939902838e+02 3.381677536555585561e+01 9.336442419369248569e+01
2.548435554959945080e+02 3.388165222311563696e+01 9.337243515292296081e+01
2.548445605884630254e+02 3.393659727806069526e+01 9.335939128622055705e+01
2.548499731975341831e+02 3.402796390601268683e+01 9.347782840465767151e+01
2.548579320408588842e+02 3.421488876976681581e+01 9.360837874862265551e+01
2.548563908990738298e+02 3.442435004020369860e+01 9.375597099377587540e+01
2.548599347806664923e+02 3.452704815509693503e+01 9.376661752881264533e+01
2.548649676881384210e+02 3.454572798475237505e+01 9.387163107894815539e+01
2.548634265463533666e+02 3.458547753059948349e+01 9.384754608535097020e+01
2.548573289853777624e+02 3.453456773578724892e+01 9.383249203371154579e+01
2.548618854045683406e+02 3.438627564847077167e+01 9.376722802942315127e+01
2.548442776735459745e+02 3.381880044075165870e+01 9.333851514339319522e+01
2.548028604187140900e+02 3.312327645254474362e+01 9.252995920069091085e+01
2.547826096667560023e+02 3.277116650287381816e+01 9.227171744244914464e+01
2.547779266803657094e+02 3.257272402394353605e+01 9.215951934244617405e+01
2.547733181452693714e+02 3.246943029869859032e+01 9.219381160844575618e+01
2.547794603770213655e+02 3.248678489532147751e+01 9.225539027368296274e+01
2.547769439232853870e+02 3.254866881086392993e+01 9.232171148634563451e+01
2.547872852080169253e+02 3.263912713302957513e+01 9.241407576163673809e+01
2.547822448554155983e+02 3.273328568450519782e+01 9.243623991184966826e+01
2.547812620983352758e+02 3.287352958694422256e+01 9.239786026981148837e+01
2.547873745495696767e+02 3.296534292265999255e+01 9.255535453706185933e+01
2.547864066827481508e+02 3.299143810119419840e+01 9.257754846779236857e+01
2.547915661574198225e+02 3.306732630513118210e+01 9.273731349950861613e+01
2.547921245421245544e+02 3.294634295244051003e+01 9.272994282140624023e+01
2.547951919354358381e+02 3.293187706602341080e+01 9.278074093927752131e+01
2.547925712498883115e+02 3.290243902439024737e+01 9.277423389618510896e+01
2.547980061943476642e+02 3.293030614372077736e+01 9.287312754995681985e+01
2.547927127073468512e+02 3.298516930224247545e+01 9.298067244408707666e+01
2.548049673903332462e+02 3.324586795318502652e+01 9.290535751511360729e+01
2.548092632299949400e+02 3.343530182554572860e+01 9.288708716757497541e+01
2.548226049018732056e+02 3.353095684803001575e+01 9.297081509276631550e+01
2.548169242681437936e+02 3.364289436850412329e+01 9.296010155156496069e+01
2.548222549807915698e+02 3.378375621668304518e+01 9.303333184430745462e+01
2.548199618809374840e+02 3.388063968551773542e+01 9.305162452723428146e+01
2.548219422853569256e+02 3.393923285386699717e+01 9.319117603263944716e+01
2.548281068524970863e+02 3.395902200780249558e+01 9.332475654426873746e+01
2.548199693260668823e+02 3.394060275767592572e+01 9.338364751779386097e+01
2.548252106971619071e+02 3.400036481134041821e+01 9.343000833854492271e+01
2.548198204234789728e+02 3.403636201197176803e+01 9.338783168051460848e+01
2.548307200929152145e+02 3.414524702939337431e+01 9.338533756216682491e+01
2.548334375651448909e+02 3.416350248667321665e+01 9.340412906876321131e+01
2.548375993924774434e+02 3.419201733226123707e+01 9.343416272074809115e+01
2.548428035379254766e+02 3.426634205902498564e+01 9.354094821167991824e+01
2.548441957771225930e+02 3.444202477739062829e+01 9.360496887935912014e+01
2.548430194466779710e+02 3.451693766937669494e+01 9.358504571309448750e+01
2.548507996068971693e+02 3.454371035468596318e+01 9.363812948569045602e+01
2.548511644182376017e+02 3.459563268709609929e+01 9.362882307394502845e+01
2.548515366747074040e+02 3.465680931534590314e+01 9.367423091813336100e+01
2.548568748324845785e+02 3.462534619851692952e+01 9.371808273027785674e+01
2.548550731111706682e+02 3.461778194705023992e+01 9.378039846332529805e+01
2.548581256142231837e+02 3.465326543375324064e+01 9.376990083087643768e+01
2.548529363590339187e+02 3.440596801572411323e+01 9.363849429703088845e+01
2.548210041990529930e+02 3.391312278507400180e+01 9.311225021590875883e+01
2.548013118317996373e+02 3.337961970279043555e+01 9.257889603621310926e+01
2.547804431341016596e+02 3.303618332886625808e+01 9.215666041275797227e+01
2.547736308407040156e+02 3.295410077727150622e+01 9.210132076595490958e+01
2.547641457458530567e+02 3.289801661752881046e+01 9.218645582060216270e+01
2.547748592870543973e+02 3.300313439947586147e+01 9.213848685190149013e+01
2.547717472229667237e+02 3.302854462610559949e+01 9.221991423210936034e+01
2.547840093510825170e+02 3.310636111855624364e+01 9.229792429792429687e+01
2.547837785520712259e+02 3.303278834986151935e+01 9.231817504988237033e+01
2.547781872598945654e+02 3.309372673397063380e+01 9.233969891896721549e+01
2.547795720539623119e+02 3.315541707614878675e+01 9.237732660293636400e+01
2.547857291759730742e+02 3.318282259745674168e+01 9.248691146252122053e+01
2.547880669466035215e+02 3.318840644450400390e+01 9.246214896214895873e+01
2.547896825396825307e+02 3.316161886893593902e+01 9.247508859703981443e+01
2.547832797284016806e+02 3.317656868876380827e+01 9.245719050597099908e+01
2.547894964114476295e+02 3.314037791476815897e+01 9.249892045623752779e+01
2.547929137258405490e+02 3.317354596622889318e+01 9.253545370618540744e+01
