2.550000000000000000e+02 8.492664776754075717e+01 1.291148121899362025e+02
2.550000000000000000e+02 8.482491403522587348e+01 1.290883862246371052e+02
2.550000000000000000e+02 8.500451479119091402e+01 1.291830459091266903e+02
2.550000000000000000e+02 8.478071107961257269e+01 1.292296309420689226e+02
2.550000000000000000e+02 8.468907000551224939e+01 1.293128592802582943e+02
2.550000000000000000e+02 8.400294642622779406e+01 1.291556224899598533e+02
2.550000000000000000e+02 8.115452004094809979e+01 1.287520999028794790e+02
2.550000000000000000e+02 7.943496863270073050e+01 1.282833753313909142e+02
2.550000000000000000e+02 7.832705331128435944e+01 1.278147491928498312e+02
2.550000000000000000e+02 7.811229230648082478e+01 1.277561094049400197e+02
2.549999868756069930e+02 7.847384308475733405e+01 1.279988581778092822e+02
2.550000000000000000e+02 7.892116177126807486e+01 1.280641192219859761e+02
2.550000000000000000e+02 7.954699845132162750e+01 1.283503162978712169e+02
2.550000000000000000e+02 7.992798645562642434e+01 1.285702745623015062e+02
2.550000000000000000e+02 8.027445074415308568e+01 1.286890437567262495e+02
2.550000000000000000e+02 8.036080925007217957e+01 1.288075373388980722e+02
2.550000000000000000e+02 8.039110691130535713e+01 1.287768590702679887e+02
2.550000000000000000e+02 8.049365435598603824e+01 1.285508635850592043e+02
2.550000000000000000e+02 8.050242145050791009e+01 1.283245203034359747e+02
2.550000000000000000e+02 8.031579914428957068e+01 1.280419324356248580e+02
2.550000000000000000e+02 8.031291834002676922e+01 1.278227813213638910e+02
2.550000000000000000e+02 8.061580964380397063e+01 1.278559991600388486e+02
2.549999934378035107e+02 8.061500249363466253e+01 1.282165262356616040e+02
2.550000000000000000e+02 8.088289104128934071e+01 1.285073299734887371e+02
2.550000000000000000e+02 8.137611229230648746e+01 1.288120061947134900e+02
2.550000000000000000e+02 8.165207890385069334e+01 1.290936097330498455e+02
2.550000000000000000e+02 8.198912644040213138e+01 1.292251686484500226e+02
2.550000000000000000e+02 8.251622831194056573e+01 1.290201853164291208e+02
2.550000000000000000e+02 8.295367745491770961e+01 1.289218573640969225e+02
2.550000000000000000e+02 8.319777804026563217e+01 1.289835223245924851e+02
2.550000000000000000e+02 8.340201984408220426e+01 1.289096976139853439e+02
2.550000000000000000e+02 8.345863847547050796e+01 1.288754166994776540e+02
2.550000000000000000e+02 8.342108302491010363e+01 1.290538493844659627e+02
2.550000000000000000e+02 8.358713284510591279e+01 1.292925164711132027e+02
2.550000000000000000e+02 8.382909415439536360e+01 1.294122503084232392e+02
2.550000000000000000e+02 8.383043284248103078e+01 1.294729834370160404e+02
2.550000000000000000e+02 8.387797595611202439e+01 1.294830104732656082e+02
2.550000000000000000e+02 8.379978082263694716e+01 1.296275559755361257e+02
2.550000000000000000e+02 8.392240202640627444e+01 1.297603157728954955e+02
2.550000000000000000e+02 8.398412604667034032e+01 1.298897879098091721e+02
2.550000000000000000e+02 8.403749639079192946e+01 1.299210042785521182e+02
2.550000000000000000e+02 8.424026826259284917e+01 1.300189909966664175e+02
2.550000000000000000e+02 8.407658083313646102e+01 1.298730477465417152e+02
2.550000000000000000e+02 8.194545502270520387e+01 1.296987492453474147e+02
2.550000000000000000e+02 7.962962962962963331e+01 1.291894506129091553e+02
2.550000000000000000e+02 7.869094023151428985e+01 1.289656075281518213e+02
2.550000000000000000e+02 7.856377142557157356e+01 1.288972491272278660e+02
2.550000000000000000e+02 7.879073155366563697e+01 1.289812386802110495e+02
2.550000000000000000e+02 7.919269233797936636e+01 1.290059059768485668e+02
2.550000000000000000e+02 7.971951859726488010e+01 1.292536420190566275e+02
2.550000000000000000e+02 8.050940362758223046e+01 1.293241003228600619e+02
2.550000000000000000e+02 8.104619786334882292e+01 1.295129997112633475e+02
2.550000000000000000e+02 8.163037772003045234e+01 1.293584402971362692e+02
2.550000000000000000e+02 8.198822741948184500e+01 1.292897997217628756e+02
2.550000000000000000e+02 8.198481507730267026e+01 1.291005459747486555e+02
2.550000000000000000e+02 8.165870672231409344e+01 1.290566908155497856e+02
2.550000000000000000e+02 8.127471979420951698e+01 1.288935217996167637e+02
2.550000000000000000e+02 8.107023518912249926e+01 1.290267015775520463e+02
2.550000000000000000e+02 8.111127516602357446e+01 1.292099443525737001e+02
2.550000000000000000e+02 8.129325143712102886e+01 1.293441018977872261e+02
2.550000000000000000e+02 8.169208205370502185e+01 1.293808895713573293e+02
2.550000000000000000e+02 8.196865238732708292e+01 1.295707995380213617e+02
2.550000000000000000e+02 8.256070687980681555e+01 1.297219137989868045e+02
2.550000000000000000e+02 8.299007139669789979e+01 1.297630456466388296e+02
2.550000000000000000e+02 8.325792713337007456e+01 1.297032705987348038e+02
2.550000000000000000e+02 8.353328346063995014e+01 1.297793067695619129e+02
2.550000000000000000e+02 8.366458645037667452e+01 1.298404992519095913e+02
2.550000000000000000e+02 8.350173241987558015e+01 1.298932002519883326e+02
2.550000000000000000e+02 8.344301388560779742e+01 1.299532902853243002e+02
2.550000000000000000e+02 8.350290705304880134e+01 1.299943958841903680e+02
2.550000000000000000e+02 8.367175893114944074e+01 1.300525041341838062e+02
2.550000000000000000e+02 8.379493792162112697e+01 1.300466309683177144e+02
2.550000000000000000e+02 8.402529070530488298e+01 1.297752841431083937e+02
2.550000000000000000e+02 8.413892826206787845e+01 1.296828359188387481e+02
2.550000000000000000e+02 8.439986088143423615e+01 1.296583523637031874e+02
2.550000000000000000e+02 8.448830616583983044e+01 1.296797451242879902e+02
2.550000000000000000e+02 8.456657348347638958e+01 1.297015906764312092e+02
2.550000000000000000e+02 8.394092710712129701e+01 1.295481009003333668e+02
2.550000000000000000e+02 8.156342362915715682e+01 1.292177927395858035e+02
2.550000000000000000e+02 7.993250780901382768e+01 1.289490117332073282e+02
2.550000000000000000e+02 7.955177573037246930e+01 1.287793330183478986e+02
2.550000000000000000e+02 7.950607659395753046e+01 1.287611885450297962e+02
2.550000000000000000e+02 7.986272541144971626e+01 1.285020736540934934e+02
2.550000000000000000e+02 8.045055384938446252e+01 1.284464787253589577e+02
2.550000000000000000e+02 8.130613959104391597e+01 1.284533230963068036e+02
2.550000000000000000e+02 8.205939444050711984e+01 1.285114510328897381e+02
2.550000000000000000e+02 8.262357272226159921e+01 1.286446701840039850e+02
2.550000000000000000e+02 8.281323332545869675e+01 1.287145903876945567e+02
2.550000000000000000e+02 8.293825629314643777e+01 1.287055345565267714e+02
2.550000000000000000e+02 8.292013806861432101e+01 1.286759784234979236e+02
2.550000000000000000e+02 8.250296611281727621e+01 1.285928944536315157e+02
2.549999803134105036e+02 8.206251148384387761e+01 1.285691786754862562e+02
2.550000000000000000e+02 8.207051736357193761e+01 1.282798514318712648e+02
2.550000000000000000e+02 8.238329789747224652e+01 1.282418366275559833e+02
2.550000000000000000e+02 8.273660655694673949e+01 1.282217563062708336e+02
2.550000000000000000e+02 8.314365304354673469e+01 1.282180749140352134e+02
2.550000000000000000e+02 8.354000314985431430e+01 1.282728889413864692e+02
2.550000000000000000e+02 8.375872772134289335e+01 1.286988870514738608e+02
2.550000000000000000e+02 8.386705646113867374e+01 1.288853059296007473e+02
2.550000000000000000e+02 8.396705777357797729e+01 1.290876250098432934e+02
2.550000000000000000e+02 8.407021550253300290e+01 1.292395398587815407e+02
2.550000000000000000e+02 8.412130876446964578e+01 1.293634210042785639e+02
2.550000000000000000e+02 8.403098669186550751e+01 1.292587933433078717e+02
2.550000000000000000e+02 8.398806992676588834e+01 1.293507428406436190e+02
2.550000000000000000e+02 8.406625193584797273e+01 1.294188387537076323e+02
2.550000000000000000e+02 8.406030658582039905e+01 1.294881421109273560e+02
2.550000000000000000e+02 8.416148253143292379e+01 1.294735543481114064e+02
2.550000000000000000e+02 8.437560700317609985e+01 1.294854253615770290e+02
2.550000000000000000e+02 8.442976481087750074e+01 1.294456781373861531e+02
2.550000000000000000e+02 8.435948368637950523e+01 1.294344436569808749e+02
2.550000000000000000e+02 8.378795574454682082e+01 1.293047024700107670e+02
2.550000000000000000e+02 8.127712155812793071e+01 1.289120468803317863e+02
2.550000000000000000e+02 7.930527338110611879e+01 1.287975496758274971e+02
2.550000000000000000e+02 7.846969577657033312e+01 1.286967937107908710e+02
2.550000000000000000e+02 7.821268078851353778e+01 1.287019056618631510e+02
2.550000000000000000e+02 7.836411659710738320e+01 1.288207536026458797e+02
2.550000000000000000e+02 7.871140772239283478e+01 1.289172572643515196e+02
2.550000000000000000e+02 7.913113893482426420e+01 1.290261700396356730e+02
2.550000000000000000e+02 7.974106885056566796e+01 1.289836207575399669e+02
2.550000000000000000e+02 8.020372339029320585e+01 1.291000341234217785e+02
2.550000000000000000e+02 8.064791847127069957e+01 1.290074021576502048e+02
2.550000000000000000e+02 8.089205842979761485e+01 1.291072131663910625e+02
2.550000000000000000e+02 8.108978397249127568e+01 1.288853190539937543e+02
2.550000000000000000e+02 8.087186655117200473e+01 1.286010053285035610e+02
2.550000000000000000e+02 8.054843557235477647e+01 1.283997033887182795e+02
2.550000000000000000e+02 8.043028322440086697e+01 1.283623710528387960e+02
2.550000000000000000e+02 8.064948027403733022e+01 1.282878835603853247e+02
2.550000000000000000e+02 8.097814132346378813e+01 1.284244691183032785e+02
2.550000000000000000e+02 8.138781925085964986e+01 1.284273433603695764e+02
2.550000000000000000e+02 8.205158542667400923e+01 1.285126978502244413e+02
2.550000000000000000e+02 8.257794577000814229e+01 1.286280153292910313e+02
2.550000000000000000e+02 8.293466020946530648e+01 1.286913011523216994e+02
2.550000000000000000e+02 8.315371945297529521e+01 1.286449917316324161e+02
2.550000000000000000e+02 8.332585899152164188e+01 1.286278578365750604e+02
2.550000000000000000e+02 8.358189621230017963e+01 1.286169711525841990e+02
2.550000000000000000e+02 8.358539386303382912e+01 1.285659172638265488e+02
2.550000000000000000e+02 8.353411685959524391e+01 1.285770598734808630e+02
2.550000000000000000e+02 8.342863611307977578e+01 1.287942160800062936e+02
2.550000000000000000e+02 8.336309289445362936e+01 1.289828529805496373e+02
2.550000000000000000e+02 8.329455075202771752e+01 1.291423996640155281e+02
2.550000000000000000e+02 8.332607554400608763e+01 1.292404848150773091e+02
2.550000000000000000e+02 8.339753130167730433e+01 1.293253668267842613e+02
2.550000000000000000e+02 8.359591962621728101e+01 1.293405779982675767e+02
2.550000000000000000e+02 8.379386828359187689e+01 1.294685736409691117e+02
2.550000000000000000e+02 8.373016247998529593e+01 1.294546027246239817e+02
2.550000000000000000e+02 8.250743496863269399e+01 1.292368165472346959e+02
2.550000000000000000e+02 8.003254849463212395e+01 1.288932461873638431e+02
2.550000000000000000e+02 7.862945901252066960e+01 1.283726277659658308e+02
2.550000000000000000e+02 7.832972412525920447e+01 1.281219977951019757e+02
2.550000000000000000e+02 7.839795784444969229e+01 1.281420321810116150e+02
2.550000000000000000e+02 7.864050975142399125e+01 1.282843596608656753e+02
2.550000000000000000e+02 7.897671732682363199e+01 1.283894794865737481e+02
2.550000000000000000e+02 7.929418326902380443e+01 1.285831495918313863e+02
2.550000000000000000e+02 7.965100270362495394e+01 1.286416515736147232e+02
2.550000000000000000e+02 7.979771373073995733e+01 1.287085334803265368e+02
2.550000000000000000e+02 8.000906239336430303e+01 1.287688072551644609e+02
2.550000000000000000e+02 8.026128697797726375e+01 1.288435769220673421e+02
2.550000000000000000e+02 8.049441557077985010e+01 1.284153411029739971e+02
2.550000000000000000e+02 8.049343780350159250e+01 1.280272265532719018e+02
2.550000000000000000e+02 8.045129537758879223e+01 1.278208782843793472e+02
2.550000000000000000e+02 8.054060030973568018e+01 1.277691091162033814e+02
2.550000000000000000e+02 8.080230726828884258e+01 1.278281623224925880e+02
2.550000000000000000e+02 8.173929705751109509e+01 1.278110218652387289e+02
2.550000000000000000e+02 8.313999790009711433e+01 1.277330104732656082e+02
2.550000000000000000e+02 8.355230070609233906e+01 1.278405123763025983e+02
2.550000000000000000e+02 8.401960784313725128e+01 1.279434469905766889e+02
2.550000000000000000e+02 8.459996193926031083e+01 1.280411055988660394e+02
2.550000000000000000e+02 8.465759771110586485e+01 1.282638462346116626e+02
2.550000000000000000e+02 8.473432291256528970e+01 1.283794065149486698e+02
2.550000000000000000e+02 8.385094626873507195e+01 1.284970601359687237e+02
2.550000000000000000e+02 8.378659736987164308e+01 1.286180145418274492e+02
2.550000000000000000e+02 8.384513216263748348e+01 1.287364162532482794e+02
2.550000000000000000e+02 8.386568496207050316e+01 1.287092750085308523e+02
2.550000000000000000e+02 8.394832270257501250e+01 1.287641087224715761e+02
2.550000000000000000e+02 8.414996587657820726e+01 1.288009095204346863e+02
2.550000000000000000e+02 8.415170485865029093e+01 1.288188702522508322e+02
2.550000000000000000e+02 8.419796178176758872e+01 1.288378743733102283e+02
2.550000000000000000e+02 8.427141244717431334e+01 1.289971716933091841e+02
2.550000000000000000e+02 8.441494080898758057e+01 1.290012336929416961e+02
2.550000000000000000e+02 8.444377510040160928e+01 1.290262619103866371e+02
2.550000000000000000e+02 8.459594587500328089e+01 1.290181182245321168e+02
2.550000000000000000e+02 8.467329448513005730e+01 1.291067997480116674e+02
2.550000000000000000e+02 8.468374150195553796e+01 1.287604076436464879e+02
2.550000000000000000e+02 8.309820327059873080e+01 1.282574218442397012e+02
2.550000000000000000e+02 8.062602698375199850e+01 1.276838793080819983e+02
2.550000000000000000e+02 7.944645247657295783e+01 1.273463724177756831e+02
2.550000000000000000e+02 7.907992755335065738e+01 1.271898049715200614e+02
2.550000000000000000e+02 7.911725988923012665e+01 1.273834488279916997e+02
2.550000000000000000e+02 7.930550305798357158e+01 1.276564230779326437e+02
2.550000000000000000e+02 7.965665275481009644e+01 1.278384452844055943e+02
2.550000000000000000e+02 8.021461663648055662e+01 1.279130049610205475e+02
2.550000000000000000e+02 8.060287555450560149e+01 1.279956164527390570e+02
2.550000000000000000e+02 8.105034517153580964e+01 1.282325051841352206e+02
2.550000000000000000e+02 8.150785494920859264e+01 1.282457083234900495e+02
2.550000000000000000e+02 8.157926477150431310e+01 1.283082001207444023e+02
2.550000000000000000e+02 8.134406252460823339e+01 1.282311008740845750e+02
2.550000000000000000e+02 8.100716591857626270e+01 1.281111307977006106e+02
2.550000000000000000e+02 8.086819828332939153e+01 1.281687468829566683e+02
2.550000000000000000e+02 8.093399742761897642e+01 1.281502086778486387e+02
2.550000000000000000e+02 8.106204556789248272e+01 1.282278329002283783e+02
2.550000000000000000e+02 8.154073155366563697e+01 1.283530658582040473e+02
2.550000000000000000e+02 8.199951439745912296e+01 1.285183938367850374e+02
2.550000000000000000e+02 8.251196288421660086e+01 1.286501627424731566e+02
2.550000000000000000e+02 8.295843504737905505e+01 1.288658424547864740e+02
2.550000000000000000e+02 8.338735333490825496e+01 1.289739546420977945e+02
2.550000000000000000e+02 8.358014410583510312e+01 1.291538310103157698e+02
2.550000000000000000e+02 8.366840564873874087e+01 1.291567577499540675e+02
2.550000000000000000e+02 8.381253773262986329e+01 1.288670564611386737e+02
2.550000000000000000e+02 8.387485891277528083e+01 1.287899506522823287e+02
2.550000000000000000e+02 8.381254429482636681e+01 1.287176221224768256e+02
2.550000000000000000e+02 8.390752552694438293e+01 1.287110599259784181e+02
2.550000000000000000e+02 8.428997033887182511e+01 1.287366262435362501e+02
2.550000000000000000e+02 8.477736435939837634e+01 1.283055818043415570e+02
2.550000000000000000e+02 8.473328608551854302e+01 1.279833845184660248e+02
2.550000000000000000e+02 8.478808042628028829e+01 1.277737682757172450e+02
2.550000000000000000e+02 8.483688348163897786e+01 1.277962766097067941e+02
2.550000000000000000e+02 8.492351759981100656e+01 1.277201354437357281e+02
2.550000000000000000e+02 8.501849226973251916e+01 1.280161692521720909e+02
2.550000000000000000e+02 8.511537653883507915e+01 1.281405294380134876e+02
2.550000000000000000e+02 8.479818620888784153e+01 1.281914652072341596e+02
2.550000000000000000e+02 8.246596844895923084e+01 1.280629642754022655e+02
2.550000000000000000e+02 8.022923721027902388e+01 1.276047654670971525e+02
2.550000000000000000e+02 7.952373546473475585e+01 1.272746869832270278e+02
2.550000000000000000e+02 7.941290652807307993e+01 1.273686510748877794e+02
2.550000000000000000e+02 7.956152059217261296e+01 1.275086030396094117e+02
2.550000000000000000e+02 8.003271911174108766e+01 1.275263734677271117e+02
2.550000000000000000e+02 8.065795206971677089e+01 1.277082184948946093e+02
2.550000000000000000e+02 8.117579468199595283e+01 1.279559742236921522e+02
2.550000000000000000e+02 8.163501063075833031e+01 1.280782738798330627e+02
2.550000000000000000e+02 8.218289497860723714e+01 1.281140969105179011e+02
2.550000000000000000e+02 8.257026800010498846e+01 1.283719387353334866e+02
2.550000000000000000e+02 8.250552536945166082e+01 1.283549754573851089e+02
2.550000000000000000e+02 8.189886998976297150e+01 1.281911108486232536e+02
2.550000000000000000e+02 8.152322361340787893e+01 1.281625521694621739e+02
2.550000000000000000e+02 8.147481428983908813e+01 1.282093471926923485e+02
2.550000000000000000e+02 8.156849620705042980e+01 1.281641467832112653e+02
2.550000000000000000e+02 8.182463186077643513e+01 1.283110743628107286e+02
2.550000000000000000e+02 8.232980287161718991e+01 1.286534175919363747e+02
2.550000000000000000e+02 8.287090847048324349e+01 1.288686445126912758e+02
2.549999934378035107e+02 8.307438249730950020e+01 1.288856077906396820e+02
2.550000000000000000e+02 8.328951098511693374e+01 1.288969341417959527e+02
2.550000000000000000e+02 8.362967556500511535e+01 1.290116413365881840e+02
2.550000000000000000e+02 8.388813423629157739e+01 1.289401068325589961e+02
2.550000000000000000e+02 8.401078825104339387e+01 1.289155314066724429e+02
2.550000000000000000e+02 8.415326009922041806e+01 1.288354069874268362e+02
2.550000000000000000e+02 8.446136178701735275e+01 1.288053980628396005e+02
2.550000000000000000e+02 8.452846024621361209e+01 1.288197233377956366e+02
2.550000000000000000e+02 8.438549623329920735e+01 1.286929548258393083e+02
2.550000000000000000e+02 8.445139381053625982e+01 1.285318529018032905e+02
2.550000000000000000e+02 8.452650471165708268e+01 1.284701945035042172e+02
2.550000000000000000e+02 8.462382864792503767e+01 1.285341824815602365e+02
2.550000000000000000e+02 8.468682573430979232e+01 1.285266359555870679e+02
2.550000000000000000e+02 8.490560936556684624e+01 1.286529713625744762e+02
2.550000000000000000e+02 8.509432501246817537e+01 1.287225175210646455e+02
2.550000000000000000e+02 8.490386382129825904e+01 1.286037548888363915e+02
2.550000000000000000e+02 8.362534451531617208e+01 1.284028073076620160e+02
2.550000000000000000e+02 8.137088878389374713e+01 1.280377326298658716e+02
2.550000000000000000e+02 7.990392288106674812e+01 1.281231461794891970e+02
2.550000000000000000e+02 7.894622279969551926e+01 1.279955573929705821e+02
2.550000000000000000e+02 7.868683885870278516e+01 1.280715804394046700e+02
2.550000000000000000e+02 7.935248838491219203e+01 1.282092225109588810e+02
2.550000000000000000e+02 7.986685959524372436e+01 1.284602659002021028e+02
2.550000000000000000e+02 8.037455048953985681e+01 1.281305942725148839e+02
2.550000000000000000e+02 8.084431845027167185e+01 1.280909914166469719e+02
2.550000000000000000e+02 8.138686773236737793e+01 1.280615993385305842e+02
2.550000000000000000e+02 8.163606714439457335e+01 1.279147898784681274e+02
2.550000000000000000e+02 8.162527233115469016e+01 1.279455862666351749e+02
2.550000000000000000e+02 8.117267107646271995e+01 1.284211420846785927e+02
2.550000000000000000e+02 8.075244113709740645e+01 1.287376565083864932e+02
2.550000000000000000e+02 8.054540383757250765e+01 1.288250912145313407e+02
2.550000000000000000e+02 8.054733312334305140e+01 1.289819736462188757e+02
2.550000000000000000e+02 8.070789694726619246e+01 1.292507612147938119e+02
2.550000000000000000e+02 8.106211118985747532e+01 1.290986888731396220e+02
2.550000000000000000e+02 8.129740530750453331e+01 1.289610992991574108e+02
2.550000000000000000e+02 8.183524949471086529e+01 1.288243628107200038e+02
2.550000000000000000e+02 8.222948657374595882e+01 1.288336089455862634e+02
2.550000000000000000e+02 8.259356379767436351e+01 1.289720647295062577e+02
2.550000000000000000e+02 8.269529752998923300e+01 1.290080321285140599e+02
2.550000000000000000e+02 8.247115258419297845e+01 1.289974210567761190e+02
2.550000000000000000e+02 8.264867312386802212e+01 1.291243470614484181e+02
2.550000000000000000e+02 8.289346930204477815e+01 1.290881171745806739e+02
2.550000000000000000e+02 8.293002073654093920e+01 1.290727156993989126e+02
2.550000000000000000e+02 8.282633146966952609e+01 1.293521274641047967e+02
2.550000000000000000e+02 8.295285718035540867e+01 1.296272344279077231e+02
2.550000000000000000e+02 8.299730293723915509e+01 1.297783814998556409e+02
2.550000000000000000e+02 8.293115599653515346e+01 1.297299524896973537e+02
2.550000000000000000e+02 8.269191799879256166e+01 1.297632687613197788e+02
2.550000000000000000e+02 8.274408746095492972e+01 1.291987689319369110e+02
2.550000000000000000e+02 8.309101110323646822e+01 1.286804013439378309e+02
2.550000000000000000e+02 8.322871879675564344e+01 1.285404428170197093e+02
2.550000000000000000e+02 8.164911935322990644e+01 1.280519594718744258e+02
2.550000000000000000e+02 7.894818489644853798e+01 1.274057471716933065e+02
2.550000000000000000e+02 7.678266005197259858e+01 1.271329566632543191e+02
2.550000000000000000e+02 7.566141690946793119e+01 1.269807990130456403e+02
2.550000000000000000e+02 7.568568391211906032e+01 1.270731947397432862e+02
2.550000000000000000e+02 7.603276504711656969e+01 1.271906186838858730e+02
2.550000000000000000e+02 7.659450219177362840e+01 1.273800561724020213e+02
2.550000000000000000e+02 7.737269338793080919e+01 1.276324973094994419e+02
2.550000000000000000e+02 7.769525159461375097e+01 1.277653555398062792e+02
2.549999934378035107e+02 7.775396356668504438e+01 1.276663057458592476e+02
2.549998818804630218e+02 7.748304984644460092e+01 1.273118290154080370e+02
2.550000000000000000e+02 7.717893141192219275e+01 1.270458500669344062e+02
2.549996128304065905e+02 7.679977426044045785e+01 1.268006207837887445e+02
2.549995078352626194e+02 7.695330997191379652e+01 1.269243969341417966e+02
2.549999343780350216e+02 7.733570884846575666e+01 1.270880974879911776e+02
2.549998884426595396e+02 7.780308160747564727e+01 1.273662230621833800e+02
2.549998031341050364e+02 7.833660786938604303e+01 1.274755820668294035e+02
2.549998031341050364e+02 7.918840066146940160e+01 1.276268210095283138e+02
2.549999606268210073e+02 7.987641415334540795e+01 1.278042365540593721e+02
2.549999606268210073e+02 8.023871302202273625e+01 1.278625941675197453e+02
2.550000000000000000e+02 8.076689109378691001e+01 1.280527075622752307e+02
2.550000000000000000e+02 8.125396356668504438e+01 1.281810313148016860e+02
2.550000000000000000e+02 8.154992519095992520e+01 1.278451584114234691e+02
2.550000000000000000e+02 8.153654487229965753e+01 1.275565005118513255e+02
2.550000000000000000e+02 8.159140483502638119e+01 1.273248352888678880e+02
2.550000000000000000e+02 8.201241567577498870e+01 1.274374688295666260e+02
2.550000000000000000e+02 8.260641914061474722e+01 1.275090230201853103e+02
2.550000000000000000e+02 8.281991364149408241e+01 1.278272633015723017e+02
2.550000000000000000e+02 8.281314145470771848e+01 1.280238338976822376e+02
2.550000000000000000e+02 8.261792267107645671e+01 1.280996863270073618e+02
2.550000000000000000e+02 8.241626637268026911e+01 1.279304210305273415e+02
2.550000000000000000e+02 8.241305745859253307e+01 1.279378888101425247e+02
2.550000000000000000e+02 8.257361472031918481e+01 1.280591057038612064e+02
2.550000000000000000e+02 8.296405228758169415e+01 1.281219781085124794e+02
2.550000000000000000e+02 8.297605454497728772e+01 1.280323713153266567e+02
2.550000000000000000e+02 8.134656928367063244e+01 1.277574940284011831e+02
2.550000000000000000e+02 7.885286243011260865e+01 1.272341522954563402e+02
2.549998950048560289e+02 7.743079507572774389e+01 1.261527219991075413e+02
2.549997900097120578e+02 7.662334960758064994e+01 1.256051001391185622e+02
2.549989762973462462e+02 7.604724781478856244e+01 1.252500787463579854e+02
2.549997703231225614e+02 7.608684410845998514e+01 1.251533650943643892e+02
2.549996062682101012e+02 7.669993700291361449e+01 1.251120101320314006e+02
2.549998753182665325e+02 7.718596608656849867e+01 1.250681287240465167e+02
2.549998490694805469e+02 7.770285718035540867e+01 1.250886815234795364e+02
2.549988844265952821e+02 7.820067196892144068e+01 1.251034464656009675e+02
2.549998228206945328e+02 7.844149801821666301e+01 1.250957358847153387e+02
2.549999671890174966e+02 7.855988660524450040e+01 1.252028768669449050e+02
2.549997768853190507e+02 7.862337585636664983e+01 1.255872772134288766e+02
2.549995472084416122e+02 7.864538546342231484e+01 1.259228679423576693e+02
2.549998621938735255e+02 7.869374228941912008e+01 1.261223259049268961e+02
2.549998096963015541e+02 7.874667952857180353e+01 1.262126545397275379e+02
2.549995800194241156e+02 7.890000524975719998e+01 1.261384164107410015e+02
2.549996850145680867e+02 7.917555844292201073e+01 1.259385253432028833e+02
2.549997965719085471e+02 7.958473764338398837e+01 1.259267265138987284e+02
2.549994356511011233e+02 7.979160432579993767e+01 1.258663018085413512e+02
2.550000000000000000e+02 7.992635903089481531e+01 1.256628015329291088e+02
2.549998490694805469e+02 8.008901619550096029e+01 1.256587264089035898e+02
2.549998753182665325e+02 8.025970548862115095e+01 1.254465705961099360e+02
2.549996062682101012e+02 8.031597632359503791e+01 1.252523033309709461e+02
2.549998359450875398e+02 8.035995616452738943e+01 1.252080544399821491e+02
2.549995734572275978e+02 8.035013911856576385e+01 1.251367102396514213e+02
2.549996390791925762e+02 8.017288106675066217e+01 1.249901370186628924e+02
2.549979985300679743e+02 7.930793107068798520e+01 1.245521563377693752e+02
2.549985169435913690e+02 7.851119510722628547e+01 1.242855999160038891e+02
2.549974473055621047e+02 7.820509488936136222e+01 1.240025133212588884e+02
2.549990287949182459e+02 7.814671102711498918e+01 1.238259508622726202e+02
2.549985628789668510e+02 7.816402210147781204e+01 1.238787240465128434e+02
2.549984906948053549e+02 7.797986061894637544e+01 1.241629459012520726e+02
2.549990812924902173e+02 7.767896422290469616e+01 1.242201157571462318e+02
2.549991862876341884e+02 7.746088274667296503e+01 1.243884820327059941e+02
2.549987400582723183e+02 7.748612751660235176e+01 1.244482702050030127e+02
2.549996128304065905e+02 7.724062262120376943e+01 1.245040948106150154e+02
2.549984513216263622e+02 7.608781531354175343e+01 1.243931083812373686e+02
2.549988253668267930e+02 7.393238968947686374e+01 1.242769837520014704e+02
2.549986285009318294e+02 7.251868257343097923e+01 1.239543533611570467e+02
2.549983003911069090e+02 7.222659920728666805e+01 1.239064296401291472e+02
2.549977163556185644e+02 7.240601622174973784e+01 1.239334265165236104e+02
2.549960298711184521e+02 7.287130876446964578e+01 1.235511523217051177e+02
2.549955902039530713e+02 7.330319316481612191e+01 1.232549150851773163e+02
2.549948683623382522e+02 7.380020080321284581e+01 1.232031918523768326e+02
2.549942515158674041e+02 7.431543166128567179e+01 1.231853623644906435e+02
2.549952949051106259e+02 7.475078090138330822e+01 1.232104037063285773e+02
2.549954720844160931e+02 7.498342389164501753e+01 1.233302359765860814e+02
2.549938905950599803e+02 7.496362574480930618e+01 1.233780940756490025e+02
2.549952620941281509e+02 7.480189384990944745e+01 1.233142964012914433e+02
2.549947436806047847e+02 7.478007454655222830e+01 1.233488988634275643e+02
2.549958461296164955e+02 7.474100979079717888e+01 1.232980746515473669e+02
2.549910032286006754e+02 7.501315720397931841e+01 1.234886342756647508e+02
2.549930440717116937e+02 7.540512376302595499e+01 1.235809840669869004e+02
2.549932278132136503e+02 7.559058456046408025e+01 1.237715240045147880e+02
2.549942252670813900e+02 7.579961020552799766e+01 1.238808173871958473e+02
2.549934443656980818e+02 7.609020395306717433e+01 1.238807583274273583e+02
2.549923812898653352e+02 7.611139328556053840e+01 1.235188203795574395e+02
2.549940874609549439e+02 7.618588077801402392e+01 1.232490287949182317e+02
2.549956623881145390e+02 7.625845867128644784e+01 1.231129419639341620e+02
2.549960495577079485e+02 7.651658923274798951e+01 1.231357915321416385e+02
2.549928734546027158e+02 7.694660996928891450e+01 1.231079678189883708e+02
2.549968238968947674e+02 7.735424049137726854e+01 1.235157033362206960e+02
2.549947174318187706e+02 7.753559335380738560e+01 1.235977176680578538e+02
2.549901698296453674e+02 7.759634616898968318e+01 1.237036380817387169e+02
2.549945468147098211e+02 7.782419875580754365e+01 1.237907971756306296e+02
2.549950127306612160e+02 7.810308554479355791e+01 1.238852665564217688e+02
2.549945402525133318e+02 7.814471611937948126e+01 1.235690999291282708e+02
2.549945730634958068e+02 7.817528939286557943e+01 1.234670905845604665e+02
2.549909113578497113e+02 7.820747040449379028e+01 1.232549019607843093e+02
2.549936477937895347e+02 7.839394178019266235e+01 1.231752106465075940e+02
2.549926962752972770e+02 7.851015171798304948e+01 1.232293684542089949e+02
2.549924206630443280e+02 7.872247814788566700e+01 1.229939168438459660e+02
2.549912788408536244e+02 7.865918576265848117e+01 1.227595086227262016e+02
2.549895201721920444e+02 7.753339501798042477e+01 1.222982255820668342e+02
2.549851759981100940e+02 7.589545108538730744e+01 1.219292988949261058e+02
2.549850250675906125e+02 7.514772160537575019e+01 1.217073260361708265e+02
2.549825314329212347e+02 7.461422815444785783e+01 1.216931845027167469e+02
2.549847494553376919e+02 7.458979709688426851e+01 1.216693046696590272e+02
2.549830039110691189e+02 7.469355854791716354e+01 1.215545318529018033e+02
2.549773407354909693e+02 7.502877523164553963e+01 1.216204359923353593e+02
2.549802084153607780e+02 7.529220804787777865e+01 1.216388954510853893e+02
2.549802937239152811e+02 7.559757329973488993e+01 1.215984854450481691e+02
2.549823870645982709e+02 7.583299209911541539e+01 1.214763695304092153e+02
2.549788566028821037e+02 7.614842376040108718e+01 1.214399690264325216e+02
2.549812780533900423e+02 7.623074651547365477e+01 1.214710869622280001e+02
2.549829645378901262e+02 7.628908444234454578e+01 1.214271661810641234e+02
2.549791650261175562e+02 7.679378297503740214e+01 1.213308528230569294e+02
2.549776819697088968e+02 7.691616137753628379e+01 1.212639249809696338e+02
2.549762185998897621e+02 7.685706223587159513e+01 1.212470076383967239e+02
2.549737971493818520e+02 7.711146546972202032e+01 1.213028322440087123e+02
2.549780494527128099e+02 7.750969236422815811e+01 1.213825038716959313e+02
2.549814355461059847e+02 7.777700343859096677e+01 1.215801244192456068e+02
2.549793947029949948e+02 7.805537181405360059e+01 1.215248313515499916e+02
2.549821705121138109e+02 7.821200488227420067e+01 1.215453119668215294e+02
2.549779707063548244e+02 7.862132188886263862e+01 1.214412224059637282e+02
2.549768223219676031e+02 7.882249258471796338e+01 1.214208992834081471e+02
2.549808121374386474e+02 7.887968868939812239e+01 1.214704635535606485e+02
2.549792043992965205e+02 7.897652046092868261e+01 1.214016326744888090e+02
2.549784300601097300e+02 7.904435388613276814e+01 1.213841312964275403e+02
2.549793684542089807e+02 7.914203218101162918e+01 1.213904375672625093e+02
2.549767042024306249e+02 7.919359135889965273e+01 1.213895057353597338e+02
2.549706472950626051e+02 7.932093734414783626e+01 1.209973160616321479e+02
2.549676221224768256e+02 7.925742840643620468e+01 1.206255282568181286e+02
2.549660471953172305e+02 7.932327348610127160e+01 1.204442213297634936e+02
2.549703257474341740e+02 7.952254114497203830e+01 1.204519844082211222e+02
2.549672612016694302e+02 7.948408667349134760e+01 1.203014410583510454e+02
2.549571094836863665e+02 7.911999632516996428e+01 1.201793251437121057e+02
2.549576410216027398e+02 7.907225634564400707e+01 1.201088799643016500e+02
2.549615783395017843e+02 7.928251568364963475e+01 1.202841693571672295e+02
2.549601412184686353e+02 7.931125810431267098e+01 1.201671522692075484e+02
2.549552720686668295e+02 7.925265112738536288e+01 1.201394991731632444e+02
2.549533624694857963e+02 7.913599496023309143e+01 1.199095335590728979e+02
2.549516956715751803e+02 7.879672283906869268e+01 1.196038730083733697e+02
2.549475746121741793e+02 7.782076672703887255e+01 1.193245203034359605e+02
2.549455862666351607e+02 7.626091293277686134e+01 1.190180985379426204e+02
2.549270283749376631e+02 7.541559046644093200e+01 1.186207116045882941e+02
2.549156692127989174e+02 7.545405806231461554e+01 1.179250400293986445e+02
2.549164763629682113e+02 7.582276163477439468e+01 1.177944982544557320e+02
2.549158529543008740e+02 7.621323201301939321e+01 1.175931897524739469e+02
2.548982793920781091e+02 7.649430401343937547e+01 1.173412473423104245e+02
2.548936399191537419e+02 7.682909415439536360e+01 1.172563653306034581e+02
2.548959104391421988e+02 7.685681287240464599e+01 1.174840932356878511e+02
2.548930558836653688e+02 7.687421581751843291e+01 1.174372194660996911e+02
2.548862771346825298e+02 7.688065989447987647e+01 1.175424770979342242e+02
2.548833110218652394e+02 7.688058771031839456e+01 1.174891526891881313e+02
2.548768735071002993e+02 7.685304617161456520e+01 1.175043113630994611e+02
2.548610192403601218e+02 7.693515237420268704e+01 1.170555030579835716e+02
2.548568784943696244e+02 7.711220043572984650e+01 1.168128395936687980e+02
2.548597264876499366e+02 7.727947082447437310e+01 1.168960744940546448e+02
2.548693335433236200e+02 7.744410977242301897e+01 1.169331771530566755e+02
2.548879570569861244e+02 7.768874845788381833e+01 1.170548796493162200e+02
2.549046250360920851e+02 7.789818095913064155e+01 1.171970627608473166e+02
2.549113512875029528e+02 7.800562380239914262e+01 1.172624878599364848e+02
2.549211289602855857e+02 7.842934483030160209e+01 1.175448722996561344e+02
2.549356248523505712e+02 7.896707089797097012e+01 1.178136598682310989e+02
2.549431320051447756e+02 7.943851221880987623e+01 1.180221342887891467e+02
2.549402905740609526e+02 7.961577683282148143e+01 1.178375200146993222e+02
2.549437357272226166e+02 7.973899519647216039e+01 1.177915715148174343e+02
2.549499041919311253e+02 8.013972885004068303e+01 1.179309328818542184e+02
2.549503701078825202e+02 8.051744888048928317e+01 1.180638304853400484e+02
2.549582381814841199e+02 8.087959681864714412e+01 1.181813725490196134e+02
2.549584219229860480e+02 8.093105756358768588e+01 1.183264364648134972e+02
2.549635601228443136e+02 8.112039005695986305e+01 1.186015106176339344e+02
2.549673071370449122e+02 8.156134341286715994e+01 1.188544111084862323e+02
2.549695645326403621e+02 8.192876735700973256e+01 1.191522101477806643e+02
2.549723797149381710e+02 8.237102002782371812e+01 1.193616492112239769e+02
2.549770848098275451e+02 8.256457201354437814e+01 1.195007152794183298e+02
2.549776950941019038e+02 8.260511326351156924e+01 1.196459957476966736e+02
2.549763957791952009e+02 8.266930466965902724e+01 1.198398102212772613e+02
2.549802018531642887e+02 8.310954930834448362e+01 1.200548993359057164e+02
2.549863506312833010e+02 8.365006430952568905e+01 1.203573115993385301e+02
2.549848150773026703e+02 8.396760243588734340e+01 1.205440913982728262e+02
2.549842966637793040e+02 8.375759246134866487e+01 1.203124655484683814e+02
2.549799590518938430e+02 8.318405648738745128e+01 1.200479499698138994e+02
2.549780625771058169e+02 8.244777147806914286e+01 1.198845709635929353e+02
2.549805168385962020e+02 8.229885555293067512e+01 1.199718809880043011e+02
2.549805890227576981e+02 8.245679449825445317e+01 1.202076475837992433e+02
2.549846378979972314e+02 8.308652912302805760e+01 1.203763222825944297e+02
2.549878664986744354e+02 8.355738640837861908e+01 1.206671063338320664e+02
2.549882339816783485e+02 8.392331417171955366e+01 1.208570228626926024e+02
2.549923681654723566e+02 8.414091004541039354e+01 1.210440389007008406e+02
2.549908851090636972e+02 8.448463789799721724e+01 1.210147715043179204e+02
2.549908457358847045e+02 8.474015014305588522e+01 1.210126584770454343e+02
2.549934443656980818e+02 8.479850775651625838e+01 1.209222379714938143e+02
2.549896054807465191e+02 8.476404310050659774e+01 1.208370344121584310e+02
2.549899992125364179e+02 8.478502244271201960e+01 1.208164947371184041e+02
2.549891592513846206e+02 8.443503425466572310e+01 1.206713127017875422e+02
2.549865081239992719e+02 8.383375331390922724e+01 1.206439155314066767e+02
2.549846444601937208e+02 8.354407171168332980e+01 1.205403115730897383e+02
2.549825314329212347e+02 8.355434811139984674e+01 1.205606150090558373e+02
2.549824329999737529e+02 8.382068141848439780e+01 1.206453789012258113e+02
2.549848806992676487e+02 8.378818542142425940e+01 1.208636441189594990e+02
2.549887392708087361e+02 8.400437698506443951e+01 1.211886040895608545e+02
2.549850250675906125e+02 8.397600860960180569e+01 1.211969708900963383e+02
2.549850316297871302e+02 8.378004173556972489e+01 1.211475116150878080e+02
2.549822755072577820e+02 8.372109352442448937e+01 1.210860041473081878e+02
2.549817505315379265e+02 8.388071895424836555e+01 1.211511930073234140e+02
2.549860881434233590e+02 8.404508885214059433e+01 1.212134026301283569e+02
2.549834501404310174e+02 8.410487702443761293e+01 1.212231606163214934e+02
2.549838898075963982e+02 8.426561802766622122e+01 1.212732367378008718e+02
2.549855828542929999e+02 8.426807885135312404e+01 1.213470811349975094e+02
2.549848019529096916e+02 8.408816967215265947e+01 1.213585912276557224e+02
2.549825051841352206e+02 8.401942410163529473e+01 1.214699320156442752e+02
2.549803921568627345e+02 8.394429351392497551e+01 1.216087749691576789e+02
2.549817767803239121e+02 8.394281045751634451e+01 1.216551500118119549e+02
2.549789681602225926e+02 8.398868677323673637e+01 1.215439207811638767e+02
2.549798081213743899e+02 8.394242328792293506e+01 1.215869228548179706e+02
2.549796571908549367e+02 8.392884610336771800e+01 1.216133356957240750e+02
2.549822689450612927e+02 8.397766884531590392e+01 1.216496049557707977e+02
2.549836010709504706e+02 8.407763734677271827e+01 1.216831968396461718e+02
2.549842638527968006e+02 8.403918287529201336e+01 1.216233889807596427e+02
2.549860028348688843e+02 8.378438590965167521e+01 1.215572814132346338e+02
2.549843425991547861e+02 8.270210908995458965e+01 1.214012783158778888e+02
2.549803265348977561e+02 8.157508465233482298e+01 1.212272816757224945e+02
2.549818161535029049e+02 8.127548757119983236e+01 1.211635299367404315e+02
2.549837782502559378e+02 8.149007795889440331e+01 1.212837362521983380e+02
2.549857862823844528e+02 8.200377326298658431e+01 1.218482820169567162e+02
2.549886211512717580e+02 8.252254770716854182e+01 1.221954878336876931e+02
2.549860618946373734e+02 8.287884872824632509e+01 1.223730543087382188e+02
2.549881027377483917e+02 8.327781058876027487e+01 1.225643554610599324e+02
2.549883192902328233e+02 8.365156049032732710e+01 1.227395332965850372e+02
2.549896842271045045e+02 8.405360002099902772e+01 1.225932488122424360e+02
2.549898614064099434e+02 8.438465627214741005e+01 1.224566435677349858e+02
2.549901960784313815e+02 8.465140299761135623e+01 1.223659474499304451e+02
2.549902026406278708e+02 8.467370134131296311e+01 1.223636375567629955e+02
2.549924272252408457e+02 8.469872955875790410e+01 1.223922881066750676e+02
2.549924797228128170e+02 8.456572039793159945e+01 1.224892445599391095e+02
2.549902485760033528e+02 8.474664015539281081e+01 1.226625587316586632e+02
2.549950652282331873e+02 8.490056959865606245e+01 1.227320852035593362e+02
2.549934443656980818e+02 8.493482426437776667e+01 1.228411160983804535e+02
2.549914888311415666e+02 8.506163214951308760e+01 1.228238181484106377e+02
2.549931425046591471e+02 8.532711237105283431e+01 1.228091188282541992e+02
2.549932343754101396e+02 8.548113368506706422e+01 1.228727393233062912e+02
2.549936412315930454e+02 8.566599076042733429e+01 1.228199661390660680e+02
2.549936149828070313e+02 8.579520697167755827e+01 1.227518636638055511e+02
2.549932934351786287e+02 8.575963330445966903e+01 1.227986718114287186e+02
2.549930506339081830e+02 8.563714334462031275e+01 1.230923235425361639e+02
2.549940415255794335e+02 8.564390240701366963e+01 1.232993542798645592e+02
2.549936346693965277e+02 8.567620810037536216e+01 1.233484001364936802e+02
2.549936149828070313e+02 8.569788303540961749e+01 1.234049137727380128e+02
2.549913182140325887e+02 8.571655904664409320e+01 1.235464669134052542e+02
2.549929784497466869e+02 8.579732656114654787e+01 1.232952988424285365e+02
2.549914560201590632e+02 8.571247079822558135e+01 1.231004344174081950e+02
2.549916528860540268e+02 8.486813922356091666e+01 1.227336076331469599e+02
2.549904126309158130e+02 8.337621728745045857e+01 1.225633908181746534e+02
2.549899270283749502e+02 8.265229545633513908e+01 1.223117765178360514e+02
2.549894479880305482e+02 8.247030606084469184e+01 1.222739454550227123e+02
2.549873218363650551e+02 8.264428301441058977e+01 1.224809827545475969e+02
2.549900451479118999e+02 8.308189621230017963e+01 1.226566068194346002e+02
2.549879714938184065e+02 8.342127989080505301e+01 1.227787424206630504e+02
2.549889886342756711e+02 8.386483843872220234e+01 1.228803317846549561e+02
2.549888311415597002e+02 8.425699530146731320e+01 1.228301834790140958e+02
2.549895136099955266e+02 8.455468278342127064e+01 1.227756122529332998e+02
2.549903798199333380e+02 8.470258813029897738e+01 1.226586148515631152e+02
2.549917644433944872e+02 8.473129117778302088e+01 1.226443617607685610e+02
2.549908391736882152e+02 8.474173163241199802e+01 1.225619011995695189e+02
2.549911738457096249e+02 8.456116623356169271e+01 1.224058652912302847e+02
2.549912460298711210e+02 8.456655379688689322e+01 1.223744520565923892e+02
2.549909638554216826e+02 8.470577079560069933e+01 1.224614470955718275e+02
2.549917644433944872e+02 8.476650392419350055e+01 1.224728325064965730e+02
2.549897039136940009e+02 8.489457831325300674e+01 1.224713625744809349e+02
2.549922106727563857e+02 8.510510013911856220e+01 1.225813318634013172e+02
2.549921516129878967e+02 8.516883875370764656e+01 1.226710961493030965e+02
2.549914100847835812e+02 8.524073417854424406e+01 1.227015644276452235e+02
2.549886933354332257e+02 8.535650444916922197e+01 1.227453080295036330e+02
2.549887327086122184e+02 8.544296138803579765e+01 1.227335551355749743e+02
2.549893364306900878e+02 8.547106071344200018e+01 1.227619169488411188e+02
2.549932868729821109e+02 8.546870488489906847e+01 1.227478213507625213e+02
2.549916791348400125e+02 8.550031498543192754e+01 1.227820628920912469e+02
2.549907341785442441e+02 8.558809748799117756e+01 1.227670945218783629e+02
2.549881617975168524e+02 8.555537181405360059e+01 1.227322951938472784e+02
2.549911804079061426e+02 8.557101609050580748e+01 1.227414232091765740e+02
2.549923550410793496e+02 8.569177363046959783e+01 1.226259416751975238e+02
2.549903863821298273e+02 8.528768669449037532e+01 1.224016195500958020e+02
2.549872562144000767e+02 8.360975273643593653e+01 1.219967976481087817e+02
2.549874858912775153e+02 8.243129380266162798e+01 1.217134485655038389e+02
2.549853400530225542e+02 8.208074782791295831e+01 1.219045594141270925e+02
2.549849528834291448e+02 8.213529936740425796e+01 1.221419337480641474e+02
2.549875121400635294e+02 8.255072577893272978e+01 1.224053271911174079e+02
2.549849594456256341e+02 8.301524398246580461e+01 1.225826508648975022e+02
2.549863506312833010e+02 8.339921122398088471e+01 1.226935847967031492e+02
2.549887392708087361e+02 8.362783158778906056e+01 1.228087775940362718e+02
2.549894348636375696e+02 8.392194923484788660e+01 1.228486888731396220e+02
2.549858256555634171e+02 8.417392445599391237e+01 1.229328884164107478e+02
2.549888377037561895e+02 8.430592960075595954e+01 1.229006024096385516e+02
2.549877549413339750e+02 8.437378927474604495e+01 1.228555398062839572e+02
2.549849856944116198e+02 8.437631572039792616e+01 1.229531131060188471e+02
2.549859437751003952e+02 8.442675932488121759e+01 1.229794800115494695e+02
2.549876958815654859e+02 8.448312859280258635e+01 1.229687442580780612e+02
2.549884702207522764e+02 8.458292647715043699e+01 1.229440900858335368e+02
2.549895529831745193e+02 8.478144604562038467e+01 1.230602672126414205e+02
2.549881486731238738e+02 8.484873480851510408e+01 1.230669081554978135e+02
2.549886145890752687e+02 8.488593590046460235e+01 1.231512061317164068e+02
2.549879189962464352e+02 8.504951177258051587e+01 1.232228259443000695e+02
2.549878468120849391e+02 8.525954799590519428e+01 1.231468619576344565e+02
2.549874137071160476e+02 8.525566317557813534e+01 1.232199517022337716e+02
2.549883324146258303e+02 8.533380581148121280e+01 1.228744586187888785e+02
2.549899401527679288e+02 8.547258314302963811e+01 1.226862023256424408e+02
2.549893036197075844e+02 8.545529831745281513e+01 1.224804971520067198e+02
2.549893364306900878e+02 8.538479407827388457e+01 1.222613197889597672e+02
2.549878336876919320e+02 8.540288605402000144e+01 1.222484513216263764e+02
2.549874333937055439e+02 8.557303068483082598e+01 1.222767147019450391e+02
2.549862193873533442e+02 8.562100690343071108e+01 1.223608223744651866e+02
2.549893364306900878e+02 8.573511693834160496e+01 1.224662440612121657e+02
2.549883389768223196e+02 8.585006037220777841e+01 1.225019949077355221e+02
2.549874333937055439e+02 8.552676719951702466e+01 1.224184778329002228e+02
2.549877746279234714e+02 8.394391290652806958e+01 1.222517652308580693e+02
2.549858847153319061e+02 8.282706643567735227e+01 1.220227576974564982e+02
2.549839094941858946e+02 8.191601700921331997e+01 1.218696682153450439e+02
2.549783381893587375e+02 8.154449825445573197e+01 1.217119983200776971e+02
2.549804774654172377e+02 8.153735858466545494e+01 1.218302753497650741e+02
2.549828595427461551e+02 8.177830931569414474e+01 1.222489500485602605e+02
2.549820523925768327e+02 8.194882142950888237e+01 1.224338005617240270e+02
2.549818686510748762e+02 8.202449011733207840e+01 1.226816087880935555e+02
2.549824067511877672e+02 8.238430191353650400e+01 1.228406436202325693e+02
2.549810811874950787e+02 8.274163976166101975e+01 1.229829317269076370e+02
2.549828595427461551e+02 8.303092763209701843e+01 1.229725831430296381e+02
2.549819014620573796e+02 8.318498175709373754e+01 1.229589206499199463e+02
2.549835288867889744e+02 8.310150405543743091e+01 1.229220739165813541e+02
2.549818424022888905e+02 8.308690973042496353e+01 1.228509790797175611e+02
2.549845132162637356e+02 8.310455547680919608e+01 1.228774575425886582e+02
2.549816520985904447e+02 8.329021970233876004e+01 1.227479722812819887e+02
2.549855959786859785e+02 8.361269916266373059e+01 1.227402288894138707e+02
2.549862784471218333e+02 8.393830879071842332e+01 1.226700527600598463e+02
2.549865278105887683e+02 8.421135522482084923e+01 1.227037890122581842e+02
2.549862784471218333e+02 8.440924482242695603e+01 1.227831719032994755e+02
2.549864359398377758e+02 8.456575977111059217e+01 1.228216591857626554e+02
2.549854056749875326e+02 8.481550384544715371e+01 1.229111281728220035e+02
2.549847691419271882e+02 8.500092526970627205e+01 1.230142727773840505e+02
2.549838241856314198e+02 8.513152610441767365e+01 1.230586397879098115e+02
2.549836732551119383e+02 8.523399480274036932e+01 1.230766070819224609e+02
2.549853138042365401e+02 8.494883455390187521e+01 1.229436110454891491e+02
2.549861734519778338e+02 8.483690973042496353e+01 1.227499475024280144e+02
2.549874333937055439e+02 8.479705751109011658e+01 1.227861248917237589e+02
2.549870724728981202e+02 8.482423812898653637e+01 1.226524988844265920e+02
2.549870921594876165e+02 8.482629865868703689e+01 1.226714570701105060e+02
2.549877943145129677e+02 8.487502296768774102e+01 1.226750334672021410e+02
2.549880896133553847e+02 8.492960731816152986e+01 1.227949313594246235e+02
2.549873612095440478e+02 8.499129852744310654e+01 1.229095073102868980e+02
2.549874793290810260e+02 8.509250072184161695e+01 1.229253090794550758e+02
2.549893692416725628e+02 8.508509856419141215e+01 1.228647925033467203e+02
2.549867312386802212e+02 8.533055096201800893e+01 1.228005026642517805e+02
2.549877943145129677e+02 8.548226238286478917e+01 1.228229125652938620e+02
2.549862981337113297e+02 8.549715856891619126e+01 1.228015066803160380e+02
2.549866524923222357e+02 8.535160905058141623e+01 1.227057576712077065e+02
2.549863309446938047e+02 8.382580649394965633e+01 1.224654631598288574e+02
2.549826954878336949e+02 8.171415072052917594e+01 1.218631257054361186e+02
2.549777738404598892e+02 8.076333438328477143e+01 1.215320825786807291e+02
2.549741318214032617e+02 8.047659264509016452e+01 1.214621492505971645e+02
2.549738299603643270e+02 8.042444943171378213e+01 1.214809236947791220e+02
2.549729112528545443e+02 8.045566580045672822e+01 1.213823988765519601e+02
2.549682783421266663e+02 8.051524398246580461e+01 1.217386605244507507e+02
2.549704044937921594e+02 8.060393863033834805e+01 1.219511116360868357e+02
2.549713888232669206e+02 8.079508228994409080e+01 1.222618644512691333e+02
2.549716709977163589e+02 8.119677402420137469e+01 1.223418838753707689e+02
2.549714872562144024e+02 8.144445756883743570e+01 1.225133475076777643e+02
2.549671168333464664e+02 8.179552195710948581e+01 1.224746961703021242e+02
2.549761201669422803e+02 8.197325248707247169e+01 1.224121387510827645e+02
2.549725109588681562e+02 8.200721841614824825e+01 1.223355710423392964e+02
2.549733377956269464e+02 8.217952200960705511e+01 1.224100257238102785e+02
2.549733377956269464e+02 8.232860198965798304e+01 1.224443722602829610e+02
2.549730621833740258e+02 8.236911042864267074e+01 1.225780048297766172e+02
2.549729375016405584e+02 8.278094075649001127e+01 1.227079494448381780e+02
2.549757133107593745e+02 8.316211250229676466e+01 1.228686707614772757e+02
2.549777935270493856e+02 8.345690605559492781e+01 1.229280652019844098e+02
2.549773801086699621e+02 8.368906344331574587e+01 1.229790140955980746e+02
2.549817833425204014e+02 8.384469905766857778e+01 1.228264364648134972e+02
2.549810221277265896e+02 8.400507257789327298e+01 1.229102947738667098e+02
2.549811730582460427e+02 8.409178544242328712e+01 1.229331180932881864e+02
2.549814355461059847e+02 8.417420006824684720e+01 1.229397721605375722e+02
2.549782922539832555e+02 8.435525106963802955e+01 1.230092461348662596e+02
2.549810943118880857e+02 8.446533847809538997e+01 1.231200816337244390e+02
2.549825117463317383e+02 8.456667191642387138e+01 1.230624130508963958e+02
2.549795325091214409e+02 8.464707194792241296e+01 1.231265978948473645e+02
2.549834435782344997e+02 8.478066514423707645e+01 1.232164737380896185e+02
2.549815208546604595e+02 8.492546000997454314e+01 1.232326692390476950e+02
2.549817045961624160e+02 8.518433209964038610e+01 1.231097527364359365e+02
2.549802346641467921e+02 8.543397774102948006e+01 1.231374648922487296e+02
2.549808383862246330e+02 8.565841142347166226e+01 1.231298593065070719e+02
2.549861143922093731e+02 8.572858755282568666e+01 1.231592251358374739e+02
2.549833385830905286e+02 8.588927605848229518e+01 1.232131532666614220e+02
2.549864293776412865e+02 8.588860671443946160e+01 1.232235412237183994e+02
2.549843097881723111e+02 8.583196183426517223e+01 1.232115061553403166e+02
2.549846378979972314e+02 8.581208494107147544e+01 1.231867797989342961e+02
2.549844607186917642e+02 8.586402472635640493e+01 1.231695474709294729e+02
2.549836141953434776e+02 8.589486704989894861e+01 1.232106399454025194e+02
2.549855369189174894e+02 8.592237577762028877e+01 1.229836273197364562e+02
2.549854187993805397e+02 8.543182534057800126e+01 1.227730858072814186e+02
2.549783972491272266e+02 8.354817308449484869e+01 1.223930296348793831e+02
2.549726487649946307e+02 8.204971520067196877e+01 1.220215633776937807e+02
2.549719531721657972e+02 8.138894138646087129e+01 1.218994999606268266e+02
2.549700501351812534e+02 8.121962359240885121e+01 1.220881762343491630e+02
2.549703519962201881e+02 8.143824316875344493e+01 1.223122030606084536e+02
2.549719531721657972e+02 8.176040764364648794e+01 1.225323253799511747e+02
2.549701288815392388e+02 8.203066514423707645e+01 1.226319395227970688e+02
2.549677008688348110e+02 8.235057222353465534e+01 1.227042024306375794e+02
2.549720778538992647e+02 8.287226028296191771e+01 1.225887012100690328e+02
2.549766779536446393e+02 8.331784654959707836e+01 1.225435401737669565e+02
2.549761004803527840e+02 8.356416515736147232e+01 1.224098944798803075e+02
2.549787909809171254e+02 8.378803449090479205e+01 1.224769666902905811e+02
2.549751030264850158e+02 8.376083418641887590e+01 1.225084849200724477e+02
2.549765467097146825e+02 8.379072499146914765e+01 1.225520382182324113e+02
2.549782922539832555e+02 8.395067196892144068e+01 1.226682678426122806e+02
2.549798146835708792e+02 8.413492532220384135e+01 1.228946504974144887e+02
2.549823083182402854e+02 8.440875921988607899e+01 1.230320694542877362e+02
2.549836338819329740e+02 8.451767199517021822e+01 1.230872575268393803e+02
2.549852416200750724e+02 8.468158910150405916e+01 1.230086555371814114e+02
2.549854778591490003e+02 8.483110874872036788e+01 1.230487243090007041e+02
2.549847560175341812e+02 8.491586607869386683e+01 1.230702417513190028e+02
2.549851825603065834e+02 8.502104496417040025e+01 1.229881749219098594e+02
2.549840932356878511e+02 8.524771635561855021e+01 1.230296086306008334e+02
2.549838241856314198e+02 8.540457253852009956e+01 1.232226553271911200e+02
2.549850775651626122e+02 8.545189909966664743e+01 1.233832453999002610e+02
2.549855434811140071e+02 8.544783710003412125e+01 1.235031039189437507e+02
2.549847953907131739e+02 8.560466703414967071e+01 1.234235766595794956e+02
2.549879452450324209e+02 8.562737879623067272e+01 1.235059387878310559e+02
2.549887589573982325e+02 8.591936372942751632e+01 1.235867522377090069e+02
2.549898285954274684e+02 8.605937475391763769e+01 1.235461125547943340e+02
2.549896776649079868e+02 8.617467254639473140e+01 1.234717038086988481e+02
2.549907932383127331e+02 8.632225634564400707e+01 1.235517691681759658e+02
2.549885161561277869e+02 8.644895923563535689e+01 1.235478121636874249e+02
2.549901501430558710e+02 8.647546394729243957e+01 1.233662558731658692e+02
2.549892839331180880e+02 8.664793815786019593e+01 1.232846352731186244e+02
2.549885817780927653e+02 8.661390660681944098e+01 1.231927448355513519e+02
2.549920400556474362e+02 8.657328661049426444e+01 1.231809985038191968e+02
2.549904979394702877e+02 8.661899887130219611e+01 1.231719492348478866e+02
2.549914494579625739e+02 8.665289917841299427e+01 1.233272764259652945e+02
2.549891330025986349e+02 8.665747959156888669e+01 1.234425282830669062e+02
2.549905766858282732e+02 8.661904480667769235e+01 1.234633304459668750e+02
2.549886145890752687e+02 8.632127857836574947e+01 1.233262920964905334e+02
2.549898285954274684e+02 8.496041026852508082e+01 1.231229165026117585e+02
2.549860618946373734e+02 8.334763892169986832e+01 1.229283145654513447e+02
2.549872365278105804e+02 8.277199648266267218e+01 1.227629997112633475e+02
2.549857140982229566e+02 8.274381841089849843e+01 1.227897603485838829e+02
2.549842047930283115e+02 8.305268131348924499e+01 1.229346077118933209e+02
2.549828201695671623e+02 8.347106071344200018e+01 1.230777751528991786e+02
2.549856747250439639e+02 8.404403890070084060e+01 1.231162033755938836e+02
2.549880502401763920e+02 8.467633278210882963e+01 1.233211735832217784e+02
2.549872890253825801e+02 8.504873087119720765e+01 1.233947029949864884e+02
2.549880043048009099e+02 8.526924692232984171e+01 1.234250465915951338e+02
2.549878008767094570e+02 8.543719321731370542e+01 1.234884767829487942e+02
2.549876236974039898e+02 8.536878231881775037e+01 1.235136559309131883e+02
2.549878730608709247e+02 8.532474341811690977e+01 1.235026051920098666e+02
2.549876171352075005e+02 8.514721631624537679e+01 1.234080898758432454e+02
2.549881552353203631e+02 8.513092238233981845e+01 1.234471480694017913e+02
2.549868821691996743e+02 8.514780691393022494e+01 1.234908916712602007e+02
2.549867640496626962e+02 8.519676089980838185e+01 1.231935060503451780e+02
2.549882864792503483e+02 8.529695251594613126e+01 1.231109667427881504e+02
2.549871118460771129e+02 8.554588287791689538e+01 1.229833582696800249e+02
2.549888245793632109e+02 8.569821114523453787e+01 1.229888442659526930e+02
2.549877680657269536e+02 8.585014568076226738e+01 1.229729112528545585e+02
2.549872562144000767e+02 8.587800220489802427e+01 1.232084153607895587e+02
2.549857994067774314e+02 8.606406016221750122e+01 1.233022416463238642e+02
2.549872496522035874e+02 8.617350447541801373e+01 1.233417395070478051e+02
2.549871118460771129e+02 8.620574454681471366e+01 1.233033244087460929e+02
2.549896711027114975e+02 8.619985825655562905e+01 1.233724046512848815e+02
2.549888311415597002e+02 8.639134315037929923e+01 1.234116072131663913e+02
2.549907407407407334e+02 8.658401580176916923e+01 1.234243313121768182e+02
2.549888705147386929e+02 8.651075544006089046e+01 1.234715988135548770e+02
2.549894020526550662e+02 8.655695986560621691e+01 1.234765270231251861e+02
2.549896120429430084e+02 8.668528361813265803e+01 1.234915216421240558e+02
2.549897564112659722e+02 8.688649368716697552e+01 1.234056749875318246e+02
2.549910950993516678e+02 8.694073024122634763e+01 1.233499422526708145e+02
2.549880633645693990e+02 8.692571593563798160e+01 1.231468225844554638e+02
2.549897170380869795e+02 8.677406357455967623e+01 1.231043061133422611e+02
2.549891855001706062e+02 8.530274037325773406e+01 1.229052418825629331e+02
2.549878074389059464e+02 8.315582591805129198e+01 1.226403063233325526e+02
2.549825576817072204e+02 8.218613670367744817e+01 1.225201721920361138e+02
2.549823936267947602e+02 8.182895634826888909e+01 1.225658516418615704e+02
2.549841522954563402e+02 8.186678741108224244e+01 1.226041420584298010e+02
2.549855172323279930e+02 8.230126387904559238e+01 1.227566671916423928e+02
2.549808383862246330e+02 8.292532876604457215e+01 1.229840932356878511e+02
2.549824395621702422e+02 8.353412998398823675e+01 1.231063994540252509e+02
2.549786531747906793e+02 8.397073260361707980e+01 1.232857049111478602e+02
2.549815799144289485e+02 8.449047169068430208e+01 1.233290088458408746e+02
2.549799721762868501e+02 8.457335879465574635e+01 1.233066776911567786e+02
2.549826495524582128e+02 8.451103761451032881e+01 1.231864845000918649e+02
2.549814421083025024e+02 8.455090295823818280e+01 1.228802989736724669e+02
2.549812321180145318e+02 8.444660996928891450e+01 1.228325130587710277e+02
2.549805037142032234e+02 8.436659054518727885e+01 1.227416528860540268e+02
2.549817374071449194e+02 8.447297687481953687e+01 1.228041906186838901e+02
2.549859700238864093e+02 8.471384229729375193e+01 1.230463094206892976e+02
2.549867706118592139e+02 8.494989762973462177e+01 1.232529857994067726e+02
2.549824723731527456e+02 8.520934063049584495e+01 1.233728443184502765e+02
2.549804840276137270e+02 8.540597684857075933e+01 1.234488739270808679e+02
2.549844213455127715e+02 8.563183452765309767e+01 1.234959051893849846e+02
2.549867902984487102e+02 8.562970181379111523e+01 1.234656337769378212e+02
2.549903273223613382e+02 8.569772554269364662e+01 1.233355972911252820e+02
2.549838373100243984e+02 8.579608630600834829e+01 1.232053639394178077e+02
2.549835354489854922e+02 8.603959629367142270e+01 1.231835183872745887e+02
2.549863637556763081e+02 8.600317610310523264e+01 1.231138541092474412e+02
2.549855369189174894e+02 8.582165262356616608e+01 1.232205291755256269e+02
2.549864556264272721e+02 8.584289445363151572e+01 1.233405976848570731e+02
2.549875449510460044e+02 8.589778722734072858e+01 1.234310181904086932e+02
2.549876302596005075e+02 8.593224532115389991e+01 1.234800706092343177e+02
2.549874924534740330e+02 8.603398561566527292e+01 1.234617161456282588e+02
2.549871577814525949e+02 8.625191616137753670e+01 1.234376197600860934e+02
2.549866721789117321e+02 8.638266136441190213e+01 1.235543809223823359e+02
2.549874530802950403e+02 8.653134761267291708e+01 1.234839685539543837e+02
2.549875121400635294e+02 8.626323595033730385e+01 1.235024280127044136e+02
2.549875777620285078e+02 8.454853400530225827e+01 1.231761884137858658e+02
2.549853794262015469e+02 8.275757933695567203e+01 1.231727695094101875e+02
2.549838963697928875e+02 8.212273932330629123e+01 1.231544150458041287e+02
2.549814421083025024e+02 8.200862928839541155e+01 1.233571672310155662e+02
2.549820392681838541e+02 8.222505052891304445e+01 1.234926831509042700e+02
2.549847166443551885e+02 8.248551723232800725e+01 1.235479893429928921e+02
2.549831154684095793e+02 8.289207155419062190e+01 1.235020408431110042e+02
2.549867115520907248e+02 8.343511956322019785e+01 1.233624038638212994e+02
2.549841916686353329e+02 8.371443289497861429e+01 1.233234375410137318e+02
2.549840538625088584e+02 8.393073601595925481e+01 1.233116715226920803e+02
2.549883127280363340e+02 8.426727170118381594e+01 1.234070530487964987e+02
2.549852350578785831e+02 8.433165997322623753e+01 1.232940520250938334e+02
2.549833057721080536e+02 8.429203086857232563e+01 1.231022062104627679e+02
2.549830432842481116e+02 8.417906921804866727e+01 1.230384085361052087e+02
2.549866787411082214e+02 8.414971651311127232e+01 1.230069231173058313e+02
2.549849594456256341e+02 8.429195212221435440e+01 1.229865015618027684e+02
2.549861997007638479e+02 8.438159172638265204e+01 1.232404782528808056e+02
2.549860159592618913e+02 8.457436281072000384e+01 1.234716053757513663e+02
2.549864359398377758e+02 8.493666167939733214e+01 1.235721316639105396e+02
2.549862784471218333e+02 8.513588996508912032e+01 1.236908417985668223e+02
2.549874399559020333e+02 8.531362705724859552e+01 1.237661430033860910e+02
2.549874530802950403e+02 8.545226002047405700e+01 1.236474394309263261e+02
2.549867640496626962e+02 8.553572459773735659e+01 1.236092868204845558e+02
2.549875515132425221e+02 8.560527731842402943e+01 1.235981573352232488e+02
2.549883258524293126e+02 8.563768144473317534e+01 1.235705632989474196e+02
2.549866984276977178e+02 8.568979184712706854e+01 1.234904979394703020e+02
2.549870199753261488e+02 8.574273564847625551e+01 1.236109142452161649e+02
2.549889426989001890e+02 8.570819880830511295e+01 1.237041696196550902e+02
2.549904388797018271e+02 8.580128356563508873e+01 1.237126676641205307e+02
2.549876761949759896e+02 8.586291571514817633e+01 1.236664894873612042e+02
2.549888902013281893e+02 8.593575609628054224e+01 1.236694096648029983e+02
2.549869609155576597e+02 8.609509278945849076e+01 1.238262395989185478e+02
2.549871184082736306e+02 8.608312990524187569e+01 1.239555476809197643e+02
2.549895726697640157e+02 8.615982885791531487e+01 1.240146796335669421e+02
2.549872365278105804e+02 8.639258996771398813e+01 1.240740609496810833e+02
2.549871971546315876e+02 8.641956059532246570e+01 1.240991088537155207e+02
2.549884702207522764e+02 8.657522902065780102e+01 1.239049465837205020e+02
2.549883127280363340e+02 8.670699792634590608e+01 1.237956794498254425e+02
2.549883324146258303e+02 8.676402997611360490e+01 1.237437265401475202e+02
2.549886014646822616e+02 8.620163661180670545e+01 1.235156180276662212e+02
2.549859765860828986e+02 8.402716749350342695e+01 1.230720922907315469e+02
2.549831614037850613e+02 8.261267291387773071e+01 1.228225253957004526e+02
2.549809499435651219e+02 8.198613407879885528e+01 1.227031656035908327e+02
2.549818752132713939e+02 8.189766254560726111e+01 1.227991508517731063e+02
2.549786466125941615e+02 8.203055358689660181e+01 1.228766569546158536e+02
2.549792503346720309e+02 8.230543087382208967e+01 1.228598642937764112e+02
2.549838569966138948e+02 8.267666745413025353e+01 1.229491232905478171e+02
2.549842047930283115e+02 8.287447174318187137e+01 1.230537312649289987e+02
2.549805758983646911e+02 8.312615822768196949e+01 1.231449326718639270e+02
2.549835551355749885e+02 8.332146888206420954e+01 1.232306218337401873e+02
2.549839226185789016e+02 8.350221146021996788e+01 1.233281623224925880e+02
2.549829579756936369e+02 8.355662519358479301e+01 1.231714439457175132e+02
2.549838176234349021e+02 8.354847494553376919e+01 1.230338412473423091e+02
2.549815471034464736e+02 8.340234139171063532e+01 1.229640654119747012e+02
2.549806349581331801e+02 8.351469275795994918e+01 1.228821954484605072e+02
2.549845000918707569e+02 8.369801427933957427e+01 1.229848150773026703e+02
2.549848610126781523e+02 8.401910255400687788e+01 1.231124891723757742e+02
2.549851235005380943e+02 8.444546158490169319e+01 1.231837874373310200e+02
2.549846247736042244e+02 8.485970023886395097e+01 1.232913877733154777e+02
2.549872430900070981e+02 8.511815234795390950e+01 1.232728626926004694e+02
2.549873808961335442e+02 8.532696144053338116e+01 1.233057196104680173e+02
2.549861668897813445e+02 8.552034280914507747e+01 1.233347179567944920e+02
2.549869477911646527e+02 8.563485970023886296e+01 1.232458658162060061e+02
2.549869609155576597e+02 8.573105493870907878e+01 1.232830472215660080e+02
2.549853466152190435e+02 8.586086830984066864e+01 1.232780796388167062e+02
2.549876761949759896e+02 8.592590623933642746e+01 1.233421332388377039e+02
2.549867968606451996e+02 8.584515184922697983e+01 1.232484841326088656e+02
2.549871184082736306e+02 8.573065464472267649e+01 1.232167624747355461e+02
2.549871905924350983e+02 8.565179016720476568e+01 1.232614904060687167e+02
2.549875646376355007e+02 8.574155445310654500e+01 1.233685723285298081e+02
2.549913772738010778e+02 8.583110218652387857e+01 1.233472976874819551e+02
2.549881749219098594e+02 8.606527416856970092e+01 1.232749297844974734e+02
2.549880699267658883e+02 8.628548835866341449e+01 1.232485563167703475e+02
2.549865278105887683e+02 8.646378979972176637e+01 1.232447371184082670e+02
2.549880043048009099e+02 8.659476467963357038e+01 1.232307727642596547e+02
2.549874727668845367e+02 8.659546027246240385e+01 1.232634328162322532e+02
2.549897760978554686e+02 8.657188886264010819e+01 1.232586358505919151e+02
2.549873152741685658e+02 8.657747985405674740e+01 1.232970115757146203e+02
2.549892051867601026e+02 8.659697613985353826e+01 1.232927264614011591e+02
2.549863440690868117e+02 8.665683649631203878e+01 1.233275389138252365e+02
2.549881027377483917e+02 8.667437724755230022e+01 1.233127017875423235e+02
2.549878140011024357e+02 8.629598131086437718e+01 1.231694884111609838e+02
2.549882339816783485e+02 8.432062892091241224e+01 1.228376906318082860e+02
2.549828070451741553e+02 8.277014594325012808e+01 1.224721106648817539e+02
2.549778132136388820e+02 8.219661653148541802e+01 1.222741685697036473e+02
2.549773866708664798e+02 8.208626663516812982e+01 1.223547129695251527e+02
2.549752802057904830e+02 8.225337953119668555e+01 1.224283211276478482e+02
2.549775047904034579e+02 8.260076908942961893e+01 1.226509567682494719e+02
2.549785481796466797e+02 8.289953933380580509e+01 1.226501233692941639e+02
2.549792962700475130e+02 8.309095204346799335e+01 1.226930007612147904e+02
2.549827676719951626e+02 8.325195553455652941e+01 1.227594167519752233e+02
2.549825445573142133e+02 8.357909415439536360e+01 1.229120206315457864e+02
2.549795325091214409e+02 8.387875029529884330e+01 1.230652085466047225e+02
2.549814749192849774e+02 8.385610415518281968e+01 1.230381394860487632e+02
2.549809565057616112e+02 8.379484605087014870e+01 1.229492414100847810e+02
2.549802084153607780e+02 8.384763892169986832e+01 1.230822965062865819e+02
2.549806480825261872e+02 8.406358768406961701e+01 1.230989644853925569e+02
2.549821573877208039e+02 8.424329343517862867e+01 1.230987348085151041e+02
2.549808908837966328e+02 8.461859857731579382e+01 1.231281990707929737e+02
2.549831417171955934e+02 8.494216736225949660e+01 1.232344344699057643e+02
2.549825904926897238e+02 8.531308239493922940e+01 1.233438459721237876e+02
2.549816783473764303e+02 8.544580281911962061e+01 1.232786636743050650e+02
2.549846116492112174e+02 8.558410767252014750e+01 1.232644762054755034e+02
2.549847691419271882e+02 8.571177520539674788e+01 1.232404782528808056e+02
2.549830301598551046e+02 8.589431582539307897e+01 1.232781386985851952e+02
2.549821048901488325e+02 8.604467543376118499e+01 1.232272488647400053e+02
2.549845919626217210e+02 8.604145995747695963e+01 1.234106097592986373e+02
2.549878140011024357e+02 8.605401343937842285e+01 1.234271989920466126e+02
2.549845000918707569e+02 8.604521353387406180e+01 1.235747368559204205e+02
2.549833910806625283e+02 8.621959078142636201e+01 1.236372942751397801e+02
2.549854450481665253e+02 8.625162086253510552e+01 1.236688453159041359e+02
2.549863375068902940e+02 8.619765335853216470e+01 1.236033349082604929e+02
2.549880699267658883e+02 8.621837021287765879e+01 1.236252723311546902e+02
2.549865146861957612e+02 8.644217392445600012e+01 1.235547024700107670e+02
2.549899204661784324e+02 8.642998136336194648e+01 1.235961296165052374e+02
2.549898089088379720e+02 8.649416620731291516e+01 1.235596766149565582e+02
2.549900320235189213e+02 8.677140588497782403e+01 1.233950639157938980e+02
2.549910360395831788e+02 8.696417696931517582e+01 1.232939010945743803e+02
2.549874071449195583e+02 8.703220726041421074e+01 1.232638856077906411e+02
2.549885883402892546e+02 8.707681051001391381e+01 1.232141638449221688e+02
2.549894020526550662e+02 8.728969472661889029e+01 1.232183964616636445e+02
2.549913444628186028e+02 8.722236659054519237e+01 1.233273748589127763e+02
2.549897498490694829e+02 8.707432999973751464e+01 1.233972425650313625e+02
2.549884833451452835e+02 8.688774050450166442e+01 1.233000958080688747e+02
2.549876827571724789e+02 8.522789852219334250e+01 1.231157965194109778e+02
2.549863178203007976e+02 8.327116964590388193e+01 1.228519896579783222e+02
2.549807465154736690e+02 8.236871013465626845e+01 1.227651849226973297e+02
2.549784628710922050e+02 8.218157597711105211e+01 1.227781583851746916e+02
2.549802609129327777e+02 8.230403312596791920e+01 1.229194949733574873e+02
2.549824854975457527e+02 8.262723442790770889e+01 1.230287949182350360e+02
2.549830892196235936e+02 8.298057589836470527e+01 1.231278053390030749e+02
2.549840735490983548e+02 8.365728928787044083e+01 1.230084258603039586e+02
2.549848019529096916e+02 8.403905163136205658e+01 1.230516182376565126e+02
2.549841588576528295e+02 8.435771845552143589e+01 1.231293671417696913e+02
2.549836666929154489e+02 8.453829697876473404e+01 1.230045082289944105e+02
2.549844935296742392e+02 8.450274299813634116e+01 1.230421949234847858e+02
2.549845000918707569e+02 8.442448880489277485e+01 1.230512573168490889e+02
2.549851628737170870e+02 8.415597684857075933e+01 1.230159723862771415e+02
2.549833123343045429e+02 8.412078378874977602e+01 1.229218048665249228e+02
2.549836273197364562e+02 8.423450009187075693e+01 1.230202509383940992e+02
2.549838504344174055e+02 8.449623329920990500e+01 1.231654526603144575e+02
2.549857862823844528e+02 8.472596267422632366e+01 1.229896251673360155e+02
2.549828201695671623e+02 8.501376092605717361e+01 1.229777672782633857e+02
2.549833188965010322e+02 8.522735385988397638e+01 1.230503517337323132e+02
2.549860750190303804e+02 8.549501273066120177e+01 1.230136165577342098e+02
2.549882536682678449e+02 8.557492715961886631e+01 1.230205396750400269e+02
2.549863965666587831e+02 8.589112659789485349e+01 1.231259941727695093e+02
2.549861472031918481e+02 8.610109719925453931e+01 1.233299734887261394e+02
2.549872759009895731e+02 8.624009108328739615e+01 1.234200855710423355e+02
2.549831417171955934e+02 8.625022967687743858e+01 1.234165222983437076e+02
2.549872562144000767e+02 8.638201170695855069e+01 1.234467674620048854e+02
2.549867049898942071e+02 8.629790403443840319e+01 1.234842704149933041e+02
2.549893692416725628e+02 8.629980707142294705e+01 1.233283657505840409e+02
2.549879846182114136e+02 8.617924639735412029e+01 1.232702378140011064e+02
2.549899335905714395e+02 8.636782423812898912e+01 1.231713848859490241e+02
2.549896645405150082e+02 8.650103026485025737e+01 1.232726461401160236e+02
2.549910491639761574e+02 8.662457017612935317e+01 1.232630128356563546e+02
2.549902026406278708e+02 8.664759036144577919e+01 1.231140444129459013e+02
2.549893954904585769e+02 8.665193453552772951e+01 1.230578391999370069e+02
2.549893233062970808e+02 8.679477386670866679e+01 1.231074100322860119e+02
2.549912460298711210e+02 8.694671496443289982e+01 1.231612594167519745e+02
2.549899860881434108e+02 8.685835498858178028e+01 1.231310929994487822e+02
2.549899467149644465e+02 8.656796466913405652e+01 1.230751765230858013e+02
2.549861472031918481e+02 8.507682363440690665e+01 1.228759482373940273e+02
2.549852022468960797e+02 8.324417276950940447e+01 1.226619221985983188e+02
2.549826954878336949e+02 8.231824028138699134e+01 1.223731461794891970e+02
2.549798934299288646e+02 8.220560674068823914e+01 1.223514253090794597e+02
2.549798212457673969e+02 8.239112003569834997e+01 1.224808055752421438e+02
2.549779182087828531e+02 8.269096648030028973e+01 1.226807688269417582e+02
2.549817242827519124e+02 8.319834238916449465e+01 1.227637674882536629e+02
2.549819998950048614e+02 8.363376381342362720e+01 1.229032076016484183e+02
2.549806415203296979e+02 8.395718823004436615e+01 1.230790613434128602e+02
2.549836273197364562e+02 8.417044649184974503e+01 1.232634328162322532e+02
2.549824658109562563e+02 8.446445258156809643e+01 1.233008438984696937e+02
2.549821639499173216e+02 8.456363361944509904e+01 1.234003333595821204e+02
2.549839029319894053e+02 8.444276452214084827e+01 1.234256240648870033e+02
2.549824789353492349e+02 8.402025093839409919e+01 1.232603354594849918e+02
2.549813502375515100e+02 8.384204793028322911e+01 1.231672310155655339e+02
2.549829448513006298e+02 8.392386539622542330e+01 1.231685828280442081e+02
2.549839816783473623e+02 8.418256686878231676e+01 1.232876604457043896e+02
2.549843754101372895e+02 8.453690579310706710e+01 1.233750557786702302e+02
2.549869412289681634e+02 8.500008530855447475e+01 1.232118802005407190e+02
2.549829711000866155e+02 8.545899283408142821e+01 1.230945612515421175e+02
2.549852678688610581e+02 8.576730451216631934e+01 1.230801572302280960e+02
2.549842704149933184e+02 8.592087959681865073e+01 1.230591253904506885e+02
2.549842047930283115e+02 8.601908942961388505e+01 1.231155340315510358e+02
2.549838373100243984e+02 8.613272698637688052e+01 1.229691511142609670e+02
2.549834829514134924e+02 8.623197364621886152e+01 1.229772554269365088e+02
2.549869281045751563e+02 8.639650103682704696e+01 1.230087867811113682e+02
2.549843163503688004e+02 8.640591778880227025e+01 1.230336968790193453e+02
2.549846969577656921e+02 8.639190749927816171e+01 1.230021524004514788e+02
2.549838701210069019e+02 8.648857521589626174e+01 1.230986232511746294e+02
2.549864359398377758e+02 8.674536052707561851e+01 1.232125429823870633e+02
2.549867837362521925e+02 8.680111951072262855e+01 1.233188374412683430e+02
2.549866262435362501e+02 8.687370396619157020e+01 1.233125377326298633e+02
2.549853334908260365e+02 8.693271779930178411e+01 1.233966257185605144e+02
2.549864621886237899e+02 8.701826915505158411e+01 1.234343386618368896e+02
2.549874465180985510e+02 8.698817492190985945e+01 1.234529228023203871e+02
2.549845657138357353e+02 8.701942410163529473e+01 1.234333280835761286e+02
2.549863768800692867e+02 8.717505315379163733e+01 1.234729506260335512e+02
2.549852613066645688e+02 8.730398719059243717e+01 1.235527075622752449e+02
2.549864556264272721e+02 8.728327033624694309e+01 1.234914428957660704e+02
2.549848872614641664e+02 8.678262724099010939e+01 1.234423182927789640e+02
2.549851169383416050e+02 8.466051132635115550e+01 1.231513833110218599e+02
2.549826167414757094e+02 8.320146599469774173e+01 1.227972937501640587e+02
2.549784563088957157e+02 8.275612252933301249e+01 1.226424127884085351e+02
2.549770716854345380e+02 8.260162217497440906e+01 1.227168084101110281e+02
2.549776557209229111e+02 8.271151271753682011e+01 1.227373874583300477e+02
2.549775835367614150e+02 8.316015696774023525e+01 1.227228981284615656e+02
2.549806808935086622e+02 8.344889361367036429e+01 1.227590820799537994e+02
2.549815208546604595e+02 8.375328109824920375e+01 1.228585584166732332e+02
2.549809236947791078e+02 8.387816625981048446e+01 1.229223823398167781e+02
2.549801952909677993e+02 8.410332834606398933e+01 1.229472268157597767e+02
2.549800443604483178e+02 8.432248602252145986e+01 1.230131768905688148e+02
2.549810680631020716e+02 8.450433104968895748e+01 1.229604233929180737e+02
2.549826889256371771e+02 8.420729978738482657e+01 1.230226461401160236e+02
2.549820983279523432e+02 8.408366800535475249e+01 1.230293330183478986e+02
2.549812386802110495e+02 8.407959944352573700e+01 1.231082237446518093e+02
2.549798343701603756e+02 8.431495262094128407e+01 1.232740242013806835e+02
2.549819736462188757e+02 8.458011129485261392e+01 1.233581187495078382e+02
2.549821967608997966e+02 8.492493503425465917e+01 1.234684948946111263e+02
2.549814749192849774e+02 8.521183426516523696e+01 1.233636769299419882e+02
2.549867968606451996e+02 8.533803186602619917e+01 1.233560647820038270e+02
2.549846510223902101e+02 8.547472241908812407e+01 1.233724177756778744e+02
2.549832795233220395e+02 8.568947029949865168e+01 1.233642215922513543e+02
2.549860947056198768e+02 8.577474604299551686e+01 1.233979053468777067e+02
2.549863965666587831e+02 8.600883927868336798e+01 1.233354332362128218e+02
2.549842441662073043e+02 8.621595532456623800e+01 1.233510578260755466e+02
2.549836535685224419e+02 8.632437593511299667e+01 1.233673451977846014e+02
2.549855631677035035e+02 8.643607764390897330e+01 1.234134380659894532e+02
2.549858453421529134e+02 8.646707089797097012e+01 1.234249415964511627e+02
2.549890214452581461e+02 8.657753235162873295e+01 1.232790967792739565e+02
2.549891986245636133e+02 8.673416541984933303e+01 1.231507270913720191e+02
2.549870527863086238e+02 8.686956322020107280e+01 1.230910964117909572e+02
2.549859437751003952e+02 8.691667979105966424e+01 1.230403771950547309e+02
2.549878008767094570e+02 8.699312281806966496e+01 1.230526288159172594e+02
2.549867902984487102e+02 8.702746279234585813e+01 1.230044163582434322e+02
2.549882405438748378e+02 8.711375567629997363e+01 1.230015289917841272e+02
2.549888508281491966e+02 8.720644670184003644e+01 1.229550555161823695e+02
2.549869871643436454e+02 8.720130193978528155e+01 1.228761976008609622e+02
2.549879911804079029e+02 8.704591568889938458e+01 1.227769575032154705e+02
2.549873612095440478e+02 8.643547392183111810e+01 1.227416528860540268e+02
2.549855041079350144e+02 8.424389059505998034e+01 1.224621230018111646e+02
2.549818489644853798e+02 8.266012415675774605e+01 1.223012835656350887e+02
2.549803396592907632e+02 8.196121741869438893e+01 1.220814434207417918e+02
2.549778919599968390e+02 8.191329369766648938e+01 1.220545974748667817e+02
2.549759036144578204e+02 8.233894401133947838e+01 1.222236659054518668e+02
2.549765401475181648e+02 8.270155130325223070e+01 1.223405714360710874e+02
2.549770323122555453e+02 8.314479486573746669e+01 1.223081148121899417e+02
2.549794603249599731e+02 8.350832742735649106e+01 1.224497007638396724e+02
2.549764679633566971e+02 8.386451689109378549e+01 1.224148883114155950e+02
2.549765467097146825e+02 8.412933433078720213e+01 1.227156206525448141e+02
2.549809236947791078e+02 8.433605008268366987e+01 1.229127687219466054e+02
2.549793684542089807e+02 8.435667506627818568e+01 1.229758970522613311e+02
2.549768091975746245e+02 8.397829225398325548e+01 1.228812701787542352e+02
2.549754376985064539e+02 8.382755203821822931e+01 1.228055030579835716e+02
2.549761661023177624e+02 8.374569519909704240e+01 1.230552602567131260e+02
2.549784956820747084e+02 8.368638606714439732e+01 1.231843583484263860e+02
2.549802412263432814e+02 8.396919704963644904e+01 1.233506509698926408e+02
2.549776360343334147e+02 8.425702155025329887e+01 1.235114838438722273e+02
2.549803002861117704e+02 8.448583877995642410e+01 1.236340722366590512e+02
2.549824067511877672e+02 8.520155786544872001e+01 1.233167769115678425e+02
2.549784300601097300e+02 8.566620075071527651e+01 1.231300167992230428e+02
2.549806218337402015e+02 8.590216421240518230e+01 1.230343202876866968e+02
2.549798081213743899e+02 8.605026642517783841e+01 1.229837913746489164e+02
2.549831285928025864e+02 8.623472976874819551e+01 1.230168582828044208e+02
2.549839226185789016e+02 8.632494028401185915e+01 1.232064138908575472e+02
2.549851300627346120e+02 8.633847153319159418e+01 1.233740123894269942e+02
2.549862259495498336e+02 8.640851641861563337e+01 1.234499435651101180e+02
2.549842638527968006e+02 8.652644565188859360e+01 1.235496889518859689e+02
2.549831351549990757e+02 8.656399454025250861e+01 1.236699018295403789e+02
2.549846182114077351e+02 8.671831115310916971e+01 1.236677559912854036e+02
2.549866656167152144e+02 8.678847415807018706e+01 1.237573299734887229e+02
2.549863703178727974e+02 8.689436176076856100e+01 1.238543717353072395e+02
2.549858256555634171e+02 8.683898338451847110e+01 1.237943473239362646e+02
2.549858190933669277e+02 8.692586030396094543e+01 1.238727590098957876e+02
2.549874465180985510e+02 8.725711998320078067e+01 1.235006168464708480e+02
2.549871643436491127e+02 8.742806520198440978e+01 1.232148135023755202e+02
2.549858978397249132e+02 8.739575294642622794e+01 1.231238942698900161e+02
2.549875646376355007e+02 8.737290994041525494e+01 1.230314526078168882e+02
2.549886802110402471e+02 8.607984224479618263e+01 1.226826259285508058e+02
2.549812255558180425e+02 8.415190828674174384e+01 1.223318043415492014e+02
2.549813174265690350e+02 8.326645798881801852e+01 1.222976677953644611e+02
2.549797293750164044e+02 8.318157597711105211e+01 1.221944903798199391e+02
2.549776360343334147e+02 8.334069611780455489e+01 1.223300522350841248e+02
2.549784169357167229e+02 8.373327296112555018e+01 1.224338399349030055e+02
2.549792831456545059e+02 8.411748956610756522e+01 1.227532548494632181e+02
2.549789025382576142e+02 8.442623434916134784e+01 1.229480864635010562e+02
2.549814486704989918e+02 8.471556159277633924e+01 1.231118985746909260e+02
2.549813830485340134e+02 8.498480195290967742e+01 1.231609378691235577e+02
2.549804118434522309e+02 8.520388744520566604e+01 1.231939916528860550e+02
2.549835223245924851e+02 8.556106780061422512e+01 1.230341759193637330e+02
2.549820720791663291e+02 8.565224952095965705e+01 1.230158673911331562e+02
2.549856944116334603e+02 8.564331837152531079e+01 1.229267330760952319e+02
2.549867706118592139e+02 8.561415597028637592e+01 1.228713940730241205e+02
2.549856484762579782e+02 8.577360422080478486e+01 1.229635732472373206e+02
2.549863243824973154e+02 8.588621151271753718e+01 1.232938945323778768e+02
2.549875580754390114e+02 8.606404703782449417e+01 1.233919993700291400e+02
2.549875646376355007e+02 8.619820458303803434e+01 1.234922697325248748e+02
2.549863309446938047e+02 8.640194109772423303e+01 1.235903023860146419e+02
2.549857075360264673e+02 8.660516576108355480e+01 1.236740294511378835e+02
2.549887327086122184e+02 8.675448198020841062e+01 1.235753471401947650e+02
2.549892773709215987e+02 8.684681208494107807e+01 1.234411633461952391e+02
2.549899073417854538e+02 8.705602147150693781e+01 1.234481783342520345e+02
2.549899270283749502e+02 8.708971178832979376e+01 1.234886539622542472e+02
2.549921384885948896e+02 8.728567210016537103e+01 1.235371026590020165e+02
2.549924403496338243e+02 8.745767383258524319e+01 1.234934312413050890e+02
2.549920531800404149e+02 8.754100716591857179e+01 1.235640404756280049e+02
2.549905504370422875e+02 8.760166154815340178e+01 1.236838071239205163e+02
2.549913575872115814e+02 8.770303435966086170e+01 1.237484972570018584e+02
2.549914888311415666e+02 8.784540121269391477e+01 1.236543231750531504e+02
2.549921319263984003e+02 8.771826521773367347e+01 1.235927041499330699e+02
2.549915282043205593e+02 8.765187547575924043e+01 1.236290521563377638e+02
2.549926897131007593e+02 8.764526734388535090e+01 1.236991626637267956e+02
2.549931490668556648e+02 8.773201301939785424e+01 1.236731435546106042e+02
2.549945861878888138e+02 8.780498464446019113e+01 1.237097015513032545e+02
2.549927618972622554e+02 8.775360920807412413e+01 1.237847402682625955e+02
2.549918431897524727e+02 8.661375567629997363e+01 1.236280612646665134e+02
2.549912788408536244e+02 8.502757434968633277e+01 1.232610901120823144e+02
2.549855566055069858e+02 8.428920912407801325e+01 1.231486993726540078e+02
2.549878468120849391e+02 8.421602750872771992e+01 1.231571842927264555e+02
2.549895070477990373e+02 8.435674725043966760e+01 1.232120508176496827e+02
2.549857272226159637e+02 8.480565398850302472e+01 1.233328739795784514e+02
2.549883324146258303e+02 8.545871065963198987e+01 1.234294826364280624e+02
2.549887983305771968e+02 8.591321495130850394e+01 1.234952424075386546e+02
2.549880239913904063e+02 8.619097304249677904e+01 1.236108748720371722e+02
2.549879452450324209e+02 8.628702391264404525e+01 1.236216565608840625e+02
2.549905438748457982e+02 8.630310785626164716e+01 1.236470850723154058e+02
2.549896973514974832e+02 8.619104522665826096e+01 1.236186379504947865e+02
2.549911082237446465e+02 8.597279969551408385e+01 1.236228049452712838e+02
2.549926437777252772e+02 8.586647898784681843e+01 1.236324776229099456e+02
2.549888573903456859e+02 8.581088405911226857e+01 1.235739493923406087e+02
2.549894611124235553e+02 8.599940284011864833e+01 1.235928353938630408e+02
2.549912263432816246e+02 8.629086935979211148e+01 1.236835118250780852e+02
2.549904716906843021e+02 8.675162742473160904e+01 1.236825012468173384e+02
2.549921319263984003e+02 8.679060687193216950e+01 1.237444943171378355e+02
2.549920531800404149e+02 8.684824264377772352e+01 1.236037286400503916e+02
2.549919088117174510e+02 8.706033939680290246e+01 1.236437449142977130e+02
2.549909769798146897e+02 8.725563692679213545e+01 1.236286715489408579e+02
2.549925190959918098e+02 8.736568496207050316e+01 1.235855907289287927e+02
2.549924009764548316e+02 8.742362259495497767e+01 1.235792778958973201e+02
2.549928143948342267e+02 8.753110481140247146e+01 1.235880581148121848e+02
2.549937002913615345e+02 8.758492138488594492e+01 1.235720594797490577e+02
2.549927815838517517e+02 8.769569126177914598e+01 1.234540908732971047e+02
2.549943433866183682e+02 8.780298317452817969e+01 1.235084061737144623e+02
2.549932737485891323e+02 8.786851326876131907e+01 1.234921056776124146e+02
2.549940284011864549e+02 8.785533637819250430e+01 1.237330957818200972e+02
2.549922369215423714e+02 8.782419219361104012e+01 1.238393639919153770e+02
2.549925584691708025e+02 8.773234769141927814e+01 1.238727721342887946e+02
2.549921450507914074e+02 8.681308239493922940e+01 1.237037955744546878e+02
2.549912197810851353e+02 8.482068798068088711e+01 1.235348715121925665e+02
2.549889361367036713e+02 8.366711289602855572e+01 1.231721329763498431e+02
2.549861143922093731e+02 8.321260204215555234e+01 1.230759639866656130e+02
2.549862521983358192e+02 8.322481428983908813e+01 1.231684515841142371e+02
2.549873152741685658e+02 8.360078221382261177e+01 1.232959091267028953e+02
2.549876105730110112e+02 8.404441950809774653e+01 1.232989277370921570e+02
2.549862325117463229e+02 8.452395857941570512e+01 1.234988319290232823e+02
2.549879846182114136e+02 8.500531537916371860e+01 1.236459104391421846e+02
2.549889951964721604e+02 8.557474998031341329e+01 1.237267304512166248e+02
2.549882864792503483e+02 8.580266818909625215e+01 1.237559322256345666e+02
2.549875187022600187e+02 8.587790377195054248e+01 1.237226553271911200e+02
2.549876761949759896e+02 8.570326403653831449e+01 1.234779510197653423e+02
2.549880043048009099e+02 8.552875554505604327e+01 1.232283381893587375e+02
2.549893889282620592e+02 8.532075360264587971e+01 1.232287844187206360e+02
2.549894676746200446e+02 8.533361550778276694e+01 1.231446504974144887e+02
2.549908785468672079e+02 8.551709452187836291e+01 1.231231855526681898e+02
2.549903338845578276e+02 8.597402026406278708e+01 1.233262527233115406e+02
2.549895201721920444e+02 8.643979840932357206e+01 1.234047103446465599e+02
2.549887523952017148e+02 8.671343544111084611e+01 1.233531839777410255e+02
2.549887195842192398e+02 8.696588970260125961e+01 1.233778972097540532e+02
2.549898285954274684e+02 8.719572407276163517e+01 1.234876433839934862e+02
2.549885227183242762e+02 8.721431477544163613e+01 1.234802937239152669e+02
2.549891789379741169e+02 8.716858282804420810e+01 1.234584087985930694e+02
2.549907079297582584e+02 8.715756490012337565e+01 1.235398587815313505e+02
2.549935887340210456e+02 8.723190146205737960e+01 1.235758261805391527e+02
2.549913575872115814e+02 8.735515263669054775e+01 1.235777882772921714e+02
2.549926306533322702e+02 8.745869753523899703e+01 1.235370698480195273e+02
2.549926503399217665e+02 8.753643987715568642e+01 1.234692692337979310e+02
2.549917447568049909e+02 8.761269260046722707e+01 1.234565582591805111e+02
2.549929259521747156e+02 8.773083838622463304e+01 1.235122253720765428e+02
2.549934181169120961e+02 8.793247499803133849e+01 1.235105716985589481e+02
2.549925584691708025e+02 8.795211565215109317e+01 1.234052418825629331e+02
2.549919875580754365e+02 8.743932593117568786e+01 1.231754796965640395e+02
2.549902354516103742e+02 8.548693466677165986e+01 1.227841956059532293e+02
2.549885095939312691e+02 8.378613145392026240e+01 1.224478502244271141e+02
2.549837388770769451e+02 8.291459957476966736e+01 1.222346378979972172e+02
2.549847494553376919e+02 8.262103315221671096e+01 1.226012153187915033e+02
2.549849463212326555e+02 8.272355434811140640e+01 1.228989159251384677e+02
2.549835092001994781e+02 8.290890358820904282e+01 1.230777357797201859e+02
2.549815339790534665e+02 8.310657663333070388e+01 1.233054636848045789e+02
2.549832926477150465e+02 8.320476021733995253e+01 1.233833897682232248e+02
2.549832204635535504e+02 8.349807071422947047e+01 1.233350723154054123e+02
