2.502591366385616709e+02 8.058184135507322310e+01 1.378895533869289238e+02
2.503529087919878009e+02 8.085581984645318698e+01 1.381352358255780644e+02
2.503180515543220963e+02 8.076541124300517538e+01 1.379840419915835810e+02
2.503514909727145152e+02 8.126691956138101602e+01 1.383828941612995607e+02
2.506659678124858601e+02 8.290785683041976029e+01 1.390293820419614121e+02
2.511604926167815393e+02 8.515783043484819359e+01 1.399167559088372457e+02
2.513469811007707619e+02 8.688302236836150882e+01 1.400665092987827904e+02
2.515217650341634226e+02 8.765557549887630273e+01 1.404257831943166650e+02
2.517506372645137844e+02 8.822474697959245304e+01 1.407748156080785407e+02
2.518492209535588700e+02 8.846065551516613823e+01 1.407181857946575292e+02
2.517768970874372201e+02 8.798968310230922896e+01 1.401504849243578406e+02
2.517299431363972246e+02 8.755546086667973782e+01 1.400730554005339457e+02
2.517758488061660103e+02 8.723736406280637823e+01 1.406123470942246456e+02
2.517837448528635491e+02 8.704192370925655098e+01 1.407323111962473092e+02
2.517537066924086275e+02 8.703485723766573301e+01 1.410157468438438002e+02
2.518487533748623548e+02 8.754500067874326419e+01 1.415149549766964867e+02
2.519530007994087271e+02 8.829113561290516543e+01 1.420903482707129797e+02
2.520125039593357315e+02 8.954989517187287618e+01 1.416474079548711131e+02
2.520205659210546116e+02 9.040367124692680534e+01 1.414740493823436225e+02
2.520195478061509107e+02 9.122839711006199082e+01 1.414958672076501784e+02
2.521182823270335973e+02 9.186140816603568737e+01 1.416799574654218077e+02
2.522230878293790113e+02 9.243392057195433154e+01 1.418351030935610027e+02
2.522060589149157579e+02 9.242460670598349282e+01 1.424709874960406637e+02
2.522040377682921246e+02 9.248540701971371902e+01 1.428025158750509149e+02
2.522777945368708288e+02 9.261506206730116730e+01 1.432161269400745027e+02
2.523659331211632093e+02 9.283764461002428448e+01 1.435840208751263276e+02
2.524095612301844653e+02 9.294051946484863436e+01 1.436820691111479675e+02
2.523460233186020787e+02 9.311485090272854848e+01 1.441124677596947095e+02
2.523359402102595936e+02 9.314899923075762445e+01 1.444173592361875649e+02
2.522887072203200773e+02 9.263743797040679340e+01 1.442337063907449703e+02
2.519074495844582771e+02 8.919065144270652468e+01 1.426249264694791918e+02
2.508966274001116119e+02 8.413741534563115465e+01 1.397444079096215717e+02
2.502068809484306087e+02 8.178706315329039001e+01 1.373480369236338277e+02
2.499239430458981417e+02 8.122087814295841213e+01 1.365506719558364352e+02
2.498649300894432770e+02 8.130382811203789117e+01 1.365357169791399485e+02
2.501019321558394495e+02 8.222958868157890322e+01 1.371793918460308532e+02
2.505803254951055123e+02 8.363451183275765288e+01 1.382153199897434490e+02
2.510114179701051285e+02 8.506877931793843572e+01 1.384956334183019351e+02
2.512469720508605064e+02 8.656856061177393258e+01 1.391037270547066953e+02
2.515849937404787511e+02 8.802242115265690359e+01 1.396098508273126413e+02
2.518360231677702643e+02 8.887904040784928839e+01 1.400139293202009014e+02
2.518732409236941692e+02 8.925232658109473505e+01 1.401728985354228598e+02
2.517774627068281461e+02 8.926578078100725122e+01 1.399458212039397154e+02
2.517067678245524007e+02 8.885315766451982711e+01 1.399252854492526410e+02
2.516977631638486343e+02 8.805312297319717629e+01 1.396982458257288897e+02
2.516868806467669231e+02 8.806430715395406139e+01 1.397398226217590036e+02
2.516453415586962024e+02 8.830832290079790425e+01 1.397768216715184337e+02
2.517904493280441613e+02 8.845902653132023374e+01 1.400745863436854393e+02
2.521424757537821222e+02 8.889017933905488178e+01 1.405626027541893563e+02
2.522347169640567870e+02 8.981830042685409410e+01 1.411874311829741089e+02
2.521700553552844042e+02 9.029225176850329149e+01 1.413247861958702174e+02
2.522310065008522031e+02 9.058426974765833961e+01 1.413589420654911919e+02
2.523023273352539206e+02 9.086124979260623036e+01 1.425147287289400992e+02
2.523305328888821748e+02 9.145383791610733226e+01 1.433489796226187423e+02
2.522552678019276300e+02 9.159578575845789317e+01 1.436051222492043564e+02
2.523595152264740022e+02 9.170764264921039910e+01 1.439479479328496723e+02
2.524202024163260489e+02 9.195751067135250878e+01 1.442183290849032460e+02
2.523515211390820241e+02 9.242074541094133622e+01 1.443854658441303798e+02
2.523579088674037223e+02 9.246180183713178735e+01 1.443494924508665349e+02
2.524863421771067351e+02 9.276090137106140787e+01 1.445264936122716790e+02
2.525393067768744686e+02 9.322274845774445851e+01 1.448022443777432500e+02
2.524214769453536178e+02 9.308434516357712596e+01 1.446568877358632790e+02
2.523481500475120356e+02 9.197321226564503149e+01 1.441101374078040465e+02
2.520981764430836165e+02 8.791262311648742411e+01 1.422902607882471955e+02
2.512503808503898881e+02 8.410428513250576543e+01 1.397580657325148081e+02
2.505015611095190025e+02 8.341545875503400964e+01 1.387992503657671932e+02
2.502468363022066740e+02 8.371821596102505225e+01 1.386243382253126128e+02
2.503941311331996076e+02 8.515527383520112892e+01 1.374416431620386447e+02
2.507062172883452149e+02 8.692359613267169038e+01 1.376326867675228982e+02
2.507829906936756288e+02 8.817133742590385737e+01 1.380181375284695093e+02
2.511627400111615600e+02 8.982164135205658795e+01 1.388878565287560889e+02
2.516152807734656562e+02 9.187428920496537899e+01 1.399540792470474742e+02
2.519112430051735316e+02 9.314783028401635079e+01 1.414956334183019351e+02
2.518144994645469694e+02 9.330392615273231627e+01 1.415341860359884834e+02
2.517708034811988114e+02 9.326903120710719008e+01 1.414420956575513912e+02
2.518502239852788023e+02 9.331945429041161333e+01 1.416812244528575206e+02
2.519500897449433694e+02 9.302297923045595951e+01 1.417265343368678145e+02
2.518849002247394253e+02 9.103316792108478239e+01 1.413148916273246982e+02
2.519032715425572064e+02 9.035130243291753516e+01 1.412573794476538183e+02
2.520126170832139110e+02 9.073562949667416433e+01 1.420443671850254077e+02
2.522192944086637851e+02 9.151331090966681359e+01 1.427038567700870431e+02
2.521940979501953279e+02 9.152541516463294613e+01 1.426210877992126598e+02
2.521814884085732729e+02 9.203803224784687131e+01 1.428086773556162257e+02
2.523344620582512619e+02 9.273872154934463197e+01 1.430676857871159484e+02
2.524881898671171427e+02 9.338465135220742752e+01 1.434283925851068773e+02
2.524375103696888232e+02 9.354327365420293461e+01 1.432859545392841483e+02
2.523493039110695406e+02 9.370720523688140702e+01 1.432557202974403765e+02
2.524204362056742923e+02 9.377618063620869293e+01 1.445227077331483088e+02
2.525326173848775966e+02 9.392712559767115010e+01 1.454985520143591771e+02
2.524453536252432286e+02 9.391200470595333627e+01 1.456225131600778298e+02
2.524003378633161958e+02 9.405321347229973128e+01 1.457491817372811056e+02
2.524645545181676880e+02 9.418791384485437845e+01 1.459070649632724610e+02
2.525017647324997370e+02 9.511408166035687373e+01 1.453761368949757866e+02
2.523988295449403552e+02 9.566725742469721183e+01 1.448519962593704236e+02
2.523388210983574425e+02 9.558518228027571695e+01 1.442827191963679638e+02
2.521659376461183513e+02 9.339016425587112735e+01 1.430659512209837203e+02
2.513763178931808966e+02 8.893903377124843246e+01 1.404109262583146176e+02
2.505740584322538780e+02 8.511967752153124422e+01 1.384222612709090754e+02
2.503074329929561657e+02 8.400522632317229466e+01 1.380042308330442324e+02
2.503092429750071517e+02 8.378277198751112564e+01 1.380577987601622851e+02
2.504551501530943085e+02 8.414260396084405613e+01 1.386015852426129982e+02
2.507223713781505126e+02 8.519532722967163352e+01 1.394034902487217096e+02
2.510265916529661183e+02 8.788280366219701989e+01 1.390475723615740833e+02
2.513858127573568311e+02 9.025047134949245731e+01 1.395530701820540287e+02
2.516555604156925483e+02 9.186747914749845734e+01 1.400921582527639941e+02
2.517162626887283352e+02 9.280079639210244125e+01 1.402816482903211295e+02
2.516924689663494235e+02 9.312898384591019862e+01 1.401455904312282144e+02
2.517277937827116432e+02 9.238787915353172764e+01 1.403192355842471102e+02
2.517550868037225200e+02 9.172314062052217309e+01 1.402799061825970171e+02
2.516703494773676937e+02 9.105215764943663714e+01 1.401201978913709070e+02
2.516278827734958270e+02 9.079003454049080801e+01 1.399744415451213513e+02
2.517466628455934483e+02 9.107532541968959094e+01 1.401644972020694127e+02
2.518504728578108143e+02 9.146272191134104901e+01 1.408065280019306442e+02
2.519084601577700937e+02 9.203846966017586340e+01 1.411615031900933559e+02
2.519848036923633856e+02 9.272998084435663202e+01 1.416247756376415907e+02
2.520829952186307423e+02 9.337950798654580353e+01 1.419929410700010521e+02
2.521283428106004578e+02 9.387535256942035744e+01 1.423213924795245759e+02
2.521507488800735928e+02 9.438075989079774786e+01 1.430484924357833449e+02
2.521801912547700510e+02 9.473246202808488192e+01 1.435126547911733326e+02
2.522072881943920777e+02 9.498558801791882900e+01 1.438772153426145053e+02
2.521844975037330983e+02 9.496603267017601979e+01 1.439221406054389831e+02
2.522782998235267371e+02 9.496268420338165583e+01 1.440396989396521690e+02
2.523388286399493268e+02 9.479837554110922326e+01 1.443515362222657927e+02
2.523309853843949497e+02 9.497932095506719463e+01 1.444858745984102200e+02
2.523752997782771956e+02 9.502305464637476007e+01 1.446007556675062915e+02
2.524134300668185062e+02 9.520438468151857592e+01 1.448137000558077716e+02
2.524233774265071872e+02 9.534468845683946370e+01 1.449486493008944308e+02
2.523795155281376879e+02 9.498202084495994768e+01 1.446601457035551164e+02
2.521487654414093811e+02 9.255868866800403794e+01 1.429688758503144754e+02
2.512691518725772539e+02 8.775491334710930857e+01 1.400568485195855146e+02
2.503598395149248006e+02 8.508458649451726785e+01 1.378097558032549443e+02
2.500598274483778027e+02 8.432672438498318002e+01 1.372511123848021839e+02
2.499983559329703269e+02 8.458595152264740591e+01 1.365550913286776620e+02
2.502308255026470931e+02 8.546079880541184082e+01 1.365396687732846601e+02
2.505022021448287433e+02 8.668838896514276371e+01 1.371025581079654216e+02
2.509129247801625979e+02 8.811332750116895340e+01 1.380368557595137133e+02
2.512819952035475524e+02 8.958714309416431831e+01 1.390297742047391409e+02
2.515098342358105015e+02 9.087355767055309741e+01 1.399963197031629534e+02
2.516555302493250394e+02 9.151233804431439012e+01 1.405235146834793909e+02
2.517095883799152318e+02 9.161987360292010862e+01 1.406817448226971692e+02
2.516794446371740150e+02 9.134220727311121379e+01 1.403752092791746406e+02
2.516787960602723899e+02 9.092309084601578206e+01 1.402144677898610894e+02
2.516908399825035190e+02 9.064782274242446647e+01 1.396424682121902379e+02
2.516259219596072398e+02 9.029487624247725819e+01 1.392876513974569832e+02
2.516184934916062161e+02 9.047502978928791606e+01 1.389733781806663728e+02
2.517159308586856525e+02 9.089210998657596008e+01 1.391087497548982697e+02
2.518793043635650690e+02 9.154778352614670212e+01 1.394152928400126825e+02
2.520223985278812791e+02 9.230165613357667098e+01 1.407502601849198243e+02
2.520920375872939303e+02 9.285421348738292124e+01 1.415785079714626136e+02
2.520643373203215845e+02 9.332486915338090228e+01 1.421080936364047602e+02
2.520680176171586311e+02 9.370140575272628780e+01 1.423182928852622240e+02
2.522036229807387713e+02 9.408654730840585501e+01 1.427067829077361694e+02
2.522119187318059232e+02 9.453572452073183285e+01 1.435789227590159669e+02
2.521262160816905293e+02 9.481587203426899180e+01 1.441154089805276044e+02
2.520786965112596079e+02 9.491696707340985029e+01 1.442026576569782321e+02
2.520982443174105185e+02 9.497746572346490268e+01 1.444868851717220366e+02
2.520917736315781497e+02 9.521804250441182660e+01 1.445440202717989848e+02
2.520911476794521775e+02 9.526811867448981275e+01 1.447498001478151934e+02
2.521777704037768331e+02 9.552077708562723046e+01 1.451347229973302717e+02
2.522562557504638221e+02 9.549385360261844369e+01 1.452825231149791136e+02
2.521959380986138513e+02 9.508378708577807004e+01 1.450014630688245632e+02
2.518216262688728477e+02 9.219383399447956151e+01 1.433791459901356120e+02
2.506846634187544396e+02 8.754584533703373950e+01 1.405600536961341902e+02
2.498789046591954559e+02 8.549501500776783303e+01 1.389227891823406082e+02
2.494188977209309428e+02 8.447242794008958811e+01 1.383237077482314987e+02
2.492903814537172593e+02 8.427674625559963317e+01 1.380919018386400978e+02
2.495437412328994355e+02 8.478846588937993545e+01 1.385878142958415538e+02
2.501004162958717245e+02 8.619357003876378087e+01 1.378110755818338191e+02
2.503345223909862796e+02 8.732133214678954403e+01 1.375613810163049209e+02
2.507014736270531898e+02 8.838256233125687800e+01 1.378242582844386845e+02
2.510933121163214992e+02 8.994819680538168427e+01 1.385174210772409822e+02
2.513682860978295253e+02 9.127220621728834260e+01 1.392307274619526822e+02
2.514019970135296091e+02 9.095163577127860322e+01 1.395244498408724212e+02
2.514263563552994754e+02 9.034762213608048853e+01 1.395067648079156584e+02
2.512974705500837160e+02 8.963304876393308973e+01 1.392702378618078569e+02
2.511478679919757440e+02 8.908007662257348613e+01 1.389984765984403907e+02
2.512776512466251404e+02 8.863058266338859426e+01 1.389428648999230802e+02
2.514273216790600145e+02 8.926099187016394865e+01 1.387973649677973924e+02
2.514710629119594500e+02 9.006259521259747203e+01 1.390982367758186342e+02
2.513118221994298551e+02 9.085927389553387457e+01 1.391952819801203702e+02
2.513109775411393798e+02 9.198155326626344674e+01 1.396229807387743449e+02
2.515098644021780103e+02 9.272179067557580368e+01 1.399761836528454353e+02
2.517073937766783729e+02 9.241720086275810786e+01 1.407816256655454765e+02
2.517327486085762871e+02 9.219351724762063327e+01 1.409525784702634894e+02
2.518830299099533931e+02 9.242514970059880852e+01 1.413391604699920094e+02
2.519815080167121550e+02 9.315844130379039711e+01 1.420468106607942786e+02
2.520253171239385210e+02 9.351789619752936744e+01 1.423454652408030370e+02
2.519476236443988739e+02 9.437591064721941336e+01 1.428894478046426002e+02
2.518026440821128631e+02 9.530707853813783004e+01 1.433003816045491021e+02
2.518788820344198314e+02 9.611522798232250864e+01 1.438146050468332930e+02
2.519679331513295892e+02 9.640336204165974721e+01 1.441174150439674690e+02
2.519753842441062375e+02 9.643468981432600629e+01 1.440300230772711529e+02
2.518883316490444884e+02 9.616667672212250295e+01 1.437618289868625538e+02
2.519823300502270058e+02 9.582750871053862340e+01 1.443492058703751297e+02
2.520521048582934895e+02 9.444811384787101360e+01 1.443125763586177754e+02
2.515127829982352807e+02 8.962038643116788705e+01 1.420618561365933203e+02
2.503333459026531216e+02 8.500507549133470775e+01 1.388187227559993460e+02
2.495810193215583865e+02 8.429934840646163252e+01 1.365905745184693671e+02
