1.940123490387775291e+02 2.265753368386460853e-01 2.571875513473545993e+01
1.940693600065724524e+02 2.351914229378902488e-01 2.578413058659218038e+01
1.941312181646401598e+02 2.420822379231022115e-01 2.585413756983240319e+01
1.944075696270128049e+02 2.102520128162997104e-01 2.583546767170555469e+01
1.950805639993427576e+02 1.890712290502793158e-01 2.571064225271113912e+01
1.954427271606966769e+02 1.883523660860992321e-01 2.541930763227078671e+01
1.954265065313834953e+02 1.915256325994084685e-01 2.496743550772264086e+01
1.954405859760105102e+02 2.202442080184028872e-01 2.473691155931646435e+01
1.952531373233651095e+02 2.473556112389089789e-01 2.444460133913900890e+01
1.948310774728886088e+02 3.245101462372658729e-01 2.419688116168255121e+01
1.943913541324350831e+02 3.116373644429838996e-01 2.405019203910614678e+01
1.939089611403220488e+02 3.166591357213276448e-01 2.392285059973710304e+01
1.936592846286559393e+02 2.984462290502793436e-01 2.373068312520538825e+01
1.935369700953006884e+02 2.552733733158067952e-01 2.370034197338152993e+01
1.934627218205718009e+02 2.565108445612881982e-01 2.368606227407164155e+01
1.931788993181071419e+02 2.524287298718370098e-01 2.355688259940847828e+01
1.929878460811698915e+02 2.792063752875451610e-01 2.345700172527111249e+01
1.932890547978968243e+02 2.325059562931317825e-01 2.347515814985212046e+01
1.940028241045021389e+02 1.782163982911600386e-01 2.378195345875780475e+01
1.943585893854748576e+02 1.577442080184028872e-01 2.384931091850148022e+01
1.945453910614525057e+02 1.728454650016431060e-01 2.387726955307262600e+01
1.945018844479132554e+02 1.346533026618468576e-01 2.390840145415708307e+01
1.941611742113046262e+02 1.292566956950377821e-01 2.386017088399605512e+01
1.937439820900427208e+02 1.317213687150838031e-01 2.374945571804140698e+01
1.937899020292474574e+02 1.201528097272428486e-01 2.379208429181728590e+01
1.941486197831087850e+02 1.343246795925074066e-01 2.403350414886624975e+01
1.943905325747617496e+02 1.224172280644101191e-01 2.414316669405192073e+01
1.945832032533683957e+02 1.316700213604995173e-01 2.413295883996056546e+01
1.945928206128820364e+02 1.396545349983568940e-01 2.411963933618140032e+01
1.942369320982583076e+02 1.305763227078541033e-01 2.396693743838317303e+01
1.937588420144594181e+02 1.100681892868879408e-01 2.372398229543214043e+01
1.936321372822872036e+02 9.524934275386132132e-02 2.363718986197831029e+01
1.937432170144594181e+02 9.220444462701281318e-02 2.371881161682550143e+01
1.940319226503450523e+02 8.268977982254353820e-02 2.382751910121590555e+01
1.942733322379231140e+02 7.941381860006573035e-02 2.377053380709825703e+01
1.945427107295432165e+02 6.845115839631941979e-02 2.382629703417680034e+01
1.947111351873151364e+02 7.212249424909628059e-02 2.385571906835359712e+01
1.946299293460400861e+02 7.995810055865922028e-02 2.401999979461058032e+01
1.943118016759776481e+02 5.878245152809727370e-02 2.402268012651988016e+01
1.939530993263227003e+02 8.335729543213933612e-02 2.383465638350312332e+01
1.936020631367071871e+02 7.885926717055537216e-02 2.380514192408807261e+01
1.934195489648373325e+02 1.018012651988169509e-01 2.381695695037791793e+01
1.932769162832730956e+02 1.035778836674334513e-01 2.373627998685507734e+01
1.932164188301018726e+02 9.161908478475189188e-02 2.366926141965165797e+01
1.928871744577719483e+02 1.026022839303319112e-01 2.359692840124876767e+01
1.926150591521524689e+02 9.346245481432796653e-02 2.359214796253696989e+01
1.923333213522839173e+02 1.117985951363785757e-01 2.346212105652316637e+01
1.921870173348669084e+02 1.033827637200131488e-01 2.327032841767992011e+01
1.922943024975353410e+02 1.006459497206703968e-01 2.314988806276700473e+01
1.925013093575419134e+02 1.087331580676963588e-01 2.318447050607952775e+01
1.925840145415708093e+02 1.050258790667104869e-01 2.320821352283930494e+01
1.923245255504436386e+02 1.080348340453499839e-01 2.310847642129477464e+01
1.919152357870522394e+02 1.008821475517581306e-01 2.286700008215576574e+01
1.916615952596122270e+02 8.519039599079855640e-02 2.270670391061452520e+01
1.917045883996056546e+02 9.160881531383503751e-02 2.272290913572132709e+01
1.917391554387118049e+02 8.366024482418665809e-02 2.269805701610253124e+01
1.917857428935261339e+02 1.117164393690437130e-01 2.272593862964179934e+01
1.916648506818928581e+02 1.407225599737101651e-01 2.281022017745645769e+01
1.912275303976339274e+02 1.479728064410121557e-01 2.269038572132763676e+01
1.904981977078541036e+02 1.460678195859349271e-01 2.236429921130463327e+01
1.900130319585935013e+02 1.493951281629970484e-01 2.220401330923430905e+01
1.899956149359184963e+02 1.222734554715741023e-01 2.218951281629970396e+01
1.898261429921130343e+02 9.756510844561287754e-02 2.210263822707853976e+01
1.899424806933946854e+02 8.455882352941176960e-02 2.210776782780150995e+01
1.903744197748931981e+02 7.796582320078869477e-02 2.231518546664475977e+01
1.903379374794610612e+02 7.121878080841274883e-02 2.231638699474203236e+01
1.900778477242852489e+02 6.137035819914558182e-02 2.213591644758461996e+01
1.901003378655931613e+02 7.216357213276372584e-02 2.221221861649687668e+01
1.903573878573775744e+02 7.823796418008543974e-02 2.241999055208675529e+01
1.904239391636542962e+02 9.182960893854748285e-02 2.249398722477818069e+01
1.903555136789352673e+02 9.235848669076569817e-02 2.246215186493591887e+01
1.904458234061781070e+02 8.737779329608938439e-02 2.250350188958264752e+01
1.901152491373644295e+02 9.703623069339467611e-02 2.234655870029575908e+01
1.890327390732829542e+02 8.166283273085771233e-02 2.199198981268484943e+01
1.883676316546171563e+02 6.977078540913572713e-02 2.164628347847519052e+01
1.883901936822214793e+02 6.430229214590864328e-02 2.163136193723299527e+01
1.883142971574104365e+02 5.707258462044035446e-02 2.159733918008544151e+01
1.880902737840946486e+02 4.349120933289517266e-02 2.152360951363785802e+01
1.880030346286559393e+02 5.033067696352284265e-02 2.144406219191587226e+01
1.880153169158724893e+02 5.196865757476174658e-02 2.145841377752218193e+01
1.879200778425895635e+02 5.200460072297075076e-02 2.139942080184028939e+01
1.878888689204732145e+02 4.133975517581334191e-02 2.140251704732172300e+01
1.883259581416365336e+02 4.206888761091028689e-02 2.166815231679263931e+01
1.885691751560959517e+02 5.596861649687807916e-02 2.182786826322707796e+01
1.886495389007558288e+02 5.079280315478146290e-02 2.183406075418994519e+01
1.886197625698324032e+02 4.850784587578047674e-02 2.184944442162339939e+01
1.885754035902070314e+02 5.586592178770949380e-02 2.193075295760762344e+01
1.885252012816299612e+02 6.428175320407492066e-02 2.189665317942819556e+01
1.884947677045678631e+02 4.705985047650344810e-02 2.183427127834373849e+01
1.883934131613539193e+02 5.382743181071310973e-02 2.184996302990469985e+01
1.883812284341110797e+02 4.790194709168583975e-02 2.183953951692408779e+01
1.882757455635885719e+02 4.490839631942162430e-02 2.172402337331580569e+01
1.884628193805455112e+02 5.327288038120275848e-02 2.175164311534669892e+01
1.892037308987841016e+02 3.988149030561945196e-02 2.189339262241209383e+01
1.894644214180085555e+02 3.065950542228064457e-02 2.196692203417680034e+01
1.894659515691751608e+02 4.245912750575090572e-02 2.192121775386132043e+01
1.895152501643115386e+02 4.281342425238252036e-02 2.192159772428524533e+01
1.894446629559645032e+02 4.452842589549786678e-02 2.202791755668748053e+01
1.892063906917515510e+02 3.157348833388103765e-02 2.198057016102530525e+01
1.891069103269799427e+02 2.595095300690108617e-02 2.196072954321393311e+01
1.892639716151823848e+02 3.421274235951363846e-02 2.207973730693394643e+01
1.897972652398948412e+02 4.125246467302004505e-02 2.234015055044364217e+01
1.902079157081827248e+02 4.086222477817942622e-02 2.246154083141636448e+01
1.903647818764377178e+02 4.604830759119290379e-02 2.257291324350969575e+01
1.904592712783437491e+02 4.204834866907657120e-02 2.268158991948734737e+01
1.905877628984554804e+02 3.990716398291160177e-02 2.271455492113046404e+01
1.908497833141636590e+02 4.184295925073940048e-02 2.277198693723299527e+01
1.910490675320407377e+02 4.112409628655931682e-02 2.268508667433453851e+01
1.912598381531383609e+02 3.683145744331252358e-02 2.267893526125534009e+01
1.914318415215248024e+02 5.073118632928031585e-02 2.276184069996713788e+01
1.916421962290502847e+02 4.550402563259940691e-02 2.277221286559316482e+01
1.916452565313834953e+02 4.637693066053236862e-02 2.288771873973053061e+01
1.917065344643444007e+02 5.580430496220834674e-02 2.297302209990141364e+01
1.918781270538941897e+02 5.637426059809398649e-02 2.308189389582648587e+01
1.919689194462701209e+02 5.494166940519224634e-02 2.310525694216233816e+01
1.919233948816956854e+02 5.367338974696023862e-02 2.315546952021031757e+01
1.918221995152809711e+02 5.718041406506736701e-02 2.307404288531054704e+01
1.915541047075254824e+02 6.121631613539270378e-02 2.299743776700624309e+01
1.908575316299704241e+02 4.602776864935918810e-02 2.286501293953335434e+01
1.902138720013144848e+02 5.968616496878080546e-02 2.261587557509037083e+01
1.900314040420637411e+02 6.028179428195859502e-02 2.251053647716069506e+01
1.900995881942162384e+02 5.327288038120275848e-02 2.245954855405849315e+01
1.901695951774564435e+02 6.102633092343082155e-02 2.242829341932303677e+01
1.902461592178771070e+02 6.546274235951363152e-02 2.243299683700295688e+01
1.900357839714097850e+02 8.025591521524810812e-02 2.236635310548800604e+01
1.894880874137364515e+02 8.088235294117647467e-02 2.222284751889582566e+01
1.889765599326322842e+02 8.133420966151823361e-02 2.206351154288531191e+01
1.887694041652974022e+02 9.179880052579690586e-02 2.205790441176470651e+01
1.885595732007886909e+02 9.934686164968781208e-02 2.201280089549786467e+01
1.883449104502136038e+02 9.842260926717055769e-02 2.195392601873151506e+01
1.883332546007229666e+02 8.979111896155110573e-02 2.191413181892868778e+01
1.886055650262898382e+02 9.845341767992113469e-02 2.205215350805126562e+01
1.882840484308248392e+02 1.042608034834045377e-01 2.199989217055537338e+01
1.876185199638514689e+02 8.935466644758462140e-02 2.182533170391061361e+01
1.874086171130463470e+02 9.751376109102859180e-02 2.183929818435754200e+01
1.874121600805126491e+02 1.018628820243181049e-01 2.189696126355570271e+01
1.872403569668090597e+02 9.130073118632928142e-02 2.179228454650016289e+01
1.872823385639171931e+02 1.027306523167926394e-01 2.160798348669076674e+01
1.875119998767663390e+02 9.648167926388431792e-02 2.154975045185672045e+01
1.876148794364114281e+02 9.331868222149194980e-02 2.153405356556030270e+01
1.872607315971081050e+02 6.874383831744988738e-02 2.137018875287545328e+01
1.868764377259283549e+02 9.838153138350312632e-02 2.125377403056194581e+01
1.869537514377259413e+02 8.812232993756161092e-02 2.141201117318435720e+01
1.868709178853105470e+02 7.703130134735458601e-02 2.145485540584948936e+01
1.866638750821557551e+02 8.496446763062767693e-02 2.145562561616825548e+01
1.867540461715412334e+02 8.162175484719026708e-02 2.151575336838645924e+01
1.868949587167269044e+02 8.986813999342753434e-02 2.158453828458757684e+01
1.865373038531054988e+02 9.321598751232336444e-02 2.140360047650344910e+01
1.858990408314163574e+02 8.225332730857706776e-02 2.110144696845218704e+01
1.857535121590535709e+02 7.265650673677291616e-02 2.099879847190272741e+01
1.858951076240552140e+02 7.848956621754847596e-02 2.104966316135392645e+01
1.859731299293460438e+02 7.095177456457443799e-02 2.100443641143608176e+01
1.861005689286888014e+02 6.623808741373644893e-02 2.103842836017088302e+01
1.862245060384489079e+02 4.917536148537627466e-02 2.098515034505422250e+01
1.861741650920144480e+02 5.528056194544857249e-02 2.090523332237923171e+01
1.860904740387775291e+02 5.106494413407821481e-02 2.090030397633913850e+01
1.861487481514952265e+02 5.949104502136049605e-02 2.096408252546828876e+01
1.860354348093986232e+02 5.485437890239894948e-02 2.099904493920473314e+01
1.858459322625698462e+02 5.115736937232993886e-02 2.097790009858692173e+01
1.858907687725928497e+02 5.949104502136049605e-02 2.098726072132763676e+01
1.862957607624055072e+02 6.332155767334866903e-02 2.124499363292803267e+01
1.864767653220505963e+02 5.933700295760762494e-02 2.128070058330594705e+01
1.862184727242852489e+02 6.597108116989812421e-02 2.125931954485704978e+01
1.857805362717712683e+02 7.252300361485376767e-02 2.117642437561616831e+01
1.852363980857706167e+02 7.987081005586592342e-02 2.104407143443969730e+01
1.846630894676306411e+02 8.302353762734143716e-02 2.079421520703253279e+01
1.846231771689122638e+02 6.386070489648373871e-02 2.078451055701610173e+01
1.858549385885639254e+02 4.503676470588235253e-02 2.105854625369700983e+01
1.869582700049293464e+02 2.668008544199802767e-02 2.134485910285902222e+01
1.870723843657574719e+02 2.745029576076240402e-02 2.131711612717712612e+01
1.867113662504107765e+02 2.528343739730529172e-02 2.111141348997699652e+01
1.864955379148866257e+02 2.805619454485704795e-02 2.108102099079855307e+01
1.863982654863621349e+02 3.566073775879066710e-02 2.117827801511666053e+01
1.862856145251396640e+02 4.304448734801182702e-02 2.112917453992770334e+01
1.864162678688794017e+02 3.235396812356227531e-02 2.112216049129148843e+01
1.871222067039106207e+02 2.527316792638843387e-02 2.132933166283273252e+01
1.875799170226750050e+02 3.073652645415708012e-02 2.145601585606309669e+01
1.873393289927703051e+02 2.760947255997370925e-02 2.139420904534998513e+01
1.866912586263555625e+02 3.285717219848833387e-02 2.119332792474531857e+01
1.863102099079855520e+02 3.393546664475845936e-02 2.118092753861321142e+01
1.861790482254354231e+02 4.958100558659218199e-02 2.111196290667104947e+01
1.862415225517581234e+02 3.682632270785408946e-02 2.102952472888596702e+01
1.864540595218534236e+02 3.601503450542228174e-02 2.104235643279658063e+01
1.867676326815642369e+02 3.520374630299046709e-02 2.112991394183371696e+01
1.869013463276372136e+02 4.212023496549457957e-02 2.119890424745317148e+01
1.867569935096943823e+02 3.025386132106473724e-02 2.109325193066053217e+01
1.868190262487676705e+02 4.044631120604666452e-02 2.111290769799540001e+01
1.872679202267499079e+02 3.444894019060137924e-02 2.132693887610910366e+01
1.876187407574761608e+02 2.513966480446927498e-02 2.158570386953664055e+01
1.876262272017745545e+02 2.691114853762734127e-02 2.155412011173184439e+01
1.874458593493263265e+02 2.829239237594479220e-02 2.139885084620440381e+01
1.873274010023003484e+02 2.889829116003943613e-02 2.137256613539270589e+01
1.873617883256654579e+02 3.125000000000000000e-02 2.144358466151823706e+01
1.873094705060795206e+02 3.564019881695695141e-02 2.144356925731186436e+01
1.872456611485376357e+02 3.831026125534012228e-02 2.149815149523496416e+01
1.872883667433453923e+02 4.451815642458100547e-02 2.150837988826815561e+01
1.876002505750903708e+02 4.098032369372330008e-02 2.162280233322379175e+01
1.879416129231022126e+02 3.842836017088399614e-02 2.165907923923759526e+01
1.878524328376602170e+02 3.166591357213276170e-02 2.157454095465001487e+01
1.877124804880052693e+02 2.642848340453499839e-02 2.148232624055208717e+01
1.877256870276043514e+02 3.078273907328294562e-02 2.153552209990141364e+01
1.876934357541899487e+02 4.130381202760433773e-02 2.160229933453828366e+01
1.874478464919487237e+02 4.255155274400262977e-02 2.156591459907985708e+01
1.872214200624383693e+02 3.824350969438054804e-02 2.152091377752218193e+01
1.871882445366414629e+02 4.502649523496549122e-02 2.158989894840617652e+01
1.871400755833059577e+02 4.905726256983240080e-02 2.158446639829115909e+01
1.868772541488662569e+02 4.329608938547486324e-02 2.144562315149523357e+01
1.865185312602694694e+02 4.206375287545185970e-02 2.127975065724614012e+01
1.861322810548800533e+02 4.762980611238908785e-02 2.122729933453828366e+01
1.858403764788038188e+02 4.983260762405521127e-02 2.108074884981925834e+01
1.857326908067696252e+02 4.470814163654288770e-02 2.101013083305948115e+01
1.859281855898784102e+02 5.337044035491291666e-02 2.110872802333223675e+01
1.861779647962536899e+02 4.066710483075911681e-02 2.111391924088070837e+01
1.861130771442655316e+02 3.416652974038777296e-02 2.107069503779165132e+01
1.861689327965823111e+02 3.225640814985211713e-02 2.102756325994084818e+01
1.862725055455142922e+02 3.146052415379559791e-02 2.104399441340781962e+01
1.862653477242852489e+02 5.232808905685178841e-02 2.102321927374301680e+01
1.860885433782451628e+02 4.967343082484390604e-02 2.099159443805455183e+01
1.860033170391061503e+02 6.701856720341768658e-02 2.101498315806769668e+01
1.859566576979954107e+02 6.959620440354913340e-02 2.103729358363457180e+01
1.857670781301347347e+02 6.017396483733158247e-02 2.091023968945119904e+01
1.857243314574432986e+02 5.329855405849490829e-02 2.099512713604995184e+01
1.868948662914886540e+02 3.312931317778507884e-02 2.152783540092014292e+01
1.871323786148537636e+02 3.665174170226749573e-02 2.160919014952349571e+01
1.867405828951692399e+02 3.208696187972395752e-02 2.150392293789024123e+01
1.863162226832073713e+02 2.270066546171541078e-02 2.127114997535327134e+01
1.863518731514952265e+02 2.146319421623398005e-02 2.119964878409464504e+01
1.860984739566217456e+02 3.004847190272756999e-02 2.116695078869536673e+01
1.856883112882024420e+02 3.798677292145908463e-02 2.102926799211304498e+01
1.855118971820571687e+02 4.081087742359513354e-02 2.092560281794282062e+01
1.854264808577062240e+02 3.940909464344397040e-02 2.094791837824515213e+01
1.851676491127177258e+02 3.591747453171212356e-02 2.096720444462701138e+01
1.845225979707525426e+02 3.925505257969109235e-02 2.062337228885967733e+01
1.839927086756490269e+02 3.773517088399605535e-02 2.037469191587249284e+01
1.839179674663161279e+02 3.679551429510351940e-02 2.022655993263227003e+01
1.842563311288202499e+02 3.140404206375287804e-02 2.037668419323036417e+01
1.842717456046664495e+02 4.315231679263884651e-02 2.039953376602037594e+01
1.841297958429181847e+02 3.249774071639829204e-02 2.045977961715412263e+01
1.840400612060466585e+02 2.746569996713769252e-02 2.053754005093657398e+01
1.834727448241866625e+02 3.084949063424252333e-02 2.040593164640157653e+01
1.827099439286888014e+02 3.150160203746302928e-02 2.009378080841274894e+01
1.827611167022674863e+02 2.799457771935589742e-02 2.011785244824186591e+01
1.834939410121590413e+02 3.209209661518238471e-02 2.044282472067039080e+01
1.840466798800525794e+02 3.149646730200460210e-02 2.065543871179756863e+01
1.841085945202103176e+02 2.810240716398290997e-02 2.060253039763391314e+01
1.839889397798225446e+02 2.820510187315149533e-02 2.050207956786066532e+01
1.837594889911271707e+02 2.445161025303976485e-02 2.046737389089713943e+01
1.836369433946763081e+02 2.998685507722642293e-02 2.041380319585934799e+01
1.834074053154781438e+02 2.727571475517581376e-02 2.024498336345711635e+01
1.836441885064081418e+02 2.607418665790338375e-02 2.024567141800854486e+01
1.841725065724613728e+02 2.461592178770949726e-02 2.044412894347683363e+01
1.845043593904042041e+02 2.149400262898455358e-02 2.051764808577062027e+01
1.844391328458757755e+02 1.949659053565560435e-02 2.045430085441998003e+01
1.841126406917515510e+02 1.783807098258297780e-02 2.036912586263555625e+01
1.838412442490962917e+02 1.767889418337167257e-02 2.025359431482090145e+01
1.839359082320078755e+02 1.264171869865264586e-02 2.026094725599737245e+01
1.846767170555372957e+02 1.426942983897469541e-02 2.054216131284916358e+01
1.849876560959579308e+02 1.260577555044364167e-02 2.065237327472888751e+01
1.849262600640815037e+02 1.654925238251725439e-02 2.059610684357541999e+01
1.848957854091357262e+02 1.508585277686493552e-02 2.060862019388761013e+01
1.848404637693066093e+02 1.435158560630956336e-02 2.055517786723628149e+01
1.845581714180085555e+02 2.274687808084127627e-02 2.052659279493920508e+01
1.844594458593493300e+02 1.503450542228064457e-02 2.047176922444955594e+01
1.843779576076240687e+02 1.896771278343739597e-02 2.045891698159710970e+01
1.841774564574432986e+02 2.064677127834373821e-02 2.043308926224121080e+01
1.840282769881695799e+02 2.024112717712783435e-02 2.031742934604009321e+01
1.840166057344725630e+02 2.149913736444298423e-02 2.027177641307919842e+01
1.841150950953006884e+02 2.153508051265198842e-02 2.032486957771935465e+01
1.838849357131120712e+02 1.812561616825501126e-02 2.024455204567860633e+01
1.838025129395333579e+02 2.058515445284259116e-02 2.013864812684850492e+01
1.841278292392375988e+02 2.091377752218205599e-02 2.026560959579362375e+01
1.844248993591850194e+02 1.735540584949063492e-02 2.029017417022674863e+01
1.845113323611567466e+02 1.458778343739730587e-02 2.032808392211633119e+01
1.845044312767006147e+02 1.692408807098258125e-02 2.051272387446598700e+01
1.845487337742359557e+02 2.341952842589549791e-02 2.059022243674005992e+01
1.843790821146894530e+02 2.565313835031219139e-02 2.053413058659218038e+01
1.841213132599408482e+02 2.189451199474203025e-02 2.054603290338481614e+01
1.839129405603023315e+02 2.422054715741045125e-02 2.047778713440683518e+01
1.835873264459414997e+02 2.911395004929346123e-02 2.034063835031219014e+01
1.833606227407163942e+02 3.428462865593164682e-02 2.028495727900098444e+01
1.834461674334538372e+02 3.564019881695695141e-02 2.040059152152480948e+01
1.834913633749589223e+02 3.427949392047321964e-02 2.049870091192901711e+01
1.828786199884982011e+02 3.217938711797568158e-02 2.019170021360499589e+01
1.822570653959907929e+02 2.989956457443312607e-02 1.986516184686164976e+01
1.823289619618797133e+02 2.010248931975024481e-02 1.982389397798225517e+01
1.829572019799539930e+02 2.197666776207689646e-02 2.001903446434439715e+01
1.834101832073611433e+02 2.332196845218534320e-02 2.017326651330923326e+01
1.832923615675320548e+02 2.969930989155438600e-02 2.018809049457771820e+01
1.829170688876109239e+02 2.874938383174498874e-02 2.013115654781465835e+01
1.825039126684193320e+02 3.722169733815313547e-02 2.001862368550772331e+01
1.822096512487676705e+02 3.361711304633585584e-02 1.992648599244166974e+01
1.819461674334538372e+02 2.769162832730857546e-02 1.985191422937890238e+01
1.821417495070653843e+02 3.055167597765363202e-02 1.994639849654945607e+01
1.823336294364114281e+02 3.484944955635885938e-02 1.996927887775221677e+01
1.823521709661518173e+02 2.707032533683864650e-02 1.995528672362799938e+01
1.821374825418994305e+02 2.550423102201774400e-02 1.983928791488662569e+01
1.818021637775221961e+02 2.203828458757804698e-02 1.975097046500164311e+01
1.816523321968452080e+02 2.890856063095629397e-02 1.964031691587249284e+01
1.815587927209990085e+02 2.340925895497864007e-02 1.962486649687808082e+01
1.815328109595793649e+02 2.293686329280315503e-02 1.957331375287545328e+01
1.816741291488662569e+02 2.050813342096615213e-02 1.954353742195202059e+01
1.817411066381860110e+02 1.938876109102859180e-02 1.958672054715740884e+01
1.816986475106802459e+02 2.085729543213933612e-02 1.957189143115346752e+01
1.817433145744331284e+02 2.380463358527768608e-02 1.957092096615182442e+01
1.817239360828130259e+02 2.538613210647387361e-02 1.962088194216233816e+01
1.811906989401906003e+02 2.438999342753861432e-02 1.946283991948734737e+01
1.806752331169898014e+02 2.365059152152481151e-02 1.919533047157410621e+01
1.805742328705225077e+02 1.879826651330923290e-02 1.914738744659875280e+01
1.807033201199474206e+02 2.531938054551429590e-02 1.921109924416694170e+01
1.807300874958922066e+02 2.218719191587249437e-02 1.921706580676963583e+01
1.809581313670719567e+02 2.390219355898784079e-02 1.932039722313506402e+01
1.812469551018731408e+02 2.849778179428195946e-02 1.944833429181728590e+01
1.808283971409792912e+02 2.877505750903713508e-02 1.943023948406177936e+01
1.801309973710154395e+02 2.720382845875780539e-02 1.930007394019060030e+01
1.805556040502793280e+02 4.509324679592507240e-02 1.958779370686822219e+01
1.812394891965165868e+02 4.575049293460400901e-02 1.998890383667433568e+01
1.816298112471245361e+02 4.644368222149194980e-02 2.000650057509037083e+01
1.819293152316792543e+02 3.737060466644758633e-02 2.001571742523825037e+01
1.821769070407492563e+02 4.347580512651988416e-02 2.014840412421952109e+01
1.820316607788366809e+02 4.260803483404534964e-02 1.999736588070982535e+01
1.814651351462372588e+02 3.125513473545842719e-02 1.981986834538284725e+01
1.813834363703581971e+02 3.208696187972395752e-02 1.966056831252053883e+01
1.817776608199145585e+02 2.665954650016431199e-02 1.981058987840946273e+01
1.818655315478146690e+02 2.605878245152809872e-02 1.979307016102530525e+01
1.816074546089385535e+02 2.413325665461715439e-02 1.964073796418008655e+01
1.817361464837331653e+02 2.329116003943476967e-02 1.971919672198488271e+01
1.817860817860663758e+02 2.386625041077883660e-02 1.974672403877752203e+01
1.814555948077555172e+02 2.564800361485376420e-02 1.957647161518238477e+01
1.811890814985212046e+02 2.389192408807098295e-02 1.943840371344068529e+01
1.815534680003286212e+02 2.141184686164968737e-02 1.953961961879723930e+01
1.821831303401248761e+02 2.335791160039434738e-02 1.972647264212947604e+01
1.826312387035819995e+02 2.126293953335523998e-02 1.980082361156753379e+01
1.828899318107131080e+02 2.023599244166940370e-02 1.996459599901412929e+01
1.831376468534341200e+02 1.770970259612224609e-02 2.002053894183371696e+01
1.829819360006572424e+02 1.282143443969766677e-02 1.995898373315806751e+01
1.828710257147551772e+02 1.535285902070325330e-02 1.991744885803483456e+01
1.830067521771278223e+02 1.329896483733158073e-02 1.999216439369043741e+01
1.832847672937890309e+02 1.233363457114689497e-02 2.020894265527439870e+01
1.833922886542885351e+02 1.661086920801840144e-02 2.029535511830430394e+01
1.833703890075583445e+02 1.381757311863292779e-02 2.038573673184357560e+01
1.834066402398948412e+02 1.562500000000000000e-02 2.042290194709168460e+01
1.831331950377916655e+02 1.337598586920801802e-02 2.030661045842918000e+01
1.826062017334866994e+02 1.548636214262241219e-02 1.998715289188301014e+01
1.823401505504436386e+02 1.498829280315478081e-02 1.985323385639171789e+01
1.822554017417022578e+02 1.766348997699638407e-02 1.981289023989484122e+01
1.822902974038777586e+02 1.789968780808412832e-02 1.981670021360499589e+01
1.823972180003286212e+02 2.294713276372001287e-02 1.985957011994742061e+01
1.824045914804469248e+02 1.710893854748603282e-02 1.981555516759776481e+01
1.822428319093000368e+02 9.740593164640157925e-03 1.971371282451528018e+01
1.822784310302333211e+02 1.179448734801183049e-02 1.957951137857377688e+01
1.825967589549786396e+02 1.118858856391718656e-02 1.973277296253696989e+01
1.827194585934932718e+02 1.121939697666776183e-02 1.984056132928031602e+01
1.822795914804469248e+02 1.728865428853105374e-02 1.975335811698981203e+01
1.817103752464672937e+02 2.804592507394019010e-02 1.972432632270785291e+01
1.813661169076569308e+02 2.848237758790667096e-02 1.980705718041406627e+01
1.811747401823857899e+02 2.512939533355241367e-02 1.981924190765691662e+01
1.810442768238580413e+02 2.724490634242523676e-02 1.969309686164968909e+01
1.810035481022017620e+02 3.380196352283930394e-02 1.962526187150837842e+01
1.809059727242852489e+02 2.834373973052908141e-02 1.960654062602694836e+01
1.805586027357870478e+02 2.612039927702924577e-02 1.946413387282287388e+01
1.803820140486362220e+02 2.577123726585606178e-02 1.933711592178770999e+01
1.806109975764048556e+02 2.248500657246138568e-02 1.942666570818271410e+01
1.810291704321393240e+02 2.140157739073282953e-02 1.944977201774564435e+01
1.812328499835688547e+02 1.781753204074926211e-02 1.951326302168912363e+01
1.812571116086099323e+02 2.029760926717055422e-02 1.948488333881038415e+01
1.810281229461058103e+02 2.171479625369700933e-02 1.944862697173841681e+01
1.808104101626684326e+02 2.028220506079526919e-02 1.934182960893854641e+01
1.806996231104173489e+02 1.932200953006901062e-02 1.940213707689779810e+01
1.804182344725599876e+02 2.442593657574761851e-02 1.936269203910614678e+01
1.797488446845218562e+02 1.727325008215576871e-02 1.912030171705553627e+01
1.788673749178442449e+02 1.359164475846204485e-02 1.872243674005915182e+01
1.784145323282944560e+02 8.944709168583635239e-03 1.838773414393690331e+01
1.786178370440354968e+02 6.166817285573447487e-03 1.847123521196187923e+01
1.790455091603680557e+02 1.116804962208347088e-02 1.860072297075254610e+01
1.790764048636214341e+02 7.712372658560630832e-03 1.873448282944462662e+01
1.786916077883667526e+02 8.939574433125204583e-03 1.862958531876437718e+01
1.786362553401248761e+02 1.030541406506736701e-02 1.854574022346368878e+01
1.789800361485376357e+02 1.509612224778179509e-02 1.878733466151823706e+01
1.791574309891554435e+02 1.873151495234965519e-02 1.890202411271771155e+01
1.793420452678278139e+02 1.700110910285902027e-02 1.894311740059152172e+01
1.795456118550772260e+02 1.966090207032533677e-02 1.898882168090699807e+01
1.795666231925731324e+02 1.892150016431153395e-02 1.901728865428853155e+01
1.793913181892868920e+02 1.673923759447913315e-02 1.898279863621426244e+01
1.793448077555044335e+02 1.207689779822543504e-02 1.902522695530726082e+01
1.795975753779165416e+02 1.593308412750575262e-02 1.909262549293460509e+01
1.797871754847190289e+02 1.573796418008544321e-02 1.912850188958264752e+01
1.795271370768977874e+02 2.011789352612553330e-02 1.907346266020374514e+01
1.790228084949063430e+02 1.887015280972724127e-02 1.896818517909957436e+01
1.785197738662504037e+02 1.724244166940519171e-02 1.875987923102201904e+01
1.782984719027275844e+02 1.552230529083141637e-02 1.864695099408478640e+01
1.783475188958264823e+02 1.707813013473545929e-02 1.870413140814985198e+01
1.785867718945119975e+02 1.655952185343411223e-02 1.879325501150180600e+01
1.788323816956950338e+02 1.878286230693394787e-02 1.887203212290502918e+01
1.790490059152152469e+02 1.478803812027604421e-02 1.898181790174170303e+01
1.790022387446598771e+02 1.882907492605980990e-02 1.902775837988826879e+01
1.785745563588563982e+02 1.592794939204732196e-02 1.892990059152152327e+01
1.783147798225435565e+02 1.562500000000000000e-02 1.883685918501478795e+01
1.786178935261255276e+02 1.512179592507393970e-02 1.886951610253039746e+01
1.786813229132435197e+02 1.774051100887282309e-02 1.881077986362142695e+01
1.782481360910285844e+02 1.217445777193558974e-02 1.861449946598751382e+01
1.781096266020374514e+02 1.421808248439040447e-02 1.854332176306276736e+01
1.782189091767992011e+02 1.430537298718369960e-02 1.861465864278672200e+01
1.778995748439040483e+02 1.391513309234308250e-02 1.844959743674005992e+01
1.773372442901741692e+02 1.187664311534669670e-02 1.827030274400262755e+01
1.773662298718369925e+02 1.482398126848504839e-02 1.816869659875123233e+01
1.780639942080184142e+02 1.250821557673348697e-02 1.841316648866250461e+01
1.783317347190272812e+02 1.468534341110746058e-02 1.856094417515609507e+01
1.782934193230364883e+02 1.639521031876437634e-02 1.853477242852448370e+01
1.782206036395004958e+02 1.145046007229707542e-02 1.853777111403220346e+01
1.782029504189944191e+02 1.137343904042063814e-02 1.852223340453499745e+01
1.777787339796253718e+02 9.643033190930003218e-03 1.836854563752875436e+01
1.775981607377588034e+02 1.593308412750575262e-02 1.832940354912915026e+01
1.782010402974038641e+02 1.285737758790667096e-02 1.865748233651002153e+01
1.789444781054880025e+02 1.624116825501150177e-02 1.888159813506408113e+01
1.792230631777850931e+02 7.722642129477489542e-03 1.890913058659218038e+01
1.794343626766348905e+02 9.427374301675978119e-03 1.898816443476832205e+01
1.795105364771606844e+02 1.121939697666776183e-02 1.900157636378573756e+01
1.791391718698652653e+02 1.260577555044364167e-02 1.889303319093000155e+01
1.785996652152481090e+02 1.155828951692408797e-02 1.876020785409135883e+01
1.785002464673019915e+02 1.123480118304305032e-02 1.876921418008544151e+01
1.789546140732829542e+02 1.751971738416036733e-02 1.884224552251068019e+01
1.790904637693066093e+02 1.306790174170226713e-02 1.886348278836674197e+01
1.794508040995727924e+02 6.818928688793953440e-03 1.895296582320078826e+01
1.796123890897140996e+02 1.128101380216891235e-02 1.895023927867236324e+01
1.794773352776865067e+02 6.916488662504108147e-03 1.886339036312849160e+01
1.792552168912257571e+02 1.186123890897140994e-02 1.873639295103516389e+01
1.793531054880052693e+02 9.807344725599737370e-03 1.873755853598422760e+01
1.798109903877752345e+02 6.536518238580348028e-03 1.890660429674663234e+01
1.800730775550443639e+02 7.969109431482089903e-03 1.908157554222806596e+01
1.799848936082813111e+02 8.739319750246467983e-03 1.911742113046335945e+01
1.796254826651330916e+02 1.232336510023003540e-02 1.904602776864935976e+01
1.789643289927703051e+02 1.675977653631284883e-02 1.888245050115018131e+01
1.781190128984554804e+02 2.008708511337495978e-02 1.872894244988498258e+01
1.777346933535984306e+02 2.373788202431810837e-02 1.868094294281958767e+01
1.777096820571804017e+02 2.399975353269799550e-02 1.869279904699309824e+01
1.778960780890568572e+02 2.349141472231350627e-02 1.878157348833387985e+01
1.780770004929346157e+02 2.806646401577390579e-02 1.879698282944462662e+01
1.779917690190601434e+02 2.211530561945448600e-02 1.872943024975353410e+01
1.777504261830430607e+02 2.897017745645744449e-02 1.864004990962865449e+01
1.775360766513309159e+02 2.555044364114360950e-02 1.857133687972395819e+01
1.771835513884324769e+02 3.274420801840289413e-02 1.848358425073940126e+01
1.768387539023989348e+02 3.083922116332566549e-02 1.838730282615839684e+01
1.765097046500164311e+02 2.595095300690108617e-02 1.818005976832073500e+01
1.767512682796582340e+02 2.134509530069010966e-02 1.819557180414065201e+01
1.767106063095629338e+02 1.749404370686822099e-02 1.808274626191258605e+01
1.762402542720998895e+02 2.710113374958922003e-02 1.784901310384488937e+01
1.761499188711797501e+02 3.501376109102859180e-02 1.790979296746631633e+01
1.764840823200788691e+02 3.003306769635228496e-02 1.815247083470259781e+01
1.765036970095300717e+02 2.586879723956621649e-02 1.823004641800854486e+01
1.765032759612224709e+02 2.550936575747617466e-02 1.825730159382188589e+01
1.770820736115675231e+02 2.950932467959250724e-02 1.859604522674991856e+01
1.771759930578376725e+02 3.214344396976667739e-02 1.861137241209332771e+01
1.767670678606638148e+02 2.430783766020374465e-02 1.837112840946434389e+01
1.768491106638186068e+02 2.661333388103844996e-02 1.828695982582977209e+01
1.774120676552743987e+02 3.435651495234965519e-02 1.850458531876437718e+01
1.773036271771278223e+02 3.401762241209332904e-02 1.847359719027275560e+01
1.763511234801183036e+02 2.938609102859020619e-02 1.811969068353598544e+01
1.762668162586263634e+02 3.449515280972724474e-02 1.813100764048636293e+01
1.766782574761748208e+02 3.407410450213604891e-02 1.836851482911600542e+01
1.766150232090042778e+02 3.680064903056194658e-02 1.830059768320736069e+01
1.762576610253039746e+02 3.321146894511994851e-02 1.816167741537956104e+01
1.765815498685507805e+02 3.369413407821229139e-02 1.830286210154452675e+01
1.770425669569503668e+02 4.222806441012159212e-02 1.845107110581662724e+01
1.767499075747617496e+02 3.191238087413736380e-02 1.830852571475517721e+01
1.761843883503121901e+02 2.559152152481104087e-02 1.804325501150180600e+01
1.760204157081827248e+02 3.040790338481761529e-02 1.800592548471902887e+01
1.756392334866907561e+02 3.043871179756818882e-02 1.793210852776864783e+01
1.747469140239894898e+02 3.042330759119290032e-02 1.767807776043378354e+01
1.745250985869207909e+02 3.280069010844561400e-02 1.752795863457114578e+01
1.751361475106802459e+02 2.852859020703253298e-02 1.769424190765691662e+01
1.757202750164311453e+02 3.741681728557344488e-02 1.806156034341110583e+01
1.757520076815642369e+02 2.314225271114032229e-02 1.805992749753532678e+01
1.756020374630299159e+02 2.619228557344725761e-02 1.798440067367729256e+01
1.755316813177785207e+02 3.950151988169569445e-02 1.794822132763719935e+01
1.753955184028918950e+02 3.650796910943147899e-02 1.789637076897798096e+01
1.754015157739073345e+02 3.251314492277358054e-02 1.793325870851133885e+01
1.753723453417679821e+02 2.233096450870851110e-02 1.785333141636542820e+01
1.751823139171869741e+02 1.444914558001971806e-02 1.773156629970424092e+01
1.751441422937890309e+02 1.764808577062109904e-02 1.770081436904370520e+01
1.749816073775879204e+02 1.929633585277686428e-02 1.759887446598751382e+01
1.744136850969437944e+02 2.059028918830101834e-02 1.738340556194544817e+01
1.744017417022674863e+02 1.613847354584291988e-02 1.732161415543871286e+01
1.754074823365100144e+02 1.806399934275386074e-02 1.782865387775221677e+01
1.761344992605980906e+02 1.626684193230364811e-02 1.807228680578376512e+01
1.758370799786395082e+02 1.004867729214590881e-02 1.796421602859020794e+01
1.755465052990469985e+02 1.514233486690765712e-02 1.781468739730529194e+01
1.757257024318107028e+02 1.361218370029576054e-02 1.793293008544199907e+01
1.757938609102859004e+02 1.876745810055865937e-02 1.792744618797239653e+01
1.756685630956293096e+02 1.093698652645415728e-02 1.775427723463687002e+01
1.759676152234636959e+02 1.085483075911928934e-02 1.780174786395004816e+01
1.769064964673019915e+02 1.005894676306276665e-02 1.819238826815642440e+01
1.769745111731843679e+02 1.186123890897140994e-02 1.819956662832730743e+01
1.761873921705553698e+02 1.296520703253368351e-02 1.794669117647058698e+01
1.757730087495892235e+02 1.463913079198159682e-02 1.774226708839960409e+01
1.759006069257311822e+02 1.679571968452185302e-02 1.780939348504765007e+01
1.759526988169569393e+02 1.664167762076897844e-02 1.777069811863292870e+01
1.761966552333223888e+02 1.202041570818271517e-02 1.782536251232336610e+01
1.767330656424580866e+02 1.118345382845875764e-02 1.796814410121590555e+01
1.769135259201445933e+02 5.797116332566546078e-03 1.812402440026289696e+01
1.766968503532698094e+02 1.015650673677292136e-02 1.807786312849162158e+01
1.763559860745974390e+02 4.739360828130134533e-03 1.798204383010187257e+01
1.763307129066710388e+02 4.913941833716726527e-03 1.802077000492934644e+01
1.765813701528097397e+02 5.940888925402563678e-03 1.803694442162339939e+01
1.767588214755175784e+02 5.160409135721327756e-03 1.806942675813342092e+01
1.763727150427210120e+02 6.639212947748931656e-03 1.788309234308248463e+01
1.758395395169240771e+02 7.963974696023660982e-03 1.767504826651330774e+01
1.756416981597108133e+02 7.917762076897798956e-03 1.758957546007229666e+01
1.755184696434439786e+02 1.188691258626355628e-02 1.764453253368386498e+01
1.748101842343082524e+02 1.057242030890568479e-02 1.744071947913243648e+01
1.740707309809398566e+02 1.492667597765363202e-02 1.719651659546500255e+01
1.741366712536970169e+02 2.000492934604009357e-02 1.718148209004272076e+01
1.747566546171541120e+02 2.349654945777193693e-02 1.748729666447584563e+01
1.748993437808084082e+02 1.783807098258297780e-02 1.762765465823200728e+01
1.747420308905685147e+02 1.782780151166611995e-02 1.760047650345054393e+01
1.747340309727242982e+02 2.831293131777850788e-02 1.768759242523825037e+01
1.746611074597436755e+02 2.731679263884324513e-02 1.786833511337495750e+01
1.741963676881367178e+02 3.094191587249424738e-02 1.767241928195859302e+01
1.739637436329280433e+02 2.209476667762077032e-02 1.754385064081498413e+01
1.745172013637857447e+02 1.583552415379559791e-02 1.776576877259283549e+01
1.753160121590535709e+02 1.806399934275386074e-02 1.806826630791981714e+01
1.752451938876109239e+02 1.971224942490962945e-02 1.797322235458429063e+01
1.751281629970423808e+02 1.356083634571146959e-02 1.785836345711468809e+01
1.751213440683536078e+02 1.749404370686822099e-02 1.784990141307919842e+01
1.747252249014130712e+02 2.651063917186986460e-02 1.771391307919816072e+01
1.737346214673019915e+02 2.723463687150837892e-02 1.737431194544857149e+01
1.734750041077883793e+02 2.533478475188958093e-02 1.727609472559973725e+01
1.738132239976996516e+02 2.031301347354584272e-02 1.736006305455142851e+01
1.740969078623069208e+02 1.295493756161682566e-02 1.748786662011173121e+01
1.741923061123890761e+02 1.374568682221491943e-02 1.741614976996385167e+01
1.743142817532040851e+02 1.326815642458100547e-02 1.747369988498192583e+01
1.742532451528097397e+02 1.398188465330266195e-02 1.741833203253368367e+01
1.739791375698324032e+02 1.584579362471245575e-02 1.733157554222806596e+01
1.738939471738416103e+02 1.352489319750246541e-02 1.729926265198816893e+01
1.739229738333881130e+02 1.564040420637528850e-02 1.732156794281958767e+01
1.739192254765034420e+02 1.488559809398619718e-02 1.733306975024646590e+01
1.741003070571804017e+02 1.998952513966480507e-02 1.733786559316463993e+01
1.746373541735129891e+02 1.959928524482418624e-02 1.759364217055537338e+01
1.748181944216233887e+02 2.102674170226749920e-02 1.766875821557673376e+01
1.743209825829773365e+02 1.846964344396976807e-02 1.748781527275714609e+01
1.737050453910614465e+02 1.495748439040420555e-02 1.728750924252382504e+01
1.736291334620440239e+02 1.575850312191915889e-02 1.734144450377916513e+01
1.733688947995399303e+02 1.271873973052908315e-02 1.721571023660861144e+01
1.731941289434768407e+02 1.408457936247124558e-02 1.701457751396647922e+01
1.734918511748274739e+02 1.233363457114689497e-02 1.715164414229379020e+01
1.738704095465001558e+02 1.133749589221163395e-02 1.723616188793953441e+01
1.739805804304962180e+02 7.085934932632270353e-03 1.720799272921459178e+01
1.739949422855734440e+02 9.088481761419651972e-03 1.717082237923102284e+01
1.741720752546828805e+02 7.794528425895497908e-03 1.726808967302004660e+01
1.744043552826158532e+02 1.069051922444955692e-02 1.736926963522839173e+01
1.746002454403549109e+02 1.034135721327637120e-02 1.746319935096943965e+01
1.748437191915872404e+02 7.291324350969438477e-03 1.749110663818600031e+01
1.752069606473874330e+02 7.912627341439368300e-03 1.763008852283930494e+01
1.753498911436082892e+02 1.115778015116661130e-02 1.772768957443312487e+01
1.751429767088399672e+02 1.492667597765363202e-02 1.763264048636214198e+01
1.744226400755833026e+02 1.924498849819257160e-02 1.734769347683207386e+01
1.740090782122904898e+02 1.384324679592507414e-02 1.716926141965165797e+01
1.741998490387775291e+02 1.577904206375287458e-02 1.724657513144922660e+01
1.744989833223792175e+02 1.340165954650016436e-02 1.740836037627341426e+01
1.746425351215905266e+02 7.121878080841275403e-03 1.740584949063424247e+01
1.747996785655602991e+02 7.116743345382845615e-03 1.747511193723299527e+01
1.749993222149194878e+02 1.170206210976010471e-02 1.757270785409135883e+01
1.750727078540913624e+02 1.540420637528754598e-02 1.761386275879066687e+01
1.752446804140650727e+02 1.072646237265856110e-02 1.753851565067367702e+01
1.759406424581005695e+02 5.596861649687807742e-03 1.771979748603352078e+01
1.763729358363457038e+02 5.139870193887611204e-03 1.779772223135064024e+01
1.760749517334866994e+02 6.931892868879394910e-03 1.766422937890239808e+01
1.753570592343082524e+02 5.365798554058495012e-03 1.741175443641143517e+01
1.750539301265198731e+02 7.070530726256983589e-03 1.734255874137364373e+01
1.749752762487676705e+02 7.008913900755833065e-03 1.734066915872494263e+01
1.748265897140979348e+02 9.350353269799539097e-03 1.725750698324022281e+01
1.748095269881695799e+02 7.506983240223463576e-03 1.726992277357870620e+01
1.750152501643115386e+02 7.265650673677292136e-03 1.736292823693723264e+01
1.753149184604009179e+02 5.391472231350640486e-03 1.746641883010187257e+01
1.755600353269799427e+02 7.892088399605652616e-03 1.756511358034834203e+01
1.757667341028590329e+02 5.396606966809070274e-03 1.763787278179428242e+01
1.758109749835688547e+02 5.833059480775550261e-03 1.759288222970752713e+01
1.754727653631285023e+02 6.536518238580348028e-03 1.751061349819257273e+01
1.754434254847190289e+02 6.860006572461386544e-03 1.749470608774235814e+01
1.756652152481104281e+02 9.422239566217549198e-03 1.760885125698323961e+01
1.757539486115675231e+02 1.294466809069996782e-02 1.761573180249753534e+01
1.757365932057180373e+02 1.389459415050936508e-02 1.767815991620111760e+01
1.756002146319421513e+02 1.361218370029576054e-02 1.767657841767992011e+01
1.752032841767992011e+02 1.898311698981268447e-02 1.753913695366414771e+01
1.745107470013144848e+02 3.358630463358527884e-02 1.738653261583963072e+01
1.741477109349326327e+02 3.442840124876766356e-02 1.730534731350640953e+01
1.742672527111403156e+02 3.613826815642458279e-02 1.736406301347354741e+01
1.744904904699309895e+02 3.813568024975353549e-02 1.745115326158396485e+01
1.745716244249096292e+02 3.848997699638514319e-02 1.742819072461386654e+01
1.748173625944791354e+02 4.029740387775222060e-02 1.760359328787381017e+01
1.748926224120933171e+02 4.702904206375287804e-02 1.762024523496549477e+01
1.744102037463029831e+02 4.601236444298389960e-02 1.744647038284587737e+01
1.741778312931317885e+02 4.369146401577390926e-02 1.728933207361156832e+01
1.742215227571475396e+02 4.714714097929674497e-02 1.741133852283930494e+01
1.742824053154781438e+02 2.965309727242852397e-02 1.747816710483076008e+01
1.743372340207032494e+02 3.487512323365100225e-02 1.754172486033519718e+01
1.745221101708839910e+02 3.974285244824186936e-02 1.768675032862307006e+01
1.745389264295103544e+02 3.344766677620768930e-02 1.768040893033191097e+01
1.740124517334866994e+02 4.475948899112718038e-02 1.739937972395662058e+01
