1.823376136259678617e+02 0.000000000000000000e+00 2.118075365308006397e+01
1.821435575219767031e+02 0.000000000000000000e+00 2.111617501517785200e+01
1.821281634384278334e+02 0.000000000000000000e+00 2.112423798870601388e+01
1.819249216157550393e+02 0.000000000000000000e+00 2.101891617667850554e+01
1.816286416446968985e+02 0.000000000000000000e+00 2.058107467502765431e+01
1.815321812027511328e+02 0.000000000000000000e+00 2.006804667293186029e+01
1.813256044111409722e+02 0.000000000000000000e+00 1.934437920509643050e+01
1.811312572250729716e+02 0.000000000000000000e+00 1.913160236524979041e+01
1.807946582280586370e+02 0.000000000000000000e+00 1.884244974675859297e+01
1.806122786736637238e+02 0.000000000000000000e+00 1.862552706647483092e+01
1.805563950732279466e+02 0.000000000000000000e+00 1.859621094302276134e+01
1.805931836894237392e+02 0.000000000000000000e+00 1.860434460791244149e+01
1.806419191457156899e+02 0.000000000000000000e+00 1.857903294217446799e+01
1.805188953851015867e+02 0.000000000000000000e+00 1.852549047329945608e+01
1.803264942906329793e+02 0.000000000000000000e+00 1.848559559551234699e+01
1.802629385983150598e+02 0.000000000000000000e+00 1.841724952387288994e+01
1.802282873562262466e+02 0.000000000000000000e+00 1.841934115651067572e+01
1.802157375603995320e+02 0.000000000000000000e+00 1.841239676982061013e+01
1.802150223301536016e+02 0.000000000000000000e+00 1.840607197212265334e+01
1.803099691452998456e+02 0.000000000000000000e+00 1.838977969245099331e+01
1.804903236001031246e+02 0.000000000000000000e+00 1.849459003168636428e+01
1.805809665588276971e+02 0.000000000000000000e+00 1.845163463377716440e+01
1.807220374082051819e+02 0.000000000000000000e+00 1.857943214045126012e+01
1.810233780490847550e+02 0.000000000000000000e+00 1.882654003210219429e+01
1.809288470654768446e+02 0.000000000000000000e+00 1.882704734657895429e+01
1.802529627997105877e+02 0.000000000000000000e+00 1.853469698355802109e+01
1.799671077253183284e+02 0.000000000000000000e+00 1.844886103741652050e+01
1.801407880839314259e+02 0.000000000000000000e+00 1.858326610723463546e+01
1.801540946931579015e+02 0.000000000000000000e+00 1.868993521344632924e+01
1.801661745993463057e+02 0.000000000000000000e+00 1.875017672840379035e+01
1.803212049134654649e+02 0.000000000000000000e+00 1.878541845127701748e+01
1.803978509826099241e+02 0.000000000000000000e+00 1.886600660340482705e+01
1.803683851598040633e+02 0.000000000000000000e+00 1.883764273417553170e+01
1.803991608519556564e+02 0.000000000000000000e+00 1.882937184487820304e+01
1.804505243635698264e+02 0.000000000000000000e+00 1.881735431342054810e+01
1.804796076213604294e+02 0.000000000000000000e+00 1.885610981279264209e+01
1.803228349730956950e+02 0.000000000000000000e+00 1.882772515198642793e+01
1.802557821375404501e+02 0.000000000000000000e+00 1.864242230187706184e+01
1.803472068595570477e+02 0.000000000000000000e+00 1.869270465149158866e+01
1.804948561638709066e+02 0.000000000000000000e+00 1.872517277800417546e+01
1.805102710389966774e+02 0.000000000000000000e+00 1.871866917274473607e+01
1.803506915278482268e+02 0.000000000000000000e+00 1.865422775925017262e+01
1.802013872140118735e+02 0.000000000000000000e+00 1.850901938606631703e+01
1.801238554236907419e+02 0.000000000000000000e+00 1.845849585415956184e+01
1.801529469981121281e+02 0.000000000000000000e+00 1.845166790030022952e+01
1.802852729102386036e+02 0.000000000000000000e+00 1.849111783834133149e+01
1.802199582505135425e+02 0.000000000000000000e+00 1.843380793572907805e+01
1.799894628288188017e+02 0.000000000000000000e+00 1.842322502307865051e+01
1.798786021407007638e+02 0.000000000000000000e+00 1.837654377458603960e+01
1.798089503580309554e+02 0.000000000000000000e+00 1.840691195183007522e+01
1.796064736653886769e+02 0.000000000000000000e+00 1.832866077294766427e+01
1.796197220581997840e+02 0.000000000000000000e+00 1.835750700676141989e+01
1.796311116840345505e+02 0.000000000000000000e+00 1.826269325770743635e+01
1.798479511980106622e+02 0.000000000000000000e+00 1.834447900466562942e+01
1.807105978825858017e+02 0.000000000000000000e+00 1.864707129847556288e+01
1.811424098269309013e+02 0.000000000000000000e+00 1.887379096980231452e+01
1.809896000532264395e+02 0.000000000000000000e+00 1.878474480418492831e+01
1.807195174690829163e+02 0.000000000000000000e+00 1.881804875208955252e+01
1.803737493866484840e+02 0.000000000000000000e+00 1.875257607637993829e+01
1.802907618865445158e+02 0.000000000000000000e+00 1.880493342537071300e+01
1.806738009497592259e+02 0.000000000000000000e+00 1.899192039321030379e+01
1.806925383188762453e+02 0.000000000000000000e+00 1.902791477116790375e+01
1.807174965278066452e+02 0.000000000000000000e+00 1.904229422576325703e+01
1.809394715612810955e+02 0.000000000000000000e+00 1.905350920235194323e+01
1.809553812759374978e+02 0.000000000000000000e+00 1.895850832910571171e+01
1.808552739914005940e+02 0.000000000000000000e+00 1.887125855573390254e+01
1.808355303099608307e+02 0.000000000000000000e+00 1.885131527515572714e+01
1.805198060561705233e+02 0.000000000000000000e+00 1.869214743723022920e+01
1.804434718606798072e+02 0.000000000000000000e+00 1.873406741460899383e+01
1.805531640621751421e+02 0.000000000000000000e+00 1.882064354088871383e+01
1.805998162024600617e+02 0.000000000000000000e+00 1.888310559626084384e+01
1.805749952179372997e+02 0.000000000000000000e+00 1.885686662619239584e+01
1.807047679244184621e+02 0.000000000000000000e+00 1.869296662536073228e+01
1.808648880165667379e+02 0.000000000000000000e+00 1.847742450578421725e+01
1.809548448532530642e+02 0.000000000000000000e+00 1.839981370747083034e+01
1.809088206185909939e+02 0.000000000000000000e+00 1.833317254513851324e+01
1.808436972413735759e+02 0.000000000000000000e+00 1.826452291647607851e+01
1.810057467918596785e+02 0.000000000000000000e+00 1.841500403356592130e+01
1.810491928709841147e+02 0.000000000000000000e+00 1.856007518234212839e+01
1.814905024076645930e+02 0.000000000000000000e+00 1.888145474505368426e+01
1.822120200264468792e+02 0.000000000000000000e+00 1.911876564566162884e+01
1.822446129024209824e+02 0.000000000000000000e+00 1.918953185685415264e+01
1.821576916359644258e+02 0.000000000000000000e+00 1.930984855415374213e+01
1.822884623381375775e+02 0.000000000000000000e+00 1.950474879616769641e+01
1.825504861070683091e+02 0.000000000000000000e+00 1.966735971923054649e+01
1.827786071306792053e+02 0.000000000000000000e+00 1.981849785015094767e+01
1.827666270240599999e+02 0.000000000000000000e+00 1.978154705965519256e+01
1.828136866792524984e+02 0.000000000000000000e+00 1.967662860421985727e+01
1.828936594007035978e+02 0.000000000000000000e+00 1.958754917207940593e+01
1.829706630849710223e+02 0.000000000000000000e+00 1.946903302534077440e+01
1.830183714373632995e+02 0.000000000000000000e+00 1.942664315832369937e+01
1.832392985753611470e+02 0.000000000000000000e+00 1.950818356467427961e+01
1.832063480842641070e+02 0.000000000000000000e+00 1.956543940918654911e+01
1.828651499904358673e+02 0.000000000000000000e+00 1.952201827995442329e+01
1.825973378464916266e+02 0.000000000000000000e+00 1.947260085993962164e+01
1.824888058149882397e+02 0.000000000000000000e+00 1.936686321637378327e+01
1.820609983283572149e+02 0.000000000000000000e+00 1.928197536613966889e+01
1.818531324589782230e+02 0.000000000000000000e+00 1.923657072046972161e+01
1.818228183398341571e+02 0.000000000000000000e+00 1.928774710789165070e+01
1.817419515805756873e+02 0.000000000000000000e+00 1.923145183423291726e+01
1.817381508803153736e+02 0.000000000000000000e+00 1.922745153483420921e+01
1.817976314235576751e+02 0.000000000000000000e+00 1.929185968180570754e+01
1.818067963506624096e+02 0.000000000000000000e+00 1.931184038722232899e+01
1.819503996141083348e+02 0.000000000000000000e+00 1.933754293460633278e+01
1.822759499671493018e+02 0.000000000000000000e+00 1.945889505243635753e+01
1.825926264751623762e+02 0.000000000000000000e+00 1.954133365490972452e+01
1.826857394732246007e+02 0.000000000000000000e+00 1.960251910745918735e+01
1.830962317345996837e+02 0.000000000000000000e+00 1.971001571843214961e+01
1.833616570055139334e+02 0.000000000000000000e+00 1.967215841518284236e+01
1.832239128084430320e+02 0.000000000000000000e+00 1.959164095441654752e+01
1.830120216897730359e+02 0.000000000000000000e+00 1.952755715604494213e+01
1.828807395148077717e+02 0.000000000000000000e+00 1.947738292263038318e+01
1.828189219983200360e+02 0.000000000000000000e+00 1.952775259686795550e+01
1.827162365582455266e+02 0.000000000000000000e+00 1.952084563501634307e+01
1.827735880440116034e+02 0.000000000000000000e+00 1.957209687211516780e+01
1.829449106378024226e+02 0.000000000000000000e+00 1.966156302758626495e+01
1.827458354471436621e+02 0.000000000000000000e+00 1.957066641162332488e+01
1.826550677389575981e+02 0.000000000000000000e+00 1.952448416097670503e+01
1.829990103209387939e+02 0.000000000000000000e+00 1.960198684309012762e+01
1.831920143711379581e+02 0.000000000000000000e+00 1.964405651982269063e+01
1.832059405693565282e+02 0.000000000000000000e+00 1.956217513161068311e+01
1.831075922522267660e+02 0.000000000000000000e+00 1.956269492103358942e+01
1.831151354363320252e+02 0.000000000000000000e+00 1.962443758784441172e+01
1.830492344541379452e+02 0.000000000000000000e+00 1.958114120807378455e+01
1.829098893056444979e+02 0.000000000000000000e+00 1.952143611580076765e+01
1.828971149607870927e+02 0.000000000000000000e+00 1.949805806671601260e+01
1.824879034605500578e+02 0.000000000000000000e+00 1.943277251519864279e+01
1.819592318759823968e+02 0.000000000000000000e+00 1.916782545055347242e+01
1.813346736969918709e+02 0.000000000000000000e+00 1.894054440664997685e+01
1.811021157508670001e+02 0.000000000000000000e+00 1.877850317279463610e+01
1.810855240724877433e+02 0.000000000000000000e+00 1.869428065302184905e+01
1.809657396395572277e+02 0.000000000000000000e+00 1.865214028492777132e+01
1.808760406184246676e+02 0.000000000000000000e+00 1.863497060071023981e+01
1.809403323325654185e+02 0.000000000000000000e+00 1.869261732686853961e+01
1.811560615763341957e+02 0.000000000000000000e+00 1.874459211084405652e+01
1.810845967681572972e+02 0.000000000000000000e+00 1.878013323242488042e+01
1.806293651915735836e+02 0.000000000000000000e+00 1.864945401319017648e+01
1.803299581673472574e+02 0.000000000000000000e+00 1.848130421403681112e+01
1.791616087690554764e+02 0.000000000000000000e+00 1.797964504619888260e+01
1.779697856804251330e+02 0.000000000000000000e+00 1.747790271205329304e+01
1.778459510483113206e+02 0.000000000000000000e+00 1.743905572974276552e+01
1.780197062566013244e+02 0.000000000000000000e+00 1.752169808966991127e+01
1.780978243693914749e+02 0.000000000000000000e+00 1.754204056852487881e+01
1.778370397784449608e+02 0.000000000000000000e+00 1.748346237972072714e+01
1.775658261325172020e+02 0.000000000000000000e+00 1.737885995625452296e+01
1.775479412180537508e+02 0.000000000000000000e+00 1.741041325338278867e+01
1.779773621310534679e+02 0.000000000000000000e+00 1.753010620337488845e+01
1.781101620911336454e+02 0.000000000000000000e+00 1.770564948727971455e+01
1.781572508545337996e+02 0.000000000000000000e+00 1.774015518833010319e+01
1.783650252409743757e+02 0.000000000000000000e+00 1.788360875242221937e+01
1.785231285501617720e+02 0.000000000000000000e+00 1.798288437388245242e+01
1.785885929092406172e+02 0.000000000000000000e+00 1.801119002669638647e+01
1.786862592626475248e+02 0.000000000000000000e+00 1.802824743639856564e+01
1.788298417345165205e+02 0.000000000000000000e+00 1.808583178782611611e+01
1.786452457980223016e+02 0.000000000000000000e+00 1.806838765479329112e+01
1.788145557671676045e+02 0.000000000000000000e+00 1.804313836378606339e+01
1.791558619771957979e+02 0.000000000000000000e+00 1.820233946823463000e+01
1.793209179897040144e+02 0.000000000000000000e+00 1.820120424813499582e+01
1.794147711679044619e+02 0.000000000000000000e+00 1.821515123793048829e+01
1.794491022197087489e+02 0.000000000000000000e+00 1.817953526667276520e+01
1.795464774910388428e+02 0.000000000000000000e+00 1.815801182624894849e+01
1.793975848504254031e+02 0.000000000000000000e+00 1.813575236400229684e+01
1.792009422742658558e+02 0.000000000000000000e+00 1.801710730948678219e+01
1.791639790088239579e+02 0.000000000000000000e+00 1.798474729917415971e+01
1.790983732670220547e+02 0.000000000000000000e+00 1.793036069227634499e+01
1.788629918247519583e+02 0.000000000000000000e+00 1.787799502665480134e+01
1.785684666627855677e+02 0.000000000000000000e+00 1.774994386274232738e+01
1.785788458179822271e+02 0.000000000000000000e+00 1.779518217579694195e+01
1.785862434610490652e+02 0.000000000000000000e+00 1.782490997247195352e+01
1.784269882985005040e+02 0.000000000000000000e+00 1.768073701981852963e+01
1.783511988423250045e+02 0.000000000000000000e+00 1.769361116424514080e+01
1.783590331085070773e+02 0.000000000000000000e+00 1.771603695910712517e+01
1.784061634550610904e+02 0.000000000000000000e+00 1.776122121406175935e+01
1.783602015951297801e+02 0.000000000000000000e+00 1.779724470022704352e+01
1.782520646035877974e+02 0.000000000000000000e+00 1.774077893563759289e+01
1.783653495895742651e+02 0.000000000000000000e+00 1.785215109654776811e+01
1.784516554253540903e+02 0.000000000000000000e+00 1.789799236533295712e+01
1.785697598988697621e+02 0.000000000000000000e+00 1.790729451684533657e+01
1.787065268918255754e+02 0.000000000000000000e+00 1.790892041816019642e+01
1.784842233514358725e+02 0.000000000000000000e+00 1.785285385184753792e+01
1.784407939055729742e+02 0.000000000000000000e+00 1.783764273417553170e+01
1.786960313037982075e+02 0.000000000000000000e+00 1.791598955431175710e+01
1.788399464408978758e+02 0.000000000000000000e+00 1.791343634866642986e+01
1.787029008408113668e+02 0.000000000000000000e+00 1.780222220374082198e+01
1.785816859473889906e+02 0.000000000000000000e+00 1.765011102702073487e+01
1.785423857087016870e+02 0.000000000000000000e+00 1.753663475852662401e+01
1.784638725559501324e+02 0.000000000000000000e+00 1.750261558037607657e+01
1.784353132458978166e+02 0.000000000000000000e+00 1.758850974293294200e+01
1.783145599254829961e+02 0.000000000000000000e+00 1.763738658194792208e+01
1.783185228000432403e+02 0.000000000000000000e+00 1.769430976122952970e+01
1.782855432007385161e+02 0.000000000000000000e+00 1.769189377999185098e+01
1.783892890112357748e+02 0.000000000000000000e+00 1.773720278440798026e+01
1.780682753802779530e+02 0.000000000000000000e+00 1.748899709749586151e+01
1.778800575510849171e+02 0.000000000000000000e+00 1.740402608095408254e+01
1.778541470879317501e+02 0.000000000000000000e+00 1.738587919262148418e+01
1.779015851498241148e+02 0.000000000000000000e+00 1.737952528671584673e+01
1.777206817973902275e+02 0.000000000000000000e+00 1.729857536114969108e+01
1.774501709067622528e+02 0.000000000000000000e+00 1.721233605841601388e+01
1.773778702771932956e+02 0.000000000000000000e+00 1.726398233547625338e+01
1.772299340491180146e+02 0.000000000000000000e+00 1.716774644256118876e+01
1.770917324373549775e+02 0.000000000000000000e+00 1.705365474339035714e+01
1.770792907577282165e+02 0.000000000000000000e+00 1.707505759266805967e+01
1.770841476700958879e+02 0.000000000000000000e+00 1.712747731638958371e+01
1.769902986502108320e+02 0.000000000000000000e+00 1.710419906687402758e+01
1.770575095017506442e+02 0.000000000000000000e+00 1.720872664066333613e+01
1.771707570628986730e+02 0.000000000000000000e+00 1.728993438178325093e+01
1.772170557463760190e+02 0.000000000000000000e+00 1.728327691885463224e+01
1.772215841518284094e+02 0.000000000000000000e+00 1.726210693523839623e+01
1.773247353232258661e+02 0.000000000000000000e+00 1.725813158573198791e+01
1.773179156859972920e+02 0.000000000000000000e+00 1.725476335027153851e+01
1.773771758385242947e+02 0.000000000000000000e+00 1.726906379687461168e+01
1.778793215292620573e+02 0.000000000000000000e+00 1.744992556615463997e+01
1.782708186059663547e+02 0.000000000000000000e+00 1.763642185277900154e+01
1.783314302109929201e+02 0.000000000000000000e+00 1.770815695145582680e+01
1.783455476917191334e+02 0.000000000000000000e+00 1.767148060977536872e+01
1.783149424904982538e+02 0.000000000000000000e+00 1.768230054640264015e+01
1.782274723264111174e+02 0.000000000000000000e+00 1.764654319242188762e+01
1.781842632712635464e+02 0.000000000000000000e+00 1.774136525810663656e+01
1.783157949451518220e+02 0.000000000000000000e+00 1.774965278066549601e+01
1.786026022737668484e+02 0.000000000000000000e+00 1.784210460658178121e+01
1.786901680791077922e+02 0.000000000000000000e+00 1.792932527174590973e+01
1.788579852130305028e+02 0.000000000000000000e+00 1.798039770128325543e+01
1.789359286765745480e+02 0.000000000000000000e+00 1.803351602198917192e+01
1.790349506407964100e+02 0.000000000000000000e+00 1.808676325047196798e+01
1.792151803461381689e+02 0.000000000000000000e+00 1.817022895684500128e+01
1.792810106369707626e+02 0.000000000000000000e+00 1.816234063256293751e+01
1.793578147220997892e+02 0.000000000000000000e+00 1.821683951397609746e+01
1.795152485425104487e+02 0.000000000000000000e+00 1.824526575793614569e+01
1.795894370472634023e+02 0.000000000000000000e+00 1.828044510607862705e+01
1.796640621751316189e+02 0.000000000000000000e+00 1.830002661321845281e+01
1.795998993687677228e+02 0.000000000000000000e+00 1.828847481308372380e+01
1.795241764456383464e+02 0.000000000000000000e+00 1.827012000898196220e+01
1.794150497750351292e+02 0.000000000000000000e+00 1.826749611197511669e+01
1.792400512304455162e+02 0.000000000000000000e+00 1.824771916401227401e+01
1.791162498648547512e+02 0.000000000000000000e+00 1.813304530068778675e+01
1.790866218677489314e+02 0.000000000000000000e+00 1.817288612037491546e+01
1.792886785705375132e+02 0.000000000000000000e+00 1.823881205246130577e+01
1.794305602914147357e+02 0.000000000000000000e+00 1.829556058249681882e+01
1.795663001804708756e+02 0.000000000000000000e+00 1.833081478031619937e+01
1.797890652938681342e+02 0.000000000000000000e+00 1.838198700942274399e+01
1.798848021889372149e+02 0.000000000000000000e+00 1.844711870327093095e+01
1.799430061293568883e+02 0.000000000000000000e+00 1.849678146389334898e+01
1.801561364260111020e+02 0.000000000000000000e+00 1.854476842341630416e+01
1.802947330777355432e+02 0.000000000000000000e+00 1.848702605600418991e+01
1.804859324190584005e+02 0.000000000000000000e+00 1.854120474713284139e+01
1.806089561796725036e+02 0.000000000000000000e+00 1.854394923528580108e+01
1.809876498033116832e+02 0.000000000000000000e+00 1.873131045150988427e+01
1.811473207973985495e+02 0.000000000000000000e+00 1.880243427782536614e+01
1.809602215550436313e+02 0.000000000000000000e+00 1.869667584268261251e+01
1.809912425878028159e+02 0.000000000000000000e+00 1.877604976671850778e+01
1.811753769512895076e+02 0.000000000000000000e+00 1.883244068163105922e+01
1.811378148884323878e+02 0.000000000000000000e+00 1.888538435309087760e+01
1.811339933965951730e+02 0.000000000000000000e+00 1.896982310526359683e+01
1.812843206560158364e+02 0.000000000000000000e+00 1.901318185976497332e+01
1.813923495313578655e+02 0.000000000000000000e+00 1.908038023635864633e+01
1.814242562852936942e+02 0.000000000000000000e+00 1.911060287256426804e+01
1.814763183938922566e+02 0.000000000000000000e+00 1.919009738774627749e+01
1.815995500702755407e+02 0.000000000000000000e+00 1.913276669355710524e+01
1.816223542718373949e+02 0.000000000000000000e+00 1.910244841609766908e+01
1.815971424056686203e+02 0.000000000000000000e+00 1.899874003043886717e+01
1.815017880756147974e+02 0.000000000000000000e+00 1.898517144734325157e+01
1.814367561813358236e+02 0.000000000000000000e+00 1.893925532888116336e+01
1.815089112698663598e+02 0.000000000000000000e+00 1.897465506773895783e+01
1.815898819870094201e+02 0.000000000000000000e+00 1.899286848911768999e+01
1.815740803885529999e+02 0.000000000000000000e+00 1.905952628471153787e+01
1.812769562794720741e+02 0.000000000000000000e+00 1.893507622192097628e+01
1.808335925349922206e+02 0.000000000000000000e+00 1.874816826207366915e+01
1.807486048851889109e+02 0.000000000000000000e+00 1.872567177585016651e+01
1.807130720802388453e+02 0.000000000000000000e+00 1.873123144351760061e+01
1.802881504644838344e+02 0.000000000000000000e+00 1.862172636621452071e+01
1.798527748438552578e+02 0.000000000000000000e+00 1.847010587070965926e+01
1.797926913448823711e+02 0.000000000000000000e+00 1.838719322028259739e+01
1.799187049342570219e+02 0.000000000000000000e+00 1.842909240608444676e+01
1.798763816002860949e+02 0.000000000000000000e+00 1.838038189968479941e+01
1.798336382764614427e+02 0.000000000000000000e+00 1.833340125248459174e+01
1.800527149641137328e+02 0.000000000000000000e+00 1.837415274324065706e+01
1.799553646426759599e+02 0.000000000000000000e+00 1.835671692683859746e+01
1.796562279089495178e+02 0.000000000000000000e+00 1.831297144900657869e+01
1.795772116000366054e+02 0.000000000000000000e+00 1.839869512063273049e+01
1.797701033757204243e+02 0.000000000000000000e+00 1.846333613326569179e+01
1.802342670137473988e+02 0.000000000000000000e+00 1.863500802554868940e+01
1.802760830332415765e+02 0.000000000000000000e+00 1.869128666594589205e+01
1.798811553463460768e+02 0.000000000000000000e+00 1.850633727264410666e+01
1.796052053791967751e+02 0.000000000000000000e+00 1.836442644355918574e+01
1.795702505800850020e+02 0.000000000000000000e+00 1.836356567227484859e+01
1.792477773804276353e+02 0.000000000000000000e+00 1.824947813141939790e+01
1.791336773646260383e+02 0.000000000000000000e+00 1.818501176803253472e+01
1.791851905755940209e+02 0.000000000000000000e+00 1.814193577897722065e+01
1.791113929524870798e+02 0.000000000000000000e+00 1.793607421761296195e+01
1.790310626159130436e+02 0.000000000000000000e+00 1.784644588784191654e+01
1.790847256759341519e+02 0.000000000000000000e+00 1.783790470804467532e+01
1.791112806779717346e+02 0.000000000000000000e+00 1.782206152643441044e+01
1.792131677214926810e+02 0.000000000000000000e+00 1.797003933766352546e+01
1.793032950491096926e+02 0.000000000000000000e+00 1.808798579519465122e+01
1.794301985179764074e+02 0.000000000000000000e+00 1.819466737635249132e+01
1.794514475095849093e+02 0.000000000000000000e+00 1.822857427998768998e+01
1.793393933849518760e+02 0.000000000000000000e+00 1.817194634109829465e+01
1.794110411590056628e+02 0.000000000000000000e+00 1.819665920942107817e+01
1.795816651558120896e+02 0.000000000000000000e+00 1.830645536880099300e+01
1.796254813250056088e+02 0.000000000000000000e+00 1.829576018163521667e+01
1.795140426310493069e+02 0.000000000000000000e+00 1.824194742226029220e+01
1.793675160718889572e+02 0.000000000000000000e+00 1.816239469066291790e+01
1.790965893497226489e+02 0.000000000000000000e+00 1.809728794670703067e+01
1.789456799261483297e+02 0.000000000000000000e+00 1.797997771142954448e+01
1.791412371819928353e+02 0.000000000000000000e+00 1.799617434984739006e+01
1.794779692450994162e+02 0.000000000000000000e+00 1.808649295997205542e+01
1.796819055064412396e+02 0.000000000000000000e+00 1.816218261657837019e+01
1.798146888332598792e+02 0.000000000000000000e+00 1.823110253574072104e+01
1.800839730208497826e+02 0.000000000000000000e+00 1.833944744305187058e+01
1.803506083615405657e+02 0.000000000000000000e+00 1.845295281975366208e+01
1.805237980389384518e+02 0.000000000000000000e+00 1.849755075223925260e+01
1.808841950748912666e+02 0.000000000000000000e+00 1.863168137324207052e+01
1.814736113305777678e+02 0.000000000000000000e+00 1.880330752405585315e+01
1.818417095666203807e+02 0.000000000000000000e+00 1.886669272544306963e+01
1.818969236782794496e+02 0.000000000000000000e+00 1.890868339418334898e+01
1.821234312755216536e+02 0.000000000000000000e+00 1.895782220706747268e+01
1.823046090767708165e+02 0.000000000000000000e+00 1.908396054590364344e+01
1.824087083440756487e+02 0.000000000000000000e+00 1.907546510757561720e+01
1.824927977977561682e+02 0.000000000000000000e+00 1.907464591944511412e+01
1.827541271280178989e+02 0.000000000000000000e+00 1.915328797997355181e+01
1.827596244209545944e+02 0.000000000000000000e+00 1.904631531673888389e+01
1.827617534784308191e+02 0.000000000000000000e+00 1.902244658643890318e+01
1.831955156726906750e+02 0.000000000000000000e+00 1.938020725043870129e+01
1.836336482564183541e+02 0.000000000000000000e+00 1.968570620670154270e+01
1.838156161375903253e+02 0.000000000000000000e+00 1.987746276228574160e+01
1.839044419124924161e+02 0.000000000000000000e+00 1.993219450936036807e+01
1.839230420572017977e+02 0.000000000000000000e+00 2.002955730574429793e+01
1.839508902953235463e+02 0.000000000000000000e+00 2.004987067639158127e+01
1.841178092331234666e+02 0.000000000000000000e+00 2.017501933616653176e+01
1.842861669480460023e+02 0.000000000000000000e+00 2.024773995558919282e+01
1.844074566911452848e+02 0.000000000000000000e+00 2.028131419399372959e+01
1.846101371412413528e+02 0.000000000000000000e+00 2.035302850109363604e+01
1.847777214095025897e+02 0.000000000000000000e+00 2.043764190251245338e+01
1.846036044277742292e+02 0.000000000000000000e+00 2.026467261582987334e+01
1.841880681298392517e+02 0.000000000000000000e+00 2.003540389717317893e+01
1.840813116990044875e+02 0.000000000000000000e+00 1.998316713932851485e+01
1.842240292412737688e+02 0.000000000000000000e+00 2.003233090210493827e+01
1.843111085237148643e+02 0.000000000000000000e+00 1.992538734707795101e+01
1.841011967631673087e+02 0.000000000000000000e+00 1.982999559218569274e+01
1.840041749486448168e+02 0.000000000000000000e+00 1.977770477624104828e+01
1.840110112191349003e+02 0.000000000000000000e+00 1.978230803137033078e+01
1.840364684259112948e+02 0.000000000000000000e+00 1.978259911344715860e+01
1.839298616944303433e+02 0.000000000000000000e+00 1.982491828910271892e+01
1.838969444698563791e+02 0.000000000000000000e+00 1.984114403572824514e+01
1.835808293344200308e+02 0.000000000000000000e+00 1.974912883292720522e+01
1.834019843481009104e+02 0.000000000000000000e+00 1.968242945417952328e+01
1.832574038805399255e+02 0.000000000000000000e+00 1.959111284836287226e+01
1.832760955081877228e+02 0.000000000000000000e+00 1.946767741452582712e+01
1.832607305328465372e+02 0.000000000000000000e+00 1.927221164161974798e+01
1.832510416580035155e+02 0.000000000000000000e+00 1.922420389051987399e+01
1.831526475994045313e+02 0.000000000000000000e+00 1.916231984098601870e+01
1.829839364276744220e+02 0.000000000000000000e+00 1.917476567892815353e+01
1.829833002054207896e+02 0.000000000000000000e+00 1.923439592152427124e+01
1.828754085544863983e+02 0.000000000000000000e+00 1.916450295656223801e+01
1.829352051296978630e+02 0.000000000000000000e+00 1.911059871424888357e+01
1.831097753678029960e+02 0.000000000000000000e+00 1.922779251669563649e+01
1.832346537370780482e+02 0.000000000000000000e+00 1.930126994951805131e+01
1.832869778195457400e+02 0.000000000000000000e+00 1.930146954865644915e+01
1.832809149957169268e+02 0.000000000000000000e+00 1.924771916401227401e+01
1.832608428073618825e+02 0.000000000000000000e+00 1.919613526168278739e+01
1.832780540747332338e+02 0.000000000000000000e+00 1.914242646019244631e+01
1.834363528247436363e+02 0.000000000000000000e+00 1.919307474156070015e+01
1.836161043238163302e+02 0.000000000000000000e+00 1.928910271870659798e+01
1.837099866102244619e+02 0.000000000000000000e+00 1.939348890977287354e+01
1.836128150963481573e+02 0.000000000000000000e+00 1.934985154814081554e+01
1.835639299407024225e+02 0.000000000000000000e+00 1.934501126903468915e+01
1.837038572533495255e+02 0.000000000000000000e+00 1.945455377117622220e+01
1.842229647125356564e+02 0.000000000000000000e+00 1.973223775584035522e+01
1.848480842641029369e+02 0.000000000000000000e+00 1.997518317379263308e+01
1.854191207657953555e+02 0.000000000000000000e+00 2.020081336648896908e+01
1.857848362871233689e+02 0.000000000000000000e+00 2.036223501135220104e+01
1.860042830648447705e+02 0.000000000000000000e+00 2.049355876947131350e+01
1.861461024109912614e+02 0.000000000000000000e+00 2.053089212498232641e+01
1.863655283971357619e+02 0.000000000000000000e+00 2.056812568092414395e+01
1.864229464159479619e+02 0.000000000000000000e+00 2.063351934864147808e+01
1.864429603878876662e+02 0.000000000000000000e+00 2.067029133157575060e+01
1.866406009597392028e+02 0.000000000000000000e+00 2.072479021298891411e+01
1.866947214344524753e+02 0.000000000000000000e+00 2.073150589233289764e+01
1.864400163005963122e+02 0.000000000000000000e+00 2.057052502890029189e+01
1.863124974010528945e+02 0.000000000000000000e+00 2.051208406450378874e+01
1.864207341921640761e+02 0.000000000000000000e+00 2.054421952578571364e+01
1.866347294184180043e+02 0.000000000000000000e+00 2.067180911669064614e+01
1.867217255345514388e+02 0.000000000000000000e+00 2.069277950116848785e+01
1.866259179481208434e+02 0.000000000000000000e+00 2.060290998910521409e+01
1.866831114179023814e+02 0.000000000000000000e+00 2.058584842108765045e+01
1.866916567560149929e+02 0.000000000000000000e+00 2.060725958699611482e+01
1.866429088247768959e+02 0.000000000000000000e+00 2.059927562146023305e+01
1.865868755249873061e+02 0.000000000000000000e+00 2.062275762842957150e+01
1.864528114370306184e+02 0.000000000000000000e+00 2.055091025523739745e+01
1.863819870094227440e+02 0.000000000000000000e+00 2.058885488310975376e+01
1.863730591062948463e+02 0.000000000000000000e+00 2.066413702480851100e+01
1.864755449472309863e+02 0.000000000000000000e+00 2.069094152576908030e+01
1.865451634633777189e+02 0.000000000000000000e+00 2.076823213379795519e+01
1.866271903926281368e+02 0.000000000000000000e+00 2.083296462936935001e+01
1.867826406966009927e+02 0.000000000000000000e+00 2.089843730507896780e+01
1.869004998295090729e+02 0.000000000000000000e+00 2.096280386889663205e+01
1.871041075839355869e+02 0.000000000000000000e+00 2.107410949676067347e+01
1.871885172279006326e+02 0.000000000000000000e+00 2.110076845668282886e+01
1.870906138505168883e+02 0.000000000000000000e+00 2.103299623256626205e+01
1.870929300321853646e+02 0.000000000000000000e+00 2.092855182508462164e+01
1.872171680208913642e+02 0.000000000000000000e+00 2.100510641129065803e+01
1.872300837484718272e+02 0.000000000000000000e+00 2.098043928443708950e+01
1.869176861469881317e+02 0.000000000000000000e+00 2.081937109638143468e+01
1.867671842383213630e+02 0.000000000000000000e+00 2.067289443700568086e+01
1.864644796699960807e+02 0.000000000000000000e+00 2.057358970733776360e+01
1.861141998153707959e+02 0.000000000000000000e+00 2.044644505617884178e+01
1.861214144925607741e+02 0.000000000000000000e+00 2.041402267113546998e+01
1.861939105629527376e+02 0.000000000000000000e+00 2.048892224781896232e+01
1.862741452582729664e+02 0.000000000000000000e+00 2.063618067048677318e+01
1.865265716352991205e+02 0.000000000000000000e+00 2.075786961186284074e+01
1.869034854999542574e+02 0.000000000000000000e+00 2.097134920700925775e+01
1.870448848562470232e+02 0.000000000000000000e+00 2.110743423624221293e+01
1.872869237614457631e+02 0.000000000000000000e+00 2.114680516629103124e+01
1.878485707870027568e+02 0.000000000000000000e+00 2.143101770610690338e+01
1.883532821583320072e+02 0.000000000000000000e+00 2.152716627439891539e+01
1.885484360575843539e+02 0.000000000000000000e+00 2.157366871533004726e+01
1.883219450936036878e+02 0.000000000000000000e+00 2.144380452591046193e+01
1.883445205878194599e+02 0.000000000000000000e+00 2.149990851706156647e+01
1.884750002079157696e+02 0.000000000000000000e+00 2.168248767059488813e+01
1.887089969311632558e+02 0.000000000000000000e+00 2.178202526592426835e+01
1.890831122495654597e+02 0.000000000000000000e+00 2.192562437105479844e+01
1.890176270989096849e+02 0.000000000000000000e+00 2.189673655408720876e+01
1.886647857220083040e+02 0.000000000000000000e+00 2.177687311316439533e+01
1.884010944686088749e+02 0.000000000000000000e+00 2.166964679269134564e+01
1.881898478888232660e+02 0.000000000000000000e+00 2.157225488809973157e+01
1.884765221513460460e+02 0.000000000000000000e+00 2.170522949742600360e+01
1.888375845177601775e+02 0.000000000000000000e+00 2.188585840104456892e+01
1.888690255403730873e+02 0.000000000000000000e+00 2.186384427940552655e+01
1.885637636080871005e+02 0.000000000000000000e+00 2.163139029116524270e+01
1.885707204697233124e+02 0.000000000000000000e+00 2.154213620977869326e+01
1.886438402874227620e+02 0.000000000000000000e+00 2.154389517718581715e+01
1.885844345938573383e+02 0.000000000000000000e+00 2.146935737394067090e+01
1.884788882327991359e+02 0.000000000000000000e+00 2.143820743340457824e+01
1.880915078883242870e+02 0.000000000000000000e+00 2.133372144276910376e+01
1.879161143037732415e+02 0.000000000000000000e+00 2.125974917041608236e+01
1.879415216107650508e+02 0.000000000000000000e+00 2.123801781422310242e+01
1.879686421436947512e+02 0.000000000000000000e+00 2.117738541761961457e+01
1.876556540614266453e+02 0.000000000000000000e+00 2.104187007759416517e+01
1.875577548423582641e+02 0.000000000000000000e+00 2.100377990868339495e+01
1.874595978077361167e+02 0.000000000000000000e+00 2.100400861602947344e+01
1.874395713608502945e+02 0.000000000000000000e+00 2.102762784740646040e+01
1.873605883184604295e+02 0.000000000000000000e+00 2.101427965502615436e+01
1.873450279022962093e+02 0.000000000000000000e+00 2.108026380352791307e+01
1.873671335068736994e+02 0.000000000000000000e+00 2.109153699653196412e+01
1.874353880955747229e+02 0.000000000000000000e+00 2.113227185402649511e+01
1.874025956204622503e+02 0.000000000000000000e+00 2.104123801365590651e+01
1.871151978110627851e+02 0.000000000000000000e+00 2.097246779384735760e+01
1.871726033549288388e+02 0.000000000000000000e+00 2.096981478863282788e+01
1.874266514749544683e+02 0.000000000000000000e+00 2.113140276611139257e+01
1.875912084896166903e+02 0.000000000000000000e+00 2.117837509668083129e+01
1.877051421728029652e+02 0.000000000000000000e+00 2.111194185011768099e+01
1.876272652423050431e+02 0.000000000000000000e+00 2.102547799835330622e+01
1.873235917864954558e+02 0.000000000000000000e+00 2.101555625784882153e+01
1.872354438170008564e+02 0.000000000000000000e+00 2.095009189876996913e+01
1.875180387721326269e+02 0.000000000000000000e+00 2.114260526775392890e+01
1.879868430901273371e+02 0.000000000000000000e+00 2.132756297768647968e+01
1.882465589940203472e+02 0.000000000000000000e+00 2.156799261483187991e+01
1.883715038963415225e+02 0.000000000000000000e+00 2.156265749619513983e+01
1.885544406649977986e+02 0.000000000000000000e+00 2.155217022479853028e+01
1.885493051454994600e+02 0.000000000000000000e+00 2.153591536996531985e+01
1.880126620703420599e+02 0.000000000000000000e+00 2.134686171938024302e+01
1.875504569988606249e+02 0.000000000000000000e+00 2.108183148842740806e+01
1.879040260809540825e+02 0.000000000000000000e+00 2.120105039046581297e+01
1.882644979665837752e+02 0.000000000000000000e+00 2.132918887900133953e+01
1.885320730865511791e+02 0.000000000000000000e+00 2.142136209778694322e+01
1.891688483961377472e+02 0.000000000000000000e+00 2.166390831746242895e+01
1.894197278798413322e+02 0.000000000000000000e+00 2.182395771824918285e+01
1.894763849269384082e+02 0.000000000000000000e+00 2.200677805407473286e+01
1.894685548190716986e+02 0.000000000000000000e+00 2.202214302941592194e+01
1.895346845086118606e+02 0.000000000000000000e+00 2.214643923453730423e+01
1.897915852329903998e+02 0.000000000000000000e+00 2.224353589873670245e+01
1.898885904142513823e+02 0.000000000000000000e+00 2.232763366904799440e+01
1.900374913714955767e+02 0.000000000000000000e+00 2.242157833018687541e+01
1.902910529686213579e+02 0.000000000000000000e+00 2.256192979100307028e+01
1.905572724777738074e+02 0.000000000000000000e+00 2.269424738649878037e+01
1.907798338337172765e+02 0.000000000000000000e+00 2.284878286108731515e+01
1.905873204647333239e+02 0.000000000000000000e+00 2.275822306867042144e+01
1.904612070757894458e+02 0.000000000000000000e+00 2.279628828768889193e+01
1.906347959514641559e+02 0.000000000000000000e+00 2.286435575219767102e+01
1.908717617118952887e+02 0.000000000000000000e+00 2.307598905531391154e+01
1.911788491446345120e+02 0.000000000000000000e+00 2.332609093404080269e+01
1.913091707487462543e+02 0.000000000000000000e+00 2.334737735048777196e+01
1.913183356758509888e+02 0.000000000000000000e+00 2.328842491329912434e+01
1.912995733568416767e+02 0.000000000000000000e+00 2.315814489234121609e+01
1.912692259711745635e+02 0.000000000000000000e+00 2.304618225064661630e+01
1.913240741510799126e+02 0.000000000000000000e+00 2.305224091616004500e+01
1.913626965843597532e+02 0.000000000000000000e+00 2.310227792516695544e+01
1.914016807910779221e+02 0.000000000000000000e+00 2.310619089994261444e+01
1.918502008466330153e+02 0.000000000000000000e+00 2.326998694288969816e+01
1.926497243036900784e+02 0.000000000000000000e+00 2.370502989828760576e+01
1.930209662261624430e+02 0.000000000000000000e+00 2.389281110436539990e+01
1.932322668640480288e+02 0.000000000000000000e+00 2.397801082825325736e+01
1.932539150539333548e+02 0.000000000000000000e+00 2.399142555367969365e+01
1.932414608993604475e+02 0.000000000000000000e+00 2.390474131120000578e+01
1.933315175356159727e+02 0.000000000000000000e+00 2.397098743357091166e+01
1.933750176728403858e+02 0.000000000000000000e+00 2.406112723613409798e+01
1.934727131344549775e+02 0.000000000000000000e+00 2.408727056494872798e+01
1.937478439134737869e+02 0.000000000000000000e+00 2.421504312173052398e+01
1.940028692376144477e+02 0.000000000000000000e+00 2.441033424539050856e+01
1.942373441671309990e+02 0.000000000000000000e+00 2.457224657146896618e+01
1.941800467394648990e+02 0.000000000000000000e+00 2.455792117497359328e+01
1.940669571943014375e+02 0.000000000000000000e+00 2.440446270406932783e+01
1.938998968737784878e+02 0.000000000000000000e+00 2.430430551974783882e+01
1.937671301802213861e+02 0.000000000000000000e+00 2.421608270057634371e+01
1.937070799477715468e+02 0.000000000000000000e+00 2.419511231609850199e+01
1.937300546402641430e+02 0.000000000000000000e+00 2.425351585565655554e+01
1.938928693207807612e+02 0.000000000000000000e+00 2.436738300579669314e+01
1.939213787310484918e+02 0.000000000000000000e+00 2.431074259196114440e+01
1.938915885596427131e+02 0.000000000000000000e+00 2.423821325504611579e+01
1.937412114004374644e+02 0.000000000000000000e+00 2.411346379354795744e+01
1.937322751806788119e+02 0.000000000000000000e+00 2.406531050140966954e+01
1.938154913881288337e+02 0.000000000000000000e+00 2.410893122978019321e+01
1.941145615888091527e+02 0.000000000000000000e+00 2.427730973627963706e+01
1.939991891285002623e+02 0.000000000000000000e+00 2.431709649786678540e+01
1.939142014786969526e+02 0.000000000000000000e+00 2.428877837010670149e+01
1.938858459260984262e+02 0.000000000000000000e+00 2.421877728894470394e+01
1.937931737094668279e+02 0.000000000000000000e+00 2.417222078991359169e+01
1.937766693557106237e+02 0.000000000000000000e+00 2.412531915070566768e+01
1.937375895077386190e+02 0.000000000000000000e+00 2.409952927869861483e+01
1.937803078816709785e+02 0.000000000000000000e+00 2.410093478929815802e+01
1.936504977503513771e+02 0.000000000000000000e+00 2.409235618466247075e+01
1.935435292454320972e+02 0.000000000000000000e+00 2.401674969436382057e+01
1.934511148443542652e+02 0.000000000000000000e+00 2.401753145765587405e+01
1.935239643715538023e+02 0.000000000000000000e+00 2.416808326610723512e+01
1.934847306659126218e+02 0.000000000000000000e+00 2.425234736903385624e+01
1.933763649670245570e+02 0.000000000000000000e+00 2.424629702015119648e+01
1.933295506524396785e+02 0.000000000000000000e+00 2.417850400445771442e+01
1.932441554877288183e+02 0.000000000000000000e+00 2.401248326278058087e+01
1.929543500137224328e+02 0.000000000000000000e+00 2.375552848030206121e+01
1.929738608295007509e+02 0.000000000000000000e+00 2.378086509593233444e+01
1.930788000765130050e+02 0.000000000000000000e+00 2.375622707728645011e+01
1.931216889413760782e+02 0.000000000000000000e+00 2.374636355319733028e+01
1.928729593067256474e+02 0.000000000000000000e+00 2.373655824552357174e+01
1.924161600452424636e+02 0.000000000000000000e+00 2.349720977037782532e+01
1.923949942199416228e+02 0.000000000000000000e+00 2.357814722099783111e+01
1.926075298774960345e+02 0.000000000000000000e+00 2.370930880481699177e+01
1.927166024899992465e+02 0.000000000000000000e+00 2.383798787435234345e+01
1.927669846391829651e+02 0.000000000000000000e+00 2.385218852138621770e+01
1.928042140368094124e+02 0.000000000000000000e+00 2.394292712136459400e+01
1.927043396179339823e+02 0.000000000000000000e+00 2.385853411066108976e+01
1.926734183847439681e+02 0.000000000000000000e+00 2.384422534742725119e+01
1.926008932061443204e+02 0.000000000000000000e+00 2.383798371603695898e+01
1.925381774935338228e+02 0.000000000000000000e+00 2.370233946823463000e+01
1.925321645694895949e+02 0.000000000000000000e+00 2.358896299930971807e+01
1.923959173659567057e+02 0.000000000000000000e+00 2.348344158814381188e+01
1.923967323957718349e+02 0.000000000000000000e+00 2.351261632887284847e+01
1.924485450054473858e+02 0.000000000000000000e+00 2.353609417752679889e+01
1.924769754077228185e+02 0.000000000000000000e+00 2.351246247120366561e+01
1.928364451393451589e+02 0.000000000000000000e+00 2.365643166640330719e+01
1.931600244508944400e+02 0.000000000000000000e+00 2.379518217579694195e+01
1.932886785705375132e+02 0.000000000000000000e+00 2.382855681506308088e+01
1.934546577290608127e+02 0.000000000000000000e+00 2.389672407914105889e+01
1.938627132176212911e+02 0.000000000000000000e+00 2.411286915444814838e+01
1.942984131868497570e+02 0.000000000000000000e+00 2.431385717018321557e+01
1.945957909531690575e+02 0.000000000000000000e+00 2.443347111218303169e+01
1.948825359070533239e+02 0.000000000000000000e+00 2.458430984439583966e+01
1.949631323758119095e+02 0.000000000000000000e+00 2.460687286366547255e+01
1.950507314476759291e+02 0.000000000000000000e+00 2.465104664798197120e+01
1.951722873229597326e+02 0.000000000000000000e+00 2.470745003784066895e+01
1.951979981869745018e+02 0.000000000000000000e+00 2.471192438519307188e+01
1.952932943006129278e+02 0.000000000000000000e+00 2.474202227193719139e+01
1.954528488618690858e+02 0.000000000000000000e+00 2.483283156327708596e+01
1.954803727513909450e+02 0.000000000000000000e+00 2.479534019178150572e+01
1.953714539965569088e+02 0.000000000000000000e+00 2.469272960138388839e+01
1.952770103375720510e+02 0.000000000000000000e+00 2.461231609850217339e+01
1.952538277293103022e+02 0.000000000000000000e+00 2.465241889205844927e+01
1.952646268743606583e+02 0.000000000000000000e+00 2.463159820693440594e+01
1.954064379038763946e+02 0.000000000000000000e+00 2.469687128350562588e+01
1.955577714756198020e+02 0.000000000000000000e+00 2.474171455659882923e+01
1.956513210967972611e+02 0.000000000000000000e+00 2.483812094044460750e+01
1.957362380552390562e+02 0.000000000000000000e+00 2.491314110827421757e+01
1.956712103192754455e+02 0.000000000000000000e+00 2.487491371495579884e+01
1.956301303216040992e+02 0.000000000000000000e+00 2.486481316688982801e+01
1.957002478355968549e+02 0.000000000000000000e+00 2.494575477582521827e+01
1.956096339850799666e+02 0.000000000000000000e+00 2.487251852529503182e+01
1.954902487504262183e+02 0.000000000000000000e+00 2.476153724603088691e+01
1.956537745028734037e+02 0.000000000000000000e+00 2.489268219658851677e+01
1.960072728936053466e+02 0.000000000000000000e+00 2.512690346886669346e+01
1.960425811495246933e+02 0.000000000000000000e+00 2.514253041807702971e+01
1.957448748762901118e+02 0.000000000000000000e+00 2.503511697341173203e+01
1.954633111833733778e+02 0.000000000000000000e+00 2.494208714165717211e+01
1.950347676749195500e+02 0.000000000000000000e+00 2.466575045117721743e+01
1.946831322094792824e+02 0.000000000000000000e+00 2.448647715837359939e+01
1.945179140226711354e+02 0.000000000000000000e+00 2.441186034713616948e+01
1.944460624911635875e+02 0.000000000000000000e+00 2.440846716178341680e+01
1.944565955040293943e+02 0.000000000000000000e+00 2.446007185568982223e+01
1.944862941924967288e+02 0.000000000000000000e+00 2.447191473790138261e+01
1.943330685872539334e+02 0.000000000000000000e+00 2.445922355935163495e+01
1.943894428689049505e+02 0.000000000000000000e+00 2.449993346695386620e+01
1.944940037092173100e+02 0.000000000000000000e+00 2.447939138896050437e+01
1.946211317271147152e+02 0.000000000000000000e+00 2.456081120416497043e+01
1.941978027461514671e+02 0.000000000000000000e+00 2.435397659700102224e+01
1.935147703362413836e+02 0.000000000000000000e+00 2.418963581473873248e+01
1.934602672965128249e+02 0.000000000000000000e+00 2.414208132001563456e+01
1.935127577115958672e+02 0.000000000000000000e+00 2.411959730873828534e+01
1.933593740903685045e+02 0.000000000000000000e+00 2.408712918222569499e+01
1.928325196896233535e+02 0.000000000000000000e+00 2.385346096589349685e+01
1.925260227376685123e+02 0.000000000000000000e+00 2.366322635373957439e+01
