2.468288400175783863e+02 2.079981657336110179e-01 6.379928157899765040e+01
2.468370751093872286e+02 2.138448898484819616e-01 6.381183483959722480e+01
2.468774098630032370e+02 2.169402143798841998e-01 6.385006782964251215e+01
2.469277375470508389e+02 2.028775053977109888e-01 6.387995108622962448e+01
2.472136920343160682e+02 1.881269465196706014e-01 6.400924775971110137e+01
2.472992720255268750e+02 1.639184515734566361e-01 6.402329136175173119e+01
2.469641553776486944e+02 1.377801555305042391e-01 6.352398876511836789e+01
2.460332651852417882e+02 7.365725968244263289e-02 6.300783384603626303e+01
2.455295679920515113e+02 4.858895236639471094e-02 6.257099184133596026e+01
2.454127481514034059e+02 5.953722987561380769e-02 6.221793377534058322e+01
2.456436937539407950e+02 6.968301583965454127e-02 6.238972428683340610e+01
2.460156485851309753e+02 7.539599136366241516e-02 6.279012935399430262e+01
2.461693639299157326e+02 1.092725987351204631e-01 6.290419779505894837e+01
2.461115845386628962e+02 1.187687486863977654e-01 6.287259491373215781e+01
2.461953302634847205e+02 1.664978886829585059e-01 6.289296291342644452e+01
2.464914687505970790e+02 1.932858207386743687e-01 6.305808510231766917e+01
2.463059212411869225e+02 1.974129201138773715e-01 6.291092343848519874e+01
2.461083172516575246e+02 1.755927928616466405e-01 6.286680551044194232e+01
2.464331352580392434e+02 1.757265414525097103e-01 6.343728146435599768e+01
2.470785104228366151e+02 2.156409423543573511e-01 6.400259854405105386e+01
2.474930737336874529e+02 2.774518982746431717e-01 6.463790435065058659e+01
2.476005311729751384e+02 2.690448439918222134e-01 6.483955901178897818e+01
2.469361637082752168e+02 1.556260389399468924e-01 6.439369853067618976e+01
2.463349446854041958e+02 9.396793855207596913e-02 6.392397347956512732e+01
2.460598238339989052e+02 7.828113953799414881e-02 6.355167472342701984e+01
2.462028201845730564e+02 9.746450885606740278e-02 6.363433135258038931e+01
2.464865200527351590e+02 1.046105049964652089e-01 6.389869499589200785e+01
2.465107476546229179e+02 9.639452012916292778e-02 6.391054129965416308e+01
2.461841335957353181e+02 8.466285801631732999e-02 6.330540535376502476e+01
2.459445898694995947e+02 9.263045264344536844e-02 6.293339320175019935e+01
2.460702944379693236e+02 1.169344822974186515e-01 6.287135296253129013e+01
2.460010126679022449e+02 9.721611861589316006e-02 6.282958518829890693e+01
2.456222557655196113e+02 9.230563463706364935e-02 6.245999961786117183e+01
2.456405602155263068e+02 8.345912069854978521e-02 6.235344020482641270e+01
2.456881556069319856e+02 7.579723713625159676e-02 6.241041710453407632e+01
2.455866404264669427e+02 5.965187152492500838e-02 6.223641018782123524e+01
2.448596977281846421e+02 4.654450962034507172e-02 6.151804650629573956e+01
2.440763131245581405e+02 6.721822037946385830e-02 6.097189368897720385e+01
2.436366241855666033e+02 5.951812293406194554e-02 6.094751323155702494e+01
2.436537631121386482e+02 7.598830655177025994e-02 6.090767525842138497e+01
2.441483654011502438e+02 7.959951850507289428e-02 6.142658157708695654e+01
2.447899000706956940e+02 9.876378088159427915e-02 6.196486233448612069e+01
2.448381642050557048e+02 1.318952175325295573e-01 6.170061333282381355e+01
2.443021571737012039e+02 1.046487188795689471e-01 6.106796339109998684e+01
2.434418480233869104e+02 9.857271146607562984e-02 6.023698339606779228e+01
2.433226016011616935e+02 9.769379215468980415e-02 6.000680207119246745e+01
2.432089152989281047e+02 1.264306322486959400e-01 5.979198272732483588e+01
2.430104514970288676e+02 8.999369470928787751e-02 5.995236639471119844e+01
2.433649043697575394e+02 9.182796109826700526e-02 6.019672507021800811e+01
2.437010145785964141e+02 7.593098572711466654e-02 6.055276381909547467e+01
2.437781110877581909e+02 1.151193228499914067e-01 6.071622370407168745e+01
2.432437854672602668e+02 6.924355618396163536e-02 6.043089974587767443e+01
2.426459483730439217e+02 3.727764296769016383e-02 5.978049945545216559e+01
2.425606549859564041e+02 4.891377037277643003e-02 5.952068326422989486e+01
2.427261784206202151e+02 6.584252058772951943e-02 5.970619255975695694e+01
2.431708542713567738e+02 4.933412308691747378e-02 6.002101763570705373e+01
2.435308481571354946e+02 6.910980759309857946e-02 6.034274031755737155e+01
2.431913178057588425e+02 8.332537210768672931e-02 6.004190152282323822e+01
2.424135888568316943e+02 8.156753348491506406e-02 5.928240059613657564e+01
2.419601238129812657e+02 5.653744005197088029e-02 5.894732216214150355e+01
2.419309475132315583e+02 5.139767277451898209e-02 5.881835030666641018e+01
2.419867015686799050e+02 4.566559030895924604e-02 5.892236849647476760e+01
2.423554464336893659e+02 7.921737967403558178e-02 5.904891377037277778e+01
2.425510633012973472e+02 4.931501614536561162e-02 5.936645203202323273e+01
2.425359306035882696e+02 6.473431797772130625e-02 5.919659132162714599e+01
2.423947685194031010e+02 4.471024323136595785e-02 5.914960735235111144e+01
2.423025202055906959e+02 6.526931234117354375e-02 5.901322200355389214e+01
2.424550700269407741e+02 7.927470049869117519e-02 5.920977511129793669e+01
2.428196495786919513e+02 8.231270420543783384e-02 5.950075472419129596e+01
2.429767468521313845e+02 8.815942832030876364e-02 5.948802950111775800e+01
2.428942621854519643e+02 6.074096719338135247e-02 5.930162217933775537e+01
2.423696619982039522e+02 4.923858837915814912e-02 5.898523033418040740e+01
2.421348950073561639e+02 6.666411907445975171e-02 5.905510441943557964e+01
2.421984638018992371e+02 6.066453942717388997e-02 5.904197795058944820e+01
2.420617727420371921e+02 5.926973269388768895e-02 5.889086114985574483e+01
2.420587156313888784e+02 6.962569501499894786e-02 5.886296501519002078e+01
2.419218526090528769e+02 5.546745132506639836e-02 5.881254179643464397e+01
2.417728566788314311e+02 6.400825419875040556e-02 5.887183063607008648e+01
2.418682576379998750e+02 6.737107591187878330e-02 5.885029711294113497e+01
2.415333511664787807e+02 6.150524485545598441e-02 5.839610600531172935e+01
2.414854500640082620e+02 6.054989777786269622e-02 5.835521715039073598e+01
2.420387679844087359e+02 6.832642298947207149e-02 5.876825190591741688e+01
2.426686474196075380e+02 8.791103808013450704e-02 5.929460993178821582e+01
2.430031526453560673e+02 1.128264898637675040e-01 5.968292030494679068e+01
2.426681888530102924e+02 1.113552553642738474e-01 5.921491487857538516e+01
2.421644916598200155e+02 5.036589793071823140e-02 5.891012094694002599e+01
2.415537955939392702e+02 4.725146645776410331e-02 5.832391998012877821e+01
2.416346943844698671e+02 3.829031086993904542e-02 5.829950130882549786e+01
2.420979039685117584e+02 7.035175879396984855e-02 5.876093394730305874e+01
2.419135601964193540e+02 5.951812293406194554e-02 5.852744712153925377e+01
2.412015973403137252e+02 2.571794332881135667e-02 5.790372012152014491e+01
2.411711217685385122e+02 4.295240460859429954e-02 5.802919540669125098e+01
2.415951239085159727e+02 6.824999522326460899e-02 5.847469285591455446e+01
2.419504748074975566e+02 7.679079809694862313e-02 5.881321053938896171e+01
2.418853201368056887e+02 1.073236906968301624e-01 5.861098267000401307e+01
2.417507117335728140e+02 7.453617899382845857e-02 5.854695530886370847e+01
2.418435714695148704e+02 1.104763360528880078e-01 5.868807917916578987e+01
2.416998490551617351e+02 7.778435905764564950e-02 5.857047595391405537e+01
2.419086114985574341e+02 6.429485832202838647e-02 5.888770850449968464e+01
2.420949041786881253e+02 6.983587137206946627e-02 5.926170777843590542e+01
2.418501633643502657e+02 4.721325257466037206e-02 5.902481991707587383e+01
2.415486940405449161e+02 2.717007088675315804e-02 5.874635535089898042e+01
2.417675067351968892e+02 4.448095993274356341e-02 5.886575462865658892e+01
2.427262166345033165e+02 5.762653572042723132e-02 5.965737432409193985e+01
2.434751323155702494e+02 1.349905420639318232e-01 6.010508817853526153e+01
2.434796606607180252e+02 1.225710300552190629e-01 6.042438427880848906e+01
2.427021227812064126e+02 6.125685461528173475e-02 5.970500792938074142e+01
2.421621988268337873e+02 9.496149951277298856e-03 5.923094560253740326e+01
2.422828209488507127e+02 8.999369470928789139e-03 5.961144123660125871e+01
2.434023921890822919e+02 1.347039379406538354e-02 6.078783652100808155e+01
2.442420849494621393e+02 3.269197699524237222e-02 6.131306723732732422e+01
2.440907006515467117e+02 1.761660011082026231e-02 6.116088044786670963e+01
2.438659456980720961e+02 2.867951926935055629e-02 6.099797466419550318e+01
2.439867971033876586e+02 3.622676118233754405e-02 6.117786651890632044e+01
2.440344307086764672e+02 2.709364312054569554e-02 6.122175516365095405e+01
2.438868104782467583e+02 2.455241989414754314e-02 6.097212297227582667e+01
2.439271261249211875e+02 2.162905783671207824e-02 6.084834820490284102e+01
2.437871677780537709e+02 1.966104285686990152e-02 6.066406175363509590e+01
2.436595716223704073e+02 1.700517798116055537e-02 6.033074115826279638e+01
2.437927661119284721e+02 3.525230716319238677e-02 6.040841087567113021e+01
2.437613543000171887e+02 1.240040506716089987e-02 6.050522574851443380e+01
2.431491296788123009e+02 1.348950073561724916e-02 6.008347822764010004e+01
2.423829413225824965e+02 1.146416493111947557e-02 5.935114737184019162e+01
2.426755450255077733e+02 8.655444522995204421e-03 5.983176337963582370e+01
2.437143894376827120e+02 1.027953455490379642e-02 6.091732426390507982e+01
2.438037908172038897e+02 2.720828476985688929e-02 6.090756061677207356e+01
2.435754055448344388e+02 1.702428492271242100e-02 6.076947475017674094e+01
2.430714217475208727e+02 1.396717427441389499e-02 6.013963352886103308e+01
2.425815961938972407e+02 1.335575214475418979e-02 5.979538376292106960e+01
2.427024667061543539e+02 2.059728299291132408e-02 5.980209029940577636e+01
2.428673405048053837e+02 4.627701243861895297e-02 6.000565565469935336e+01
2.427464508856067482e+02 3.513766551388119302e-02 5.985318226111546380e+01
2.425524581080306348e+02 4.360204062135773773e-02 5.980617918489787144e+01
2.422674016470183744e+02 2.504920037449605286e-02 5.928301201826623412e+01
2.417702008139557108e+02 1.169344822974186481e-02 5.879672124882969797e+01
2.413089019240690050e+02 1.220933565164224188e-02 5.852429447618320069e+01
2.414001757838622666e+02 9.859181840762749199e-03 5.853384794695912774e+01
2.417801173166211299e+02 3.015075376884421982e-02 5.875678774098629731e+01
2.418511951391940613e+02 1.350860767716911479e-02 5.870653648470489117e+01
2.416257905497067213e+02 1.925979708428071993e-02 5.841335957353306441e+01
2.412465559737852629e+02 8.712765347650801295e-03 5.807400118463037586e+01
2.410545503181305662e+02 6.763857309360491073e-03 5.798181019164262295e+01
2.409281196858818817e+02 1.635554196839711719e-02 5.806288094464719052e+01
2.413348873645795436e+02 2.204941055085312546e-02 5.839241836559222065e+01
2.416224277279935677e+02 2.711275006209756117e-02 5.874847622141123793e+01
2.413547967976765847e+02 2.197298278464566296e-02 5.858557043774003148e+01
2.415025507766971771e+02 1.855284024686168487e-02 5.862554215946653358e+01
2.417473489118596888e+02 2.485813095897739661e-02 5.881773888453675170e+01
2.422089535128112061e+02 1.626000726063778906e-02 5.921678735884746914e+01
2.424445612090872544e+02 2.155263007050461574e-02 5.922796491965531374e+01
2.424503506123774628e+02 1.140684410646387870e-02 5.932797065173777895e+01
2.422671532567781867e+02 1.184630376215679154e-02 5.909167510556585512e+01
2.416989701358503453e+02 6.228862945908248371e-03 5.891350287559470189e+01
2.417918298717924301e+02 4.604772913999656374e-03 5.891722872919731913e+01
2.423815656227907596e+02 1.517091159218143977e-02 5.963012782543898282e+01
2.428638630414429542e+02 7.833846036264975610e-03 6.017939507423047019e+01
2.434089649769761365e+02 1.878212354548407584e-02 6.071419836826719063e+01
2.432342128895427606e+02 1.203737317767544952e-02 6.052330091522249944e+01
2.431853946538777507e+02 1.178898293750119466e-02 6.053759290750329569e+01
2.429846571259338646e+02 1.243861895026463112e-02 6.030020826566291703e+01
2.433850048722700876e+02 8.942048646273190529e-03 6.068874792212010760e+01
2.436645585341154572e+02 3.020807459349982016e-02 6.086128360433345108e+01
2.436075816344077793e+02 3.572998070198903087e-03 6.087242295125819425e+01
2.435295106712268591e+02 6.706536484704893331e-03 6.078787473489118298e+01
2.435658520740585118e+02 9.094904178688117263e-03 6.092380151709115665e+01
2.435960601486520147e+02 7.566348854538854259e-03 6.094728394825840212e+01
2.432040812427154890e+02 3.362821713128379478e-03 6.043437720924011813e+01
2.430977511129793527e+02 7.451707205227659642e-03 6.051699562451038616e+01
2.436188738368649354e+02 1.266790224888702035e-02 6.096818694231614444e+01
2.438752316716663131e+02 7.088675315742209299e-03 6.129044461852991077e+01
2.438986567820089135e+02 8.750979230754532545e-03 6.137317767544949021e+01
2.439120507480367621e+02 1.744463763685346822e-02 6.135785390832489128e+01
2.437767736018495555e+02 1.278254389819821583e-02 6.141563329957773476e+01
2.436272426772646611e+02 1.196094541146798702e-02 6.140802873684009455e+01
2.442233219328581981e+02 1.016489290559260093e-02 6.227898045359879120e+01
2.445361407799453559e+02 2.867951926935055629e-02 6.239801669946691476e+01
2.441239658367884999e+02 1.419645757303628422e-02 6.191107629401761869e+01
2.441349332212392653e+02 7.031354491086611556e-03 6.193922081892351628e+01
2.442093356516422489e+02 4.566559030895924257e-03 6.202728471253606557e+01
2.439738234900739542e+02 2.655864875709345284e-03 6.179532644209641035e+01
2.442907885434778450e+02 3.955136901236219055e-03 6.213109272598735089e+01
2.444137608193056508e+02 4.337275732273535023e-03 6.221906108489213949e+01
2.440642566444389274e+02 6.362611536771308612e-03 6.180992414544203939e+01
2.438248848806771605e+02 6.267076829011979620e-03 6.182467470432008128e+01
2.439044652922406726e+02 6.343504595219442987e-03 6.182733056919578729e+01
2.439004719414563169e+02 6.974033666431014682e-03 6.161902669239734820e+01
2.438562202648222126e+02 7.031354491086611556e-03 6.147285858952557192e+01
2.442247549534745872e+02 1.133041634025641446e-02 6.161233926285419216e+01
2.445070409079618514e+02 1.616447255287846094e-02 6.182606951105336890e+01
2.443184171809618306e+02 1.268700919043888597e-02 6.175319563597454930e+01
2.443278560100884533e+02 1.205648011922731515e-02 6.154643942144181068e+01
2.444842272197489308e+02 1.442574087165867346e-02 6.185813095897739800e+01
2.441749431568488831e+02 1.792231117565011231e-02 6.159290750329594744e+01
2.438704358293367989e+02 8.827406996961996780e-03 6.145860481112788420e+01
2.440501366146320947e+02 8.521695932132143311e-03 6.158148155224792930e+01
2.444093089019240779e+02 1.026042761335193079e-02 6.207008426161224435e+01
2.442981065020921960e+02 8.483482049028412061e-03 6.207805185623936950e+01
2.441021266025947227e+02 5.292622809866824943e-03 6.202673061123105924e+01
2.441446586544891773e+02 4.566559030895924257e-03 6.215417391138200287e+01
2.438909757915050420e+02 3.783174427269427129e-03 6.178596404073599757e+01
2.435519422206087370e+02 1.929801096738445031e-03 6.153474597321206829e+01
2.438870206546038162e+02 3.725853602613829821e-03 6.172944570762557959e+01
2.442929858417563196e+02 8.273305691957888452e-03 6.215193839922043395e+01
2.445735139576208041e+02 1.461681028717733144e-02 6.238689645948372942e+01
2.444937806905248578e+02 1.253415365802395924e-02 6.218583411353344559e+01
2.446187974090987325e+02 1.169344822974186481e-02 6.216911553967556614e+01
2.444717312799740228e+02 1.914515543496952271e-02 6.208580927450942966e+01
2.441696505340390217e+02 8.177770984198558593e-03 6.174454019145155570e+01
2.442510078911668643e+02 1.282075778130194708e-02 6.186569730783193677e+01
2.444022011196667847e+02 1.220933565164224188e-02 6.193885778703403133e+01
2.442675162886676787e+02 1.133041634025641446e-02 6.189537038806198410e+01
2.436385348797218171e+02 6.419932361426906355e-03 6.126753539560922235e+01
2.433228308844603305e+02 9.897395723866480449e-03 6.092580774595410276e+01
2.434863863041443039e+02 7.432600263675793149e-03 6.122934061944704354e+01
2.435705523816802724e+02 1.874390966238034112e-02 6.138523415556871754e+01
2.440453789861856819e+02 2.279458127137589177e-02 6.171742744138945369e+01
2.442819993503639751e+02 1.499894911821464741e-02 6.178114909146493261e+01
2.439546019068727674e+02 1.293539943061314257e-02 6.155450255077669652e+01
2.436241473527332460e+02 7.107782257294074924e-03 6.133941570972734070e+01
2.436486997726273955e+02 5.884937997974664520e-03 6.127296176700995289e+01
2.435200336282171349e+02 3.802281368821292754e-03 6.128220952672105426e+01
2.435710300552190688e+02 8.292412633509754077e-03 6.145562412824579468e+01
2.438446223513002167e+02 5.999579647285859137e-03 6.157989567609912740e+01
2.437757227200642092e+02 5.158874219003763834e-03 6.161933240346218099e+01
2.434976593996599092e+02 4.547452089344058632e-03 6.123910426658004980e+01
2.435667309933699016e+02 4.891377037277643350e-03 6.122032214303456499e+01
2.437259300303800273e+02 5.254408926763092826e-03 6.142413588856831552e+01
2.436725070218010103e+02 4.375489615377266273e-03 6.133217417887918543e+01
2.433801517091159212e+02 9.782754074555286700e-03 6.103036093012591579e+01
2.433171179089363250e+02 3.802281368821292754e-03 6.085956397959378705e+01
2.429306226952251677e+02 4.088885492099279297e-03 6.062678411066740836e+01
2.429825171484800421e+02 3.859602193476890063e-03 6.068492653380972968e+01
2.433185127156696126e+02 4.814949271070179983e-03 6.109396793855207619e+01
2.435696161415442305e+02 8.693658406098935670e-03 6.114016852322448869e+01
2.433464470642184381e+02 1.350860767716911479e-02 6.089936373884632559e+01
2.432084949462139605e+02 3.381928654680245536e-03 6.078936507633223130e+01
2.432808529338708752e+02 1.358503544337657902e-02 6.080111584538662584e+01
2.433423963926094302e+02 4.757628446414582241e-03 6.086804746164281710e+01
2.431623707893077437e+02 2.808720408124271584e-03 6.074792212010623160e+01
2.430784722089535137e+02 1.232397730095343563e-02 6.085058371706440994e+01
2.432515810994134142e+02 4.069778550547413672e-03 6.080212851328887780e+01
2.433038767984408821e+02 9.496149951277298856e-03 6.091667462789231280e+01
2.434247282037564162e+02 5.349943634522421818e-03 6.103678086248734047e+01
2.435976842386839110e+02 5.617440816248543169e-03 6.126396239753902506e+01
2.433089019240690050e+02 2.483902401742552925e-03 6.122112463457974485e+01
2.431762806427575185e+02 2.866041232779868893e-03 6.115247339358388956e+01
2.433869346733668237e+02 3.706746661061963762e-03 6.129332976670424671e+01
2.438405907866327880e+02 5.636547757800408794e-03 6.163750310487800022e+01
2.438007145996140537e+02 2.732292641916808217e-03 6.172575806790607089e+01
2.433978447369929370e+02 2.560330167950016292e-03 6.131295259567801281e+01
2.434770812236085362e+02 3.286393946920916544e-03 6.141414295813669355e+01
2.436668704740432077e+02 7.891166860920572484e-03 6.165154670691862293e+01
2.438511187114278584e+02 1.155969963887880543e-02 6.163826738254007864e+01
2.440469457553929260e+02 8.655444522995204421e-03 6.180398188661941106e+01
2.438494181936297593e+02 9.419722185069836357e-03 6.184368611116418890e+01
2.436948430364751630e+02 7.145996140397806173e-03 6.162370789307755814e+01
2.434909146492920797e+02 5.579226933144811919e-03 6.147324072835661468e+01
2.437192617077784291e+02 6.916712841775416939e-03 6.190182853430651022e+01
2.439562259969046636e+02 7.165103081949672666e-03 6.180144066339300934e+01
2.442524982326079055e+02 1.029864149645566204e-02 6.181945850927642283e+01
2.443752603320786534e+02 8.655444522995204421e-03 6.208391768729579496e+01
2.440050060186866006e+02 9.209545827999312748e-03 6.173907560616772372e+01
2.437125933851768309e+02 5.579226933144811919e-03 6.129088407818560569e+01
2.434708714676041836e+02 6.381718478323175105e-03 6.096627624816095903e+01
2.435514454401283899e+02 5.655654699352274419e-03 6.102510652119914880e+01
2.436312742419320898e+02 6.496360127634369722e-03 6.107566348854538774e+01
2.435115692531096556e+02 7.604562737642585508e-03 6.109891663641401038e+01
2.433009152225003220e+02 9.706326308347822465e-03 6.082702485813096160e+01
2.433679614804058247e+02 4.413703498480998390e-03 6.103483195444905363e+01
2.431632879225022350e+02 4.872270095725776858e-03 6.062554215946653358e+01
2.430427040143684110e+02 4.509238206240327382e-03 6.076246250262720139e+01
2.431693257160326311e+02 6.993140607982880307e-03 6.102340600340103549e+01
2.433094942392571340e+02 1.545751571545942588e-02 6.089619198654871468e+01
2.432943424346065058e+02 1.119666774939335509e-02 6.069062040239219158e+01
2.429721420792173774e+02 1.454038252096986894e-02 6.023186273573189453e+01
2.426451076676156333e+02 5.712975524007872161e-03 6.000968721936679628e+01
2.424519555954678367e+02 8.005808510231767969e-03 5.976945564323519022e+01
2.424558151976613090e+02 4.146206316754877039e-03 5.971530657087719618e+01
2.425554578978542963e+02 7.107782257294074924e-03 5.987700861723063639e+01
2.424546496742266584e+02 5.541013050041079802e-03 5.987163956665456510e+01
2.422306972122972297e+02 8.044022393335499219e-03 5.969843514148690389e+01
2.421005789403290294e+02 7.203316965053403916e-03 5.970418633089401084e+01
2.421322582494220228e+02 3.706746661061963762e-03 5.976401016489290896e+01
2.421221697842826188e+02 9.840074899210883574e-03 5.964887173510135909e+01
2.422793625924298340e+02 2.720828476985688929e-02 5.973798651049926178e+01
2.420919426027475652e+02 1.419645757303628422e-02 5.958583793492175573e+01
2.421995528975676848e+02 2.510652119915165320e-02 5.974316449165981879e+01
2.427080077192043746e+02 2.396010470603970530e-02 6.016233257542464941e+01
2.427762386074861070e+02 3.630318894854500655e-02 6.017515333320595516e+01
2.426493685155816991e+02 3.123984943730057084e-02 5.999405774117737167e+01
2.424988058161530091e+02 2.298565068689454802e-02 5.980037067466610523e+01
2.419863003229073115e+02 1.872480272082847549e-02 5.938966696600875395e+01
2.420869365840609930e+02 1.792231117565011231e-02 5.957766016393755848e+01
2.418814223207291150e+02 7.050461432638477181e-03 5.925123717446548000e+01
2.401827578959436096e+02 1.165523434663813312e-03 5.806689340237308272e+01
2.409537994153275804e+02 2.674971817261210909e-03 5.855566807421136133e+01
2.419616714752469591e+02 7.203316965053403916e-03 5.938217704492041804e+01
2.394236200011464177e+02 8.598123698339607112e-04 5.704572291113361615e+01
2.389742056289049685e+02 5.541013050041080018e-04 5.672892982020368180e+01
2.418795498404570310e+02 1.834266388979116039e-03 5.917769455643234977e+01
2.439941532758851395e+02 3.651336530561553190e-02 6.078095802204941123e+01
2.424721898465712684e+02 3.267287005369050486e-03 5.948109368133442842e+01
2.420975791505053678e+02 6.974033666431014682e-03 5.962212201692874913e+01
2.401315703995261401e+02 3.038003706746661252e-03 5.817960525058753518e+01
2.380324435867550790e+02 9.744540191451554366e-04 5.644519173815847068e+01
2.391299463094942439e+02 1.261058142423142304e-03 5.716594378737795523e+01
2.420596327645833696e+02 1.813248753272063765e-02 5.977362095649349527e+01
2.435947990905095821e+02 2.753310277623860838e-02 6.047622141123870421e+01
2.423822152588035124e+02 1.110113304163402523e-02 5.904910483978829205e+01
2.420640464680818411e+02 1.333664520320232416e-02 5.870699505130213680e+01
2.411386399679003318e+02 1.834266388979116039e-03 5.759088216749145062e+01
2.407915432676691410e+02 3.993350784339950305e-03 5.726552916674627625e+01
2.393389762500716529e+02 3.993350784339950305e-03 5.629283298622389253e+01
2.396582532434033226e+02 5.521906108489214177e-03 5.708057397252422049e+01
2.404161109731165311e+02 7.680990503850048876e-03 5.778145480252975830e+01
2.414332307927469969e+02 2.210673137550872233e-02 5.869176681888529856e+01
2.418636146512027949e+02 2.919540669125093163e-02 5.900491048397883276e+01
2.414614517454191116e+02 4.576112501671857069e-02 5.862844641458242023e+01
2.403551407226245260e+02 2.822095267210577435e-02 5.786260198330053584e+01
2.395969963887880567e+02 2.394099776448783967e-02 5.716009706326308049e+01
2.400514167797160781e+02 3.668532777958231905e-02 5.770806504002904092e+01
2.407539216997535334e+02 3.731585685079389508e-02 5.817761812866614690e+01
2.417198349160249791e+02 2.787702772417219310e-02 5.884905516174026019e+01
2.421994764698014819e+02 1.112023998318589085e-02 5.886707300762366657e+01
2.424944303265376391e+02 1.303093413837247069e-02 5.907690543974626252e+01
2.412066224659418765e+02 2.522116284846284608e-03 5.801966104285686754e+01
2.395853029405583072e+02 1.738731681219787047e-03 5.665769914209832336e+01
2.391734146015247404e+02 2.961575940539197885e-03 5.658167262166345068e+01
2.399057645642662067e+02 7.279744731260867283e-03 5.724368993255249904e+01
2.405395800294246840e+02 1.889676519479526959e-02 5.778584939908668616e+01
2.405753482240097867e+02 1.501805605976651303e-02 5.790931845539484613e+01
2.411508110896688777e+02 2.923362057435466288e-02 5.835298163822916706e+01
2.415665781378374675e+02 3.825209698683531417e-02 5.883495423887498532e+01
2.414544394978695721e+02 3.418231843628790484e-02 5.879538376292106960e+01
2.402411104954429959e+02 1.862926801306914737e-02 5.764176395284406595e+01
2.395872136347134926e+02 1.238129812560903424e-02 5.706991229913827368e+01
2.402560330167950156e+02 2.741846112692741116e-02 5.759542961958079133e+01
2.413369891281502646e+02 1.885855131169153834e-02 5.855377648699772664e+01
2.411907254905707134e+02 1.043239008731872315e-02 5.830508053575864125e+01
2.410215526300705164e+02 1.138773716491201307e-02 5.835349752565107195e+01
2.409677856965435581e+02 1.110113304163402523e-02 5.814995127729904567e+01
2.404221296597053765e+02 3.592105011750769145e-03 5.771205839081338240e+01
2.386716472094311996e+02 3.572998070198903087e-03 5.632455050919999451e+01
2.384538853965645728e+02 3.171752297609721494e-03 5.593857118291074926e+01
2.394339377495844303e+02 9.343294418862372122e-03 5.687479221201062529e+01
2.396350192024762578e+02 1.075720809370044051e-02 5.704125188681047831e+01
2.390017960525058811e+02 9.171331944895579763e-03 5.668041729560349040e+01
2.387256243193152159e+02 3.381928654680245536e-03 5.623060167758946903e+01
2.390975982574469185e+02 6.782964250912356698e-03 5.648694040544930317e+01
2.389510289088025559e+02 8.483482049028412061e-03 5.623971568870970827e+01
2.385846533045455544e+02 4.623879855551521999e-03 5.605027036322295686e+01
2.390069549267248874e+02 1.524733935838890227e-02 5.640653839539904624e+01
2.397817222997114754e+02 1.394806733286202936e-02 5.672132525746603449e+01
2.396883084624644198e+02 1.293539943061314257e-02 5.659810459139805516e+01
2.395341345510824169e+02 1.052792479507805128e-02 5.631304813038576640e+01
2.394552228824732083e+02 1.549572959856315886e-02 5.615216768251905677e+01
2.393298240250683193e+02 1.182719682060492591e-02 5.609081529319601600e+01
2.389069491946424080e+02 1.129220245715268321e-02 5.588300819687792398e+01
2.392816363184745114e+02 9.687219366795956840e-03 5.627374515161358204e+01
2.396506677876072331e+02 2.613829604295240389e-02 5.690771347230448640e+01
2.393940424556241169e+02 1.704339186426428662e-02 5.647085236066262581e+01
2.387494888893134828e+02 1.356592850182471340e-02 5.610023501538108803e+01
2.389296673481475750e+02 8.980262529376921779e-03 5.623597072816554032e+01
2.391505053786040378e+02 1.782677646789078418e-02 5.639578118730534584e+01
2.398871544031946712e+02 1.144505798956760995e-02 5.694682538166115648e+01
2.407904350650591425e+02 3.825209698683531417e-02 5.783164873798651229e+01
2.406767105489424239e+02 3.605479870837074996e-02 5.776294017616599774e+01
2.403540325200145276e+02 1.948908038290310743e-02 5.763607008426161116e+01
2.403078128284005572e+02 1.071899421059670926e-02 5.773036284082007086e+01
2.410067638573093518e+02 1.681410856564189912e-02 5.848122742992529055e+01
2.410834400137569844e+02 1.696696409805682412e-02 5.853088637101858893e+01
2.405323576055180865e+02 8.158664042646692968e-03 5.809062422378050172e+01
2.403257160326346593e+02 7.489921088331390892e-03 5.792305634637063605e+01
2.392161186158931514e+02 4.069778550547413672e-03 5.673798651049926178e+01
2.383722032214303397e+02 1.700517798116055581e-03 5.597374706230773711e+01
2.372468425779085521e+02 1.108202610008216004e-03 5.491036933718019952e+01
2.358635955442612442e+02 2.483902401742552925e-04 5.394418862372700119e+01
2.380670844717886041e+02 4.394596556929132223e-04 5.512656438083956090e+01
2.401394806733286202e+02 2.388367693983223933e-03 5.687563291743890659e+01
2.413290024265815816e+02 2.216405220016432007e-03 5.757960907197584532e+01
2.398061409710147700e+02 0.000000000000000000e+00 5.640273611403022613e+01
2.402567590805739712e+02 2.197298278464566382e-03 5.682660450541681740e+01
2.414505798956760998e+02 4.858895236639471094e-02 5.788644744635725914e+01
2.386818503162198795e+02 3.303590194317595347e-02 5.573485297208475941e+01
2.349486596480501248e+02 2.235512161568297632e-03 5.246110782047117738e+01
2.364344154231232267e+02 7.833846036264975610e-03 5.377327703154556104e+01
2.400703899726770771e+02 8.322983739992739771e-02 5.706784874945067543e+01
2.417666851367101799e+02 3.490838221525880553e-02 5.829084586430250425e+01
2.409532835279056826e+02 9.744540191451553715e-03 5.737415212946863363e+01
2.385520759691996204e+02 1.471234499493666130e-03 5.522639815044805545e+01
2.385480635114737140e+02 5.101553394348166959e-03 5.511401112023998650e+01
2.384341479259414882e+02 7.623669679194451133e-03 5.496690677723216822e+01
2.366064734317977809e+02 1.165523434663813312e-03 5.363115960028278550e+01
2.353903930297877309e+02 1.337485908630605400e-04 5.287758182547719343e+01
2.363056155301220826e+02 5.732082465559737352e-04 5.356273764258555303e+01
2.398757475590882109e+02 3.095324531402258560e-03 5.670487418078987929e+01
2.402237613925138930e+02 4.413703498480998390e-03 5.715832011769875720e+01
2.377911229149549968e+02 4.471024323136595265e-03 5.488518638821484075e+01
2.357945812713759040e+02 1.356592850182471296e-03 5.319538758430937975e+01
2.366493876225232498e+02 3.081949672315952363e-02 5.386747425339626005e+01
2.369039685117603256e+02 2.906165810038787226e-02 5.382685289565699094e+01
2.362800695492672389e+02 1.352771461872098215e-02 5.334098247893459899e+01
2.372506066453942708e+02 7.910273802472438109e-03 5.401278254389819722e+01
2.403553317920400616e+02 3.630318894854500829e-03 5.664915833922464117e+01
2.422940367235416659e+02 9.133118061791848513e-03 5.806001490341441240e+01
2.406513174236200143e+02 5.063339511244434842e-03 5.672614020673710655e+01
2.384152129468635906e+02 5.541013050041080018e-04 5.478072873875078841e+01
2.376739209354758486e+02 1.108202610008216004e-03 5.440716892447026254e+01
2.390848348204902720e+02 6.152435179700785003e-03 5.620744406442860708e+01
2.397368974148308212e+02 1.421556451458814985e-02 5.675690238263560872e+01
2.395028564877620170e+02 4.795842329518314358e-03 5.661235836979574998e+01
2.403873359191394172e+02 1.079542197680417349e-02 5.749003572998070410e+01
2.422252899478380357e+02 4.052582303150734783e-02 5.934531975466686760e+01
2.416968683722796527e+02 1.669946691633070190e-02 5.919674417715955883e+01
2.389388960009171399e+02 1.165523434663813312e-03 5.686271662494984724e+01
2.384246135621071119e+02 6.286183770563846113e-03 5.636180904522613133e+01
2.407529854596174914e+02 2.220226608326805046e-02 5.849028412022087764e+01
2.417756271853564272e+02 1.968014979842176715e-02 5.890629955862964806e+01
2.409086879263236369e+02 2.674971817261210909e-03 5.778774098630032086e+01
2.417443300150944765e+02 6.821178134016087947e-03 5.818063702543133786e+01
2.439183369318073176e+02 1.503716300131837866e-02 6.002122781206412583e+01
2.439334505225748444e+02 1.920247625962512306e-02 5.993075644381603695e+01
2.410793129143818021e+02 1.834266388979116039e-03 5.836375795326441818e+01
2.400626898752316833e+02 1.433020616389934446e-03 5.794046277012438395e+01
2.419382845787874601e+02 4.088885492099279297e-03 5.939734795651260413e+01
2.430351758793969736e+02 7.088675315742209299e-03 6.044715975313831535e+01
2.421558171083554782e+02 6.611001776945564339e-03 5.981934386762711142e+01
2.418346294208685947e+02 4.490131264688460890e-03 5.963501920247625776e+01
2.434148881288571999e+02 5.216195043659361576e-03 6.101530466018304111e+01
2.434194355809465549e+02 4.127099375203011414e-03 6.098484819534937174e+01
2.414592162332575356e+02 4.012457725891816472e-04 5.918346485278101454e+01
2.412558610543210307e+02 6.496360127634369938e-04 5.886141735292432031e+01
2.428784416378470326e+02 4.107992433651145789e-03 6.014912967881231509e+01
2.433016030723962047e+02 1.026042761335193079e-02 6.039786384393450192e+01
2.419333358809255401e+02 1.853373330530981881e-03 5.916305863920361929e+01
2.418447943137742016e+02 5.923151881078395770e-03 5.906100846437510654e+01
2.436007986701568768e+02 8.559909815235874561e-03 6.056153390526778679e+01
2.437531956359745493e+02 1.341307296940978666e-02 6.083298622389514065e+01
2.417319869308519742e+02 1.073810115214857488e-02 5.920131073619045736e+01
2.411095209889753050e+02 4.814949271070179983e-03 5.848785753864378734e+01
2.421267936641381766e+02 1.287807860595754396e-02 5.962965015190018647e+01
2.427755316506486736e+02 6.744750367808624580e-03 6.004161491869996325e+01
2.421362898140894515e+02 1.585876148804860747e-03 5.954221678735884637e+01
2.421501996675392263e+02 1.241951200871276462e-03 5.966394711198578449e+01
2.429435963085389005e+02 1.604983090356726589e-03 6.040550662055525066e+01
2.423798842119341828e+02 1.108202610008216004e-03 5.976760226990465696e+01
2.409470928788428807e+02 1.146416493111947525e-04 5.863282190419779738e+01
2.408578634617956595e+02 8.215984867302291361e-04 5.867768500296157441e+01
2.419649578691938814e+02 1.853373330530981881e-03 5.952020559069109851e+01
2.420932609817146499e+02 4.050671608995548047e-03 5.960139098534497748e+01
2.411666316372738095e+02 3.038003706746661252e-03 5.892045780231958219e+01
2.409578883008196897e+02 2.044442746049639648e-03 5.873773812025908825e+01
2.413467909891663510e+02 6.802071192464222323e-03 5.903718210825993395e+01
2.411874582035653418e+02 3.744960544165695446e-03 5.894008063129334829e+01
2.403724133977874260e+02 2.120870512257103015e-03 5.829170567667233627e+01
2.401568488831992738e+02 1.757838622771652889e-03 5.805619351510403447e+01
2.404509429275655918e+02 2.292832986223894941e-03 5.839589582895465725e+01
2.399887842253090469e+02 2.178191336912700324e-03 5.765976269178592872e+01
2.388826642719299969e+02 1.299272025526873988e-03 5.653797504633433135e+01
2.388288591245199370e+02 7.260637789709001441e-04 5.623390717847794207e+01
2.393410015858761426e+02 7.642776620746317192e-04 5.650652502053996074e+01
2.389914400901847671e+02 8.215984867302291361e-04 5.623041060817394765e+01
2.381340734088694546e+02 9.553470775932895948e-04 5.564459178019374264e+01
2.381574411983873745e+02 1.509448382597397597e-03 5.564120985153906673e+01
2.383800370674666169e+02 1.318378967078739613e-03 5.596698320499837820e+01
2.381993618281521776e+02 1.318378967078739613e-03 5.599235722337925125e+01
2.379664482106349226e+02 1.261058142423142304e-03 5.571935724248619692e+01
2.381377992624720434e+02 6.878498958671685690e-04 5.577560807841489066e+01
2.381566960276668397e+02 1.089095668456350162e-03 5.568005426371400546e+01
2.376018113380591217e+02 5.732082465559737352e-04 5.522284425931940888e+01
2.374721898465712684e+02 4.776735387966447974e-04 5.501243861895026299e+01
2.375864111431683057e+02 7.069568374190343023e-04 5.516915375355866757e+01
2.374016852322448869e+02 8.789193113858264446e-04 5.483581405124481734e+01
2.370930699122991427e+02 5.158874219003764267e-04 5.444469495767812361e+01
2.369614421919483220e+02 9.362401360414238614e-04 5.429396029577545590e+01
2.369752565106903432e+02 1.719624739667921422e-04 5.421850698358714027e+01
2.366751246727936291e+02 2.292832986223895049e-04 5.408533160097063330e+01
2.363442306589984128e+02 1.719624739667921422e-04 5.381550337237518278e+01
2.363772283470584910e+02 4.394596556929132223e-04 5.382198062556126672e+01
2.365657183254676283e+02 1.280165083975008146e-03 5.408231270420543524e+01
2.367584309379597585e+02 1.433020616389934446e-03 5.417314710434300906e+01
2.367391520339339195e+02 9.362401360414238614e-04 5.405103464088503529e+01
2.369905611708733773e+02 1.337485908630605454e-03 5.439778741616829194e+01
2.368970517989185396e+02 5.158874219003764267e-04 5.445522288247320120e+01
2.365648202992147162e+02 8.215984867302291361e-04 5.425513499054206079e+01
2.368344574583946383e+02 7.833846036264974525e-04 5.440607982880180060e+01
2.373659361446013349e+02 8.215984867302291361e-04 5.482291686569730871e+01
2.378693467336683511e+02 1.834266388979116039e-03 5.511626573934310613e+01
2.375656801115845269e+02 4.776735387966447974e-04 5.481989796893211064e+01
2.374142384928444471e+02 4.012457725891816472e-04 5.453226207081032584e+01
2.376099891090433118e+02 2.101763570705237174e-04 5.476328410111393197e+01
2.376236314653113482e+02 2.866041232779868676e-04 5.479389342148002129e+01
2.372509505703422121e+02 7.833846036264974525e-04 5.464900548369222832e+01
2.372336396812962107e+02 2.407474635535089991e-03 5.464713300342014435e+01
2.373959149358962009e+02 1.012667902248887012e-03 5.495446815828190523e+01
2.374613753176529087e+02 2.120870512257103015e-03 5.499623593251428133e+01
2.375002388367693982e+02 2.197298278464566382e-03 5.519953379062613408e+01
2.379581366910598490e+02 4.967804803485105850e-04 5.548042493838011069e+01
2.378926189884785174e+02 1.719624739667921422e-04 5.546974415805262026e+01
2.379246804364025536e+02 4.012457725891816472e-04 5.535086076771690955e+01
2.379816764430517537e+02 9.744540191451554366e-04 5.544878384317022579e+01
2.382559183751456828e+02 1.987121921394042340e-03 5.578619332403462039e+01
2.385440128398647346e+02 1.012667902248887012e-03 5.580063817184782948e+01
2.384720369910388342e+02 1.815159447427250414e-03 5.579733267095935645e+01
2.384169134646617181e+02 1.394806733286202980e-03 5.575692148957716654e+01
2.384343581022985745e+02 6.305290712115711521e-04 5.567439860901465210e+01
2.382232072912088938e+02 4.012457725891816472e-04 5.567877409863002924e+01
2.381466075625274641e+02 4.585665972447790098e-04 5.574463572615931639e+01
2.379349790778989870e+02 1.069988726904484320e-03 5.553610256606224738e+01
2.378040009935609476e+02 9.935609606970211699e-04 5.555912643063224721e+01
2.382918776391462927e+02 1.069988726904484320e-03 5.592479507805185790e+01
2.385001050881785432e+02 1.261058142423142304e-03 5.612515046716472256e+01
2.390920190305137965e+02 1.452127557941800288e-03 5.677002885148174016e+01
2.395711446968683731e+02 7.031354491086611556e-03 5.716038366738636256e+01
2.396351147371840113e+02 8.177770984198558593e-03 5.728473164300590525e+01
2.392798211590270796e+02 3.038003706746661252e-03 5.690261191891013937e+01
2.391963620383285161e+02 5.923151881078395770e-03 5.693543764449624689e+01
2.389366604887555638e+02 1.681410856564189739e-03 5.660290043372757651e+01
2.391366910598620450e+02 2.770506525020539901e-03 5.666505531459579004e+01
2.391155969963887742e+02 2.999789823642929568e-03 5.669738425970155049e+01
2.391526071421747588e+02 2.407474635535089991e-03 5.672312130997191559e+01
2.389626459292661025e+02 2.541223226398150233e-03 5.648241206030150607e+01
2.384985956397959512e+02 2.139977453808968640e-03 5.615000859812369782e+01
2.382314232760761854e+02 1.089095668456350162e-03 5.587546095496493592e+01
2.381876301660393267e+02 1.280165083975008146e-03 5.578848615702084857e+01
2.379524046085942928e+02 8.215984867302291361e-04 5.548650094579360825e+01
2.378430746890345233e+02 6.687429543153027272e-04 5.538038099241454404e+01
2.380732751208514060e+02 3.114431472954124185e-03 5.557393431033494124e+01
2.381105145499359992e+02 1.757838622771652889e-03 5.561831973555992903e+01
2.378892179528822908e+02 1.662303915012323897e-03 5.546519670596327956e+01
2.376341593901064186e+02 8.980262529376922863e-04 5.516905821885090688e+01
2.375010795421976866e+02 2.636757934157479225e-03 5.499833769608498812e+01
2.375559355713930927e+02 2.025335804497774023e-03 5.505445478342281973e+01
2.378034659991974991e+02 2.311939927775760999e-03 5.512046926648451262e+01
2.380358255154097549e+02 1.796052505875384573e-03 5.509511435504519028e+01
2.382139977453809081e+02 8.215984867302291361e-04 5.536606989319219707e+01
2.380666832260160106e+02 4.585665972447790098e-04 5.527126124921183958e+01
2.377025240269790061e+02 1.108202610008216004e-03 5.490736954735655218e+01
2.372551923113667272e+02 1.069988726904484320e-03 5.456604314347402607e+01
2.368978925043468280e+02 2.292832986223894941e-03 5.431362133863232344e+01
2.366718191719051561e+02 2.120870512257103015e-03 5.422464031182528288e+01
2.367406614823165114e+02 3.878709135028756121e-03 5.431931520721477824e+01
2.367993006859392153e+02 2.560330167950016292e-03 5.420874333645413401e+01
2.367621185776792743e+02 7.069568374190343023e-04 5.435733802090299349e+01
2.367721879358770991e+02 8.407054282820948694e-04 5.431255134990541933e+01
2.365746412671723533e+02 2.674971817261210800e-04 5.416926839520797898e+01
2.365360834591207038e+02 6.114221296597054187e-04 5.419017138926572130e+01
2.365936335670749315e+02 1.490341441045531755e-03 5.413659552515429141e+01
2.365689665055314492e+02 8.215984867302291361e-04 5.401471234499493335e+01
2.362527084089649634e+02 4.967804803485105850e-04 5.375524007872059684e+01
2.362563196209182763e+02 1.337485908630605454e-03 5.375139958346867530e+01
2.364931883753367572e+02 1.318378967078739613e-03 5.395551904006725863e+01
2.368239295335995678e+02 1.394806733286202980e-03 5.419664864245180524e+01
2.371926361847258988e+02 3.038003706746661252e-03 5.444180980950379478e+01
2.370985918184076411e+02 1.834266388979116039e-03 5.413418805051875182e+01
2.364528345147792265e+02 8.980262529376922863e-04 5.369898924279190311e+01
2.359555190400672586e+02 6.114221296597054187e-04 5.329583277604753988e+01
2.357800408888549271e+02 1.165523434663813312e-03 5.302822095267210756e+01
2.356782773181496964e+02 4.967804803485105850e-04 5.295595849972294644e+01
2.355442994439879953e+02 3.248180063817184969e-04 5.304488220570533485e+01
2.355016336435026858e+02 1.834266388979116039e-03 5.292991573838775565e+01
2.358536217207711445e+02 9.171331944895580197e-04 5.324472170739629462e+01
2.361971263159906016e+02 1.528555324149263438e-03 5.338886447446357408e+01
2.361770258134780249e+02 2.331046869327626624e-03 5.325435160593843875e+01
2.360745934998184907e+02 1.929801096738445031e-03 5.309077707931291457e+01
2.360498882243919354e+02 2.025335804497774023e-03 5.295181229340619211e+01
2.362543898198215402e+02 2.541223226398150233e-03 5.326033207864416852e+01
2.365278101534287316e+02 1.738731681219787047e-03 5.370449204195884363e+01
2.368708179681678416e+02 1.261058142423142304e-03 5.396725070218010245e+01
2.370155912643063232e+02 4.853163154173911233e-03 5.417935686034736165e+01
2.372923935265681905e+02 2.044442746049639648e-03 5.465254026787931707e+01
2.373883676939832128e+02 6.706536484704893331e-03 5.477637235607696198e+01
2.374256644438924582e+02 1.222844259319410837e-03 5.476586353822343511e+01
2.376371782868716309e+02 5.732082465559737623e-05 5.497244779028221018e+01
2.377781684085828431e+02 4.681200680207118874e-03 5.506589984141238858e+01
2.381341307296941068e+02 2.216405220016432007e-03 5.521191508875174492e+01
2.382420467355790379e+02 2.254619103120163691e-03 5.539129105604065728e+01
2.380793702352064543e+02 3.496570303991440153e-03 5.542705925062575290e+01
2.379851539064142116e+02 2.885148174331734518e-03 5.541462063167548990e+01
2.379965034296960198e+02 1.910694155186579190e-03 5.540032863939469365e+01
2.384266388979116016e+02 3.038003706746661252e-03 5.584261612243728479e+01
2.387776525211609453e+02 3.267287005369050486e-03 5.604673557903586101e+01
2.388046697365152795e+02 2.235512161568297632e-03 5.608968798364445973e+01
2.386798823012400419e+02 3.343714771576513853e-03 5.589057454573246275e+01
2.387333244167606097e+02 3.725853602613829821e-03 5.604681200680207098e+01
2.389184324665150712e+02 5.770296348663469035e-03 5.622274872461164819e+01
2.391699562451038332e+02 3.572998070198903087e-03 5.649578691938781105e+01
2.392537210768672367e+02 2.980682882091063510e-03 5.675499168848042331e+01
2.391212717580296783e+02 2.426581577086955616e-03 5.664054110858474900e+01
2.387821235454840689e+02 3.229073122265318802e-03 5.632493264803103017e+01
2.388004662093738659e+02 2.331046869327626624e-03 5.640418824158816591e+01
2.389873129908095564e+02 1.681410856564189739e-03 5.650791982727324836e+01
2.388704931501614510e+02 3.229073122265318802e-03 5.642667711179471723e+01
2.388030838603664847e+02 3.133538414505989810e-03 5.647475017673920661e+01
2.390693008770086294e+02 3.993350784339950305e-03 5.664371286088235991e+01
2.394578978542904508e+02 3.477463362439574095e-03 5.695378030838603678e+01
2.398132487532720631e+02 6.324397653667577363e-03 5.714515543496952432e+01
2.396426046582723473e+02 3.668532777958232079e-03 5.727789135793033637e+01
