1.797363310242454304e+02 0.000000000000000000e+00 2.147431018424192928e+01
1.787792989783741291e+02 0.000000000000000000e+00 2.112485446924935317e+01
1.779165308379660644e+02 0.000000000000000000e+00 2.105168160782373477e+01
1.773555643682510095e+02 0.000000000000000000e+00 2.082324562680094360e+01
1.771250873184503973e+02 0.000000000000000000e+00 2.039482128823820517e+01
1.769763003172570279e+02 0.000000000000000000e+00 1.973292196641150298e+01
1.768768882614896540e+02 0.000000000000000000e+00 1.903794714323136361e+01
1.765244491661088091e+02 0.000000000000000000e+00 1.873913249119538804e+01
1.758163620222953227e+02 0.000000000000000000e+00 1.828426521523998005e+01
1.749499483365835317e+02 0.000000000000000000e+00 1.783200293972116413e+01
1.744974095526384588e+02 0.000000000000000000e+00 1.766937596414122424e+01
1.743784818232092562e+02 0.000000000000000000e+00 1.758019108187560064e+01
1.744358464068457693e+02 0.000000000000000000e+00 1.761598436999738126e+01
1.750088664609831994e+02 0.000000000000000000e+00 1.776051823500305460e+01
1.756805090665657758e+02 0.000000000000000000e+00 1.792706726431294939e+01
1.757318741450068273e+02 0.000000000000000000e+00 1.790549960706697163e+01
1.749180443577727999e+02 0.000000000000000000e+00 1.763122143959018473e+01
1.736880111767616484e+02 0.000000000000000000e+00 1.734873533777687271e+01
1.728538871263498038e+02 0.000000000000000000e+00 1.704936403061967098e+01
1.729439015338941203e+02 0.000000000000000000e+00 1.700344180225281576e+01
1.738049524114445319e+02 0.000000000000000000e+00 1.727759990686032054e+01
1.744692238845067891e+02 0.000000000000000000e+00 1.753507654917483904e+01
1.746745168379078450e+02 0.000000000000000000e+00 1.763738102861134394e+01
1.743052762173647352e+02 0.000000000000000000e+00 1.755365354949500656e+01
1.730848371510900279e+02 0.000000000000000000e+00 1.719823835026340930e+01
1.717341407864481653e+02 0.000000000000000000e+00 1.672927642110778024e+01
1.713821783042756977e+02 0.000000000000000000e+00 1.653575690543411980e+01
1.719924251244287916e+02 0.000000000000000000e+00 1.670837820531478357e+01
1.729323354774863901e+02 0.000000000000000000e+00 1.693763279680996447e+01
1.732825734202637022e+02 0.000000000000000000e+00 1.704472887621154342e+01
1.730866235410542231e+02 0.000000000000000000e+00 1.698192144250080204e+01
1.724713595482725452e+02 0.000000000000000000e+00 1.677725790959629748e+01
1.718821710277381669e+02 0.000000000000000000e+00 1.661897138865442258e+01
1.715776406554705034e+02 0.000000000000000000e+00 1.644348313298599962e+01
1.717098880868527431e+02 0.000000000000000000e+00 1.641365296737200552e+01
1.719807462816893349e+02 0.000000000000000000e+00 1.646046657158657567e+01
1.719394191867741597e+02 0.000000000000000000e+00 1.643177154582763322e+01
1.715268140408068120e+02 0.000000000000000000e+00 1.641843365253077991e+01
1.705481088278953337e+02 0.000000000000000000e+00 1.613508164275111412e+01
1.695176456035160300e+02 0.000000000000000000e+00 1.586311741420962207e+01
1.690544175859359086e+02 0.000000000000000000e+00 1.578461085077276849e+01
1.693125673079721878e+02 0.000000000000000000e+00 1.585651395639898631e+01
1.700717102773816123e+02 0.000000000000000000e+00 1.595922592193730516e+01
1.703618367436039307e+02 0.000000000000000000e+00 1.600765491748406433e+01
1.703122726082021074e+02 0.000000000000000000e+00 1.595803984631952765e+01
1.700843605378816505e+02 0.000000000000000000e+00 1.592885729254591531e+01
1.699825472247285916e+02 0.000000000000000000e+00 1.584547181069359922e+01
1.698888035916989168e+02 0.000000000000000000e+00 1.577810198795005370e+01
1.697291126990133137e+02 0.000000000000000000e+00 1.573240897051547016e+01
1.697081417178449669e+02 0.000000000000000000e+00 1.565304377564979532e+01
1.696617319614634596e+02 0.000000000000000000e+00 1.562254416858282191e+01
1.694689728439619216e+02 0.000000000000000000e+00 1.562558939954012338e+01
1.693239841953604810e+02 0.000000000000000000e+00 1.562102701050732101e+01
1.691508644526588512e+02 0.000000000000000000e+00 1.557914326047093745e+01
1.689270745408504695e+02 0.000000000000000000e+00 1.549616890298920246e+01
1.685908512093605509e+02 0.000000000000000000e+00 1.538778487644439252e+01
1.685152989201618254e+02 0.000000000000000000e+00 1.533899205402101451e+01
1.686581773728788960e+02 0.000000000000000000e+00 1.540917425852082623e+01
1.687685297028262141e+02 0.000000000000000000e+00 1.544996288965858433e+01
1.687906576534621763e+02 0.000000000000000000e+00 1.549347658410222017e+01
1.687222582006577909e+02 0.000000000000000000e+00 1.552193876066012734e+01
1.685040712227493600e+02 0.000000000000000000e+00 1.542980324242512502e+01
1.681496747387722905e+02 0.000000000000000000e+00 1.529240766073871427e+01
1.680374123177227261e+02 0.000000000000000000e+00 1.523527956457199473e+01
1.680889302034519801e+02 0.000000000000000000e+00 1.518376531711150612e+01
1.682409734551910958e+02 0.000000000000000000e+00 1.514653127455831338e+01
1.682994804552201913e+02 0.000000000000000000e+00 1.517429126524434579e+01
1.661387817620863245e+02 0.000000000000000000e+00 1.449548490846115811e+01
1.642037685187880243e+02 0.000000000000000000e+00 1.396889644031783995e+01
1.637411226242105045e+02 0.000000000000000000e+00 1.389088831970195237e+01
1.637030008440783604e+02 0.000000000000000000e+00 1.387912943504962549e+01
1.637656081730069673e+02 0.000000000000000000e+00 1.386443810577175029e+01
1.639212242046744450e+02 0.000000000000000000e+00 1.377675219023779718e+01
1.640899307273626846e+02 0.000000000000000000e+00 1.374934147335332035e+01
1.640047843234275433e+02 0.000000000000000000e+00 1.370347745728672528e+01
1.633220377215705810e+02 0.000000000000000000e+00 1.345681374974532041e+01
1.627328019035422244e+02 0.000000000000000000e+00 1.320806895246965595e+01
1.626867486974997803e+02 0.000000000000000000e+00 1.320981532147742854e+01
1.627009015630002580e+02 0.000000000000000000e+00 1.327960459295048956e+01
1.627269952265913844e+02 0.000000000000000000e+00 1.323261271356637714e+01
1.628005537445062032e+02 0.000000000000000000e+00 1.322186162936228371e+01
1.627747293128037995e+02 0.000000000000000000e+00 1.325005093576272586e+01
1.623779506359693698e+02 0.000000000000000000e+00 1.317234842972320052e+01
1.613974299269435733e+02 0.000000000000000000e+00 1.285122391361294625e+01
1.608252066536659299e+02 0.000000000000000000e+00 1.267559740373140897e+01
1.605484726547719561e+02 0.000000000000000000e+00 1.263629318625025455e+01
1.603849433885380051e+02 0.000000000000000000e+00 1.255149605611665820e+01
1.601888225106964967e+02 0.000000000000000000e+00 1.244057251797304708e+01
1.602149416421689807e+02 0.000000000000000000e+00 1.245528567686352162e+01
1.599335761271356660e+02 0.000000000000000000e+00 1.241390400791687298e+01
1.593940317839159491e+02 0.000000000000000000e+00 1.226997773379515166e+01
1.589828346479611128e+02 0.000000000000000000e+00 1.205737549844282164e+01
1.581108434962307570e+02 0.000000000000000000e+00 1.184743647582734205e+01
1.571911546409756397e+02 0.000000000000000000e+00 1.169147117035829631e+01
1.568863914195069356e+02 0.000000000000000000e+00 1.161461638094129256e+01
1.565720049771516642e+02 0.000000000000000000e+00 1.151389454841808124e+01
1.563344442180632825e+02 0.000000000000000000e+00 1.151875891375847694e+01
1.559650507902319703e+02 0.000000000000000000e+00 1.141767689262741214e+01
1.555461405244928130e+02 0.000000000000000000e+00 1.123801554268416858e+01
1.553280117588846565e+02 0.000000000000000000e+00 1.117948307477369951e+01
1.554058779870186697e+02 0.000000000000000000e+00 1.121248944902057865e+01
1.555046678988270230e+02 0.000000000000000000e+00 1.120981895974619391e+01
1.556653884215734820e+02 0.000000000000000000e+00 1.120253514567628095e+01
1.557239281660214942e+02 0.000000000000000000e+00 1.120284439852140679e+01
1.556348233256687195e+02 0.000000000000000000e+00 1.116586867305061581e+01
1.554318734173530743e+02 0.000000000000000000e+00 1.106091189568355837e+01
1.554354098145938110e+02 0.000000000000000000e+00 1.105442122420467399e+01
1.554397284396193015e+02 0.000000000000000000e+00 1.109172075559565762e+01
1.553460612102337279e+02 0.000000000000000000e+00 1.105370448525773419e+01
1.552167098407893491e+02 0.000000000000000000e+00 1.102256090461914617e+01
1.551586721774311002e+02 0.000000000000000000e+00 1.097749003114358146e+01
1.553172897808306914e+02 0.000000000000000000e+00 1.105634223011322348e+01
1.558349826818406711e+02 0.000000000000000000e+00 1.122672599470268118e+01
1.559633226125680494e+02 0.000000000000000000e+00 1.117105320604243701e+01
1.560540428442529901e+02 0.000000000000000000e+00 1.123425357277992909e+01
1.561692377099280975e+02 0.000000000000000000e+00 1.124781340047151978e+01
1.562514734988503164e+02 0.000000000000000000e+00 1.130660782373315421e+01
1.562192493523881467e+02 0.000000000000000000e+00 1.130923465378234383e+01
1.560556509590476537e+02 0.000000000000000000e+00 1.127745437610967194e+01
1.558325959775300475e+02 0.000000000000000000e+00 1.118632302005413770e+01
1.557157966353290419e+02 0.000000000000000000e+00 1.113802500218296210e+01
1.556915221061210275e+02 0.000000000000000000e+00 1.113911284454405148e+01
1.556472916727304607e+02 0.000000000000000000e+00 1.112947143231364855e+01
1.556424527752714084e+02 0.000000000000000000e+00 1.108327633378933008e+01
1.555691925953954069e+02 0.000000000000000000e+00 1.100559201909363516e+01
1.553643653403964322e+02 0.000000000000000000e+00 1.094423261635183486e+01
1.550407522484501044e+02 0.000000000000000000e+00 1.082565779899292657e+01
1.547845380853974575e+02 0.000000000000000000e+00 1.075100780044823523e+01
1.543152050528276504e+02 0.000000000000000000e+00 1.068589734260849333e+01
1.539329648979829415e+02 0.000000000000000000e+00 1.067511715225427160e+01
1.538521007363856086e+02 0.000000000000000000e+00 1.061970268067642742e+01
1.544076061646825906e+02 0.000000000000000000e+00 1.080315874494280592e+01
1.547118236458363754e+02 0.000000000000000000e+00 1.092024914864510876e+01
1.544309274674738788e+02 0.000000000000000000e+00 1.080206362604418402e+01
1.537968281572896387e+02 0.000000000000000000e+00 1.062127077451465418e+01
1.535276981401169962e+02 0.000000000000000000e+00 1.061108362196932298e+01
1.535815663474692201e+02 0.000000000000000000e+00 1.060138763570742526e+01
1.540757887766685030e+02 0.000000000000000000e+00 1.078976627761445961e+01
1.545643245917862316e+02 0.000000000000000000e+00 1.099589603283173744e+01
1.546909072386995376e+02 0.000000000000000000e+00 1.105110312308990927e+01
1.544010609191722097e+02 0.000000000000000000e+00 1.100714555985679688e+01
1.539115500480251342e+02 0.000000000000000000e+00 1.085721614227086107e+01
1.533042938847978576e+02 0.000000000000000000e+00 1.067570291352562784e+01
1.529807098990016527e+02 0.000000000000000000e+00 1.060522964752452246e+01
1.530708261780714281e+02 0.000000000000000000e+00 1.063883633611782109e+01
1.533887999534301514e+02 0.000000000000000000e+00 1.066600692726373012e+01
1.536584065838111712e+02 0.000000000000000000e+00 1.070572226911546387e+01
1.536116875745845221e+02 0.000000000000000000e+00 1.074987629886194895e+01
1.531937851092936000e+02 0.000000000000000000e+00 1.064099746776493838e+01
1.525738313880723069e+02 0.000000000000000000e+00 1.043486771254766055e+01
1.523932386413248992e+02 0.000000000000000000e+00 1.038760660127485025e+01
1.525999141368571088e+02 0.000000000000000000e+00 1.046951858427685700e+01
1.528642925750210964e+02 0.000000000000000000e+00 1.048836481648572416e+01
1.529293047996041537e+02 0.000000000000000000e+00 1.042839523241260835e+01
1.529535720522746374e+02 0.000000000000000000e+00 1.041706566347469298e+01
1.527805250749483434e+02 0.000000000000000000e+00 1.037274063509619637e+01
1.524253536397240794e+02 0.000000000000000000e+00 1.024102802922257460e+01
1.519912790697674438e+02 0.000000000000000000e+00 1.005821593852781071e+01
1.517330238379369689e+02 0.000000000000000000e+00 9.940776261023954063e+00
1.517170009022906640e+02 0.000000000000000000e+00 9.915250167360364131e+00
1.518092055476322173e+02 0.000000000000000000e+00 9.970941147364438706e+00
1.518173334400558758e+02 0.000000000000000000e+00 9.993443839683324725e+00
1.517264276566638443e+02 0.000000000000000000e+00 1.007147742818057523e+01
1.515208072590738482e+02 0.000000000000000000e+00 1.007631996390837337e+01
1.512672381174142231e+02 0.000000000000000000e+00 9.987047763192363092e+00
1.512955329336088823e+02 0.000000000000000000e+00 9.975871001542625294e+00
1.513884470413598535e+02 0.000000000000000000e+00 1.001621576389091040e+01
1.513875702185872001e+02 0.000000000000000000e+00 1.007695302267369009e+01
1.513553788165439471e+02 0.000000000000000000e+00 1.010300302703961428e+01
1.512679330267485511e+02 0.000000000000000000e+00 1.012894388334255069e+01
1.510581540879587976e+02 0.000000000000000000e+00 1.011590796635329070e+01
1.508159072386995376e+02 0.000000000000000000e+00 1.011307375498442873e+01
1.504696750298338088e+02 0.000000000000000000e+00 9.950956137031754523e+00
1.499022142503711166e+02 0.000000000000000000e+00 9.770068690514305487e+00
1.495363644963180718e+02 0.000000000000000000e+00 9.684289227813836831e+00
1.494393828040865060e+02 0.000000000000000000e+00 9.627430363535815161e+00
1.495765127921529825e+02 0.000000000000000000e+00 9.661277177867683363e+00
1.498040137381028671e+02 0.000000000000000000e+00 9.703568414005879106e+00
1.496679788689349948e+02 0.000000000000000000e+00 9.644588439037168115e+00
1.492611767616497502e+02 0.000000000000000000e+00 9.457079343365252910e+00
1.492387868556625961e+02 0.000000000000000000e+00 9.313531449195215473e+00
1.493689786651919462e+02 0.000000000000000000e+00 9.383069680123410805e+00
1.494305636405972564e+02 0.000000000000000000e+00 9.460844951538259551e+00
1.495291716389673127e+02 0.000000000000000000e+00 9.556385889338416817e+00
1.495103836190587003e+02 0.000000000000000000e+00 9.611338300782955812e+00
1.492270243327415074e+02 0.000000000000000000e+00 9.606452105829962562e+00
1.488758477166225305e+02 0.000000000000000000e+00 9.576872980760834153e+00
1.487755406467386479e+02 0.000000000000000000e+00 9.502619553511657102e+00
1.488475274325464852e+02 0.000000000000000000e+00 9.529826527345228726e+00
1.487560431644206460e+02 0.000000000000000000e+00 9.516379485985389408e+00
1.486565437902028748e+02 0.000000000000000000e+00 9.409316151002707684e+00
1.486906671129609663e+02 0.000000000000000000e+00 9.401035451290857381e+00
1.488587660447652468e+02 0.000000000000000000e+00 9.379485985388711811e+00
1.489631079547108357e+02 0.000000000000000000e+00 9.387788514713159671e+00
1.489002168408184730e+02 0.000000000000000000e+00 9.346683354192741433e+00
1.489772535436737826e+02 0.000000000000000000e+00 9.357147015164304804e+00
1.490895559856797661e+02 0.000000000000000000e+00 9.367225019646651774e+00
1.489288754838897546e+02 0.000000000000000000e+00 9.360825304886922993e+00
1.486866759321244444e+02 0.000000000000000000e+00 9.261787990802456960e+00
1.486932284541723561e+02 0.000000000000000000e+00 9.290057339115755042e+00
1.486556706056989867e+02 0.000000000000000000e+00 9.274165381145035525e+00
1.484073915068254053e+02 0.000000000000000000e+00 9.191085513869079904e+00
1.484107860115842357e+02 0.000000000000000000e+00 9.155641499548854867e+00
1.484228432342754047e+02 0.000000000000000000e+00 9.149369124195942504e+00
1.484709993596646882e+02 0.000000000000000000e+00 9.136726140233431437e+00
1.489492024914864601e+02 0.000000000000000000e+00 9.250942311610442559e+00
1.493667847891259441e+02 0.000000000000000000e+00 9.420773059347439471e+00
1.493586568967022856e+02 0.000000000000000000e+00 9.395014116482812483e+00
1.488266874290537487e+02 0.000000000000000000e+00 9.239343510783829316e+00
1.484333178100532677e+02 0.000000000000000000e+00 9.155063014815031153e+00
1.483365253077975296e+02 0.000000000000000000e+00 9.163536542771486992e+00
1.483570596967139181e+02 0.000000000000000000e+00 9.162419594260267530e+00
1.484338344442180642e+02 0.000000000000000000e+00 9.118534796402480325e+00
1.485067890095177177e+02 0.000000000000000000e+00 9.013141426783478849e+00
1.487015273452280439e+02 0.000000000000000000e+00 9.115762435602642100e+00
1.485119589894344756e+02 0.000000000000000000e+00 9.077422359344529568e+00
1.479764676776202919e+02 0.000000000000000000e+00 8.879202200424950675e+00
1.476295260063451451e+02 0.000000000000000000e+00 8.872500509357626797e+00
1.473950104782140329e+02 0.000000000000000000e+00 8.867552463835608023e+00
1.472942195185842706e+02 0.000000000000000000e+00 8.845795616613790102e+00
1.474558568850598022e+02 0.000000000000000000e+00 8.882705853246790184e+00
1.480823231073725879e+02 0.000000000000000000e+00 9.100700002910615538e+00
1.482283632156474766e+02 0.000000000000000000e+00 9.075424949791891294e+00
1.477666851005617445e+02 0.000000000000000000e+00 8.927252816020024184e+00
1.473309915010041493e+02 0.000000000000000000e+00 8.773710597549262857e+00
1.472317286142561841e+02 0.000000000000000000e+00 8.767987600780044133e+00
1.474920212765957501e+02 0.000000000000000000e+00 8.839039351514974996e+00
1.478252357598160529e+02 0.000000000000000000e+00 8.930894723054981554e+00
1.479087813254940897e+02 0.000000000000000000e+00 8.954350641790609799e+00
1.478325814244549861e+02 0.000000000000000000e+00 8.941831358966149779e+00
1.475347927642110903e+02 0.000000000000000000e+00 8.862688098495212330e+00
1.474055396280234049e+02 0.000000000000000000e+00 8.784363448496668170e+00
1.477524776610297863e+02 0.000000000000000000e+00 8.883957417702360360e+00
1.478952979014465825e+02 0.000000000000000000e+00 8.975408941409320107e+00
1.478202840760252741e+02 0.000000000000000000e+00 9.042022004249497868e+00
1.475579066856826955e+02 0.000000000000000000e+00 8.994204237855459638e+00
1.471355291498093436e+02 0.000000000000000000e+00 8.929173821928573673e+00
1.470266648717874034e+02 0.000000000000000000e+00 8.807124457897954173e+00
1.472828135460022736e+02 0.000000000000000000e+00 8.855477049800622780e+00
1.476665162848910029e+02 0.000000000000000000e+00 8.885940274179933596e+00
1.476224604884012024e+02 0.000000000000000000e+00 8.704638065023139859e+00
1.470693308496085194e+02 0.000000000000000000e+00 8.630490147568181669e+00
1.464894017230840859e+02 0.000000000000000000e+00 8.552609366359112286e+00
1.461274994906423785e+02 0.000000000000000000e+00 8.448354774863929606e+00
1.460727799283988588e+02 0.000000000000000000e+00 8.413325523183049270e+00
1.461319490933434224e+02 0.000000000000000000e+00 8.412583316354746543e+00
1.461812294437814614e+02 0.000000000000000000e+00 8.376156969467649205e+00
1.462310810024158059e+02 0.000000000000000000e+00 8.420609337252962234e+00
1.460537881654393573e+02 0.000000000000000000e+00 8.433459702535145652e+00
1.457979087231131814e+02 0.000000000000000000e+00 8.392230840876676368e+00
1.454035676863521189e+02 0.000000000000000000e+00 8.380155426841691124e+00
1.451594616817533563e+02 0.000000000000000000e+00 8.326469132927787342e+00
1.450010041621794699e+02 0.000000000000000000e+00 8.157835375614867601e+00
1.448701611025409761e+02 0.000000000000000000e+00 8.033748581075181860e+00
1.446964519602992141e+02 0.000000000000000000e+00 7.943679599499374078e+00
1.445725943766917965e+02 0.000000000000000000e+00 7.867989056087551170e+00
1.445448198329306990e+02 0.000000000000000000e+00 7.844187501819134489e+00
1.444263323340221916e+02 0.000000000000000000e+00 7.862138719911516915e+00
1.440631421544372301e+02 0.000000000000000000e+00 7.814786651919551019e+00
1.436678879122158605e+02 0.000000000000000000e+00 7.678129638792676737e+00
1.435822139593095983e+02 0.000000000000000000e+00 7.622798847396454747e+00
1.434153156561981461e+02 0.000000000000000000e+00 7.622969846028465390e+00
1.431329241493727693e+02 0.000000000000000000e+00 7.613961492563378286e+00
1.430490002037430486e+02 0.000000000000000000e+00 7.547297493960473780e+00
1.429975769130017227e+02 0.000000000000000000e+00 7.579176004889832896e+00
1.426414777192420900e+02 0.000000000000000000e+00 7.550957592339261559e+00
1.422257909596297623e+02 0.000000000000000000e+00 7.455776843146956878e+00
1.420823813196728338e+02 0.000000000000000000e+00 7.430316238321156952e+00
1.420770039584364213e+02 0.000000000000000000e+00 7.420991355473411488e+00
1.421214417731466710e+02 0.000000000000000000e+00 7.387777599906860004e+00
1.421324766423145149e+02 0.000000000000000000e+00 7.403756876327967973e+00
1.420527075996157862e+02 0.000000000000000000e+00 7.373140844660476922e+00
1.419790290188316817e+02 0.000000000000000000e+00 7.346628780161248429e+00
1.419615798818290386e+02 0.000000000000000000e+00 7.317126058736210581e+00
1.420035982478097480e+02 0.000000000000000000e+00 7.335022702797100891e+00
1.421198336583520074e+02 0.000000000000000000e+00 7.376000523910702711e+00
1.419266415868673050e+02 0.000000000000000000e+00 7.329841808074045950e+00
1.417144650289606318e+02 0.000000000000000000e+00 7.345533661262624747e+00
1.416108107518118686e+02 0.000000000000000000e+00 7.366253601886078251e+00
1.416829539831766454e+02 0.000000000000000000e+00 7.508007829554385282e+00
1.416290421165992370e+02 0.000000000000000000e+00 7.495604971330442012e+00
1.414663714817941127e+02 0.000000000000000000e+00 7.497998952178595466e+00
1.414405616031667421e+02 0.000000000000000000e+00 7.415512122711528598e+00
1.415313509619582533e+02 0.000000000000000000e+00 7.409745466717117424e+00
1.416713115231248423e+02 0.000000000000000000e+00 7.409017812963878846e+00
1.418232237971883478e+02 0.000000000000000000e+00 7.432659283406583661e+00
1.418368236458363754e+02 0.000000000000000000e+00 7.456388072299676928e+00
1.416457599615798699e+02 0.000000000000000000e+00 7.433143173152487293e+00
1.414017740198503930e+02 0.000000000000000000e+00 7.414115027505311595e+00
1.416756774456442542e+02 0.000000000000000000e+00 7.471450504991704378e+00
1.420896032831737443e+02 0.000000000000000000e+00 7.647575457694211210e+00
1.421102977559158376e+02 0.000000000000000000e+00 7.595704659894635391e+00
1.420435100561748811e+02 0.000000000000000000e+00 7.501742730739005438e+00
1.421482558139534831e+02 0.000000000000000000e+00 7.508058765317111138e+00
1.421011693395814461e+02 0.000000000000000000e+00 7.507749512471985298e+00
1.418704448875047319e+02 0.000000000000000000e+00 7.448936897866519580e+00
1.420376633582675936e+02 0.000000000000000000e+00 7.433848997293128313e+00
1.422598524318188424e+02 0.000000000000000000e+00 7.504522368076374406e+00
1.423007465727508247e+02 0.000000000000000000e+00 7.488976045638443324e+00
1.421438316791337968e+02 0.000000000000000000e+00 7.394784905550542575e+00
1.420367938120324709e+02 0.000000000000000000e+00 7.300793870244782546e+00
1.419734442762755862e+02 0.000000000000000000e+00 7.295110894431993565e+00
1.419229196379195059e+02 0.000000000000000000e+00 7.335379253136188105e+00
1.419664406089006548e+02 0.000000000000000000e+00 7.398270367028553451e+00
1.419607066973251506e+02 0.000000000000000000e+00 7.450803329743575176e+00
1.419321753936606854e+02 0.000000000000000000e+00 7.441580318421282314e+00
1.417897044270454217e+02 0.000000000000000000e+00 7.444538230928195333e+00
1.416254911662834388e+02 0.000000000000000000e+00 7.365889775009459406e+00
1.415835237360654446e+02 0.000000000000000000e+00 7.336499839916174714e+00
1.414319425444596448e+02 0.000000000000000000e+00 7.279553657187763704e+00
1.411015440812643646e+02 0.000000000000000000e+00 7.180105218732718342e+00
1.408554879646069082e+02 0.000000000000000000e+00 7.084418750181913360e+00
1.406092899554676023e+02 0.000000000000000000e+00 7.121103414151409794e+00
1.404712176557906673e+02 0.000000000000000000e+00 7.097298221614226854e+00
1.404921267863899743e+02 0.000000000000000000e+00 7.093951014349332063e+00
1.406302245539482385e+02 0.000000000000000000e+00 7.076163518351427761e+00
1.405532387868556725e+02 0.000000000000000000e+00 7.080001891899758704e+00
1.403557280903454796e+02 0.000000000000000000e+00 7.066693104753034582e+00
1.401834342346537881e+02 0.000000000000000000e+00 7.035276653956981541e+00
1.400376451669237667e+02 0.000000000000000000e+00 7.052391070233140269e+00
1.400149132636726108e+02 0.000000000000000000e+00 7.066278342113688993e+00
1.402087347556538646e+02 0.000000000000000000e+00 7.079558023110283038e+00
1.401674331286200754e+02 0.000000000000000000e+00 6.953553860930814956e+00
1.399239419914428026e+02 0.000000000000000000e+00 6.852566434787670246e+00
1.392918837500363907e+02 0.000000000000000000e+00 6.666654539104112764e+00
1.387709164071368377e+02 0.000000000000000000e+00 6.526824955613121482e+00
1.385863361178217019e+02 0.000000000000000000e+00 6.456173414442472058e+00
1.386136304101056567e+02 0.000000000000000000e+00 6.514236545682102530e+00
1.385726598655295732e+02 0.000000000000000000e+00 6.534912827080361808e+00
1.385113041010565667e+02 0.000000000000000000e+00 6.550451872980761259e+00
1.383635758360741761e+02 0.000000000000000000e+00 6.548505399190848841e+00
1.379740118462030978e+02 0.000000000000000000e+00 6.416072416101521902e+00
1.374578761242250380e+02 0.000000000000000000e+00 6.293349972349157717e+00
1.373107772797391988e+02 0.000000000000000000e+00 6.262624792618680658e+00
1.371839908897750036e+02 0.000000000000000000e+00 6.227293564630206113e+00
1.367590993101842400e+02 0.000000000000000000e+00 6.127295747591466224e+00
1.363472327327764333e+02 0.000000000000000000e+00 6.054017376371627179e+00
1.361404480891812341e+02 0.000000000000000000e+00 6.057633815525220733e+00
1.359362648077538722e+02 0.000000000000000000e+00 6.018005792123875430e+00
1.357267187181651593e+02 0.000000000000000000e+00 5.949871932939430508e+00
1.355666239776464863e+02 0.000000000000000000e+00 5.940896323893238851e+00
1.353363615857030595e+02 0.000000000000000000e+00 5.855637133626335533e+00
1.346949966527927245e+02 0.000000000000000000e+00 5.756428820909857969e+00
1.343596683354192862e+02 0.000000000000000000e+00 5.663667520447070558e+00
1.342721170358296661e+02 0.000000000000000000e+00 5.632727682859388629e+00
1.342767994877317506e+02 0.000000000000000000e+00 5.652468929184736979e+00
1.341365187589137520e+02 0.000000000000000000e+00 5.608089326774747363e+00
1.340733656896702257e+02 0.000000000000000000e+00 5.631086823645836681e+00
1.341333061675932186e+02 0.000000000000000000e+00 5.637923130657507720e+00
1.342315612538929486e+02 0.000000000000000000e+00 5.707657828099077513e+00
1.341868942282504236e+02 0.000000000000000000e+00 5.727140757342026767e+00
1.342175903018307679e+02 0.000000000000000000e+00 5.743127310300666366e+00
1.342669579707192042e+02 0.000000000000000000e+00 5.689997671507989629e+00
1.342023859766568705e+02 0.000000000000000000e+00 5.646294787088511846e+00
1.340481124661640990e+02 0.000000000000000000e+00 5.565747154873824876e+00
1.341415286550048052e+02 0.000000000000000000e+00 5.573744069621911379e+00
1.342064426463311690e+02 0.000000000000000000e+00 5.587202025788048587e+00
1.340318712343918151e+02 0.000000000000000000e+00 5.577447827225892496e+00
1.339247169426899973e+02 0.000000000000000000e+00 5.566864103385045226e+00
1.340861505661146111e+02 0.000000000000000000e+00 5.620805076112582732e+00
1.342704798148848795e+02 0.000000000000000000e+00 5.686031958552842269e+00
1.341639694967546745e+02 0.000000000000000000e+00 5.715785720522746693e+00
1.341304028291177985e+02 0.000000000000000000e+00 5.736469278458538490e+00
1.342304916028756736e+02 0.000000000000000000e+00 5.825821521087405586e+00
1.350243436563145849e+02 0.000000000000000000e+00 6.057131734435485804e+00
1.352803140553598951e+02 0.000000000000000000e+00 6.155339523241260657e+00
1.355064470122536875e+02 0.000000000000000000e+00 6.247329510725616153e+00
1.357129878918415500e+02 0.000000000000000000e+00 6.282376953750327786e+00
1.356729196379195059e+02 0.000000000000000000e+00 6.300371831067904438e+00
1.357023168495503000e+02 0.000000000000000000e+00 6.291632709491515207e+00
1.357151053642634793e+02 0.000000000000000000e+00 6.311730506155950771e+00
1.356289839042989911e+02 0.000000000000000000e+00 6.300539191431149710e+00
1.356060919172221020e+02 0.000000000000000000e+00 6.234926652501673772e+00
1.355834691620339356e+02 0.000000000000000000e+00 6.161630089938004318e+00
1.355423021509444936e+02 0.000000000000000000e+00 6.119771807782984574e+00
1.355978112175102694e+02 0.000000000000000000e+00 6.107550862997351615e+00
1.356467495706842783e+02 0.000000000000000000e+00 6.105869982827371700e+00
1.354721890735512488e+02 0.000000000000000000e+00 6.039755362808161721e+00
1.354932910323951489e+02 0.000000000000000000e+00 6.028727770177838785e+00
1.356120586779986752e+02 0.000000000000000000e+00 6.062749221410483891e+00
1.358764407544313997e+02 0.000000000000000000e+00 6.074973804464883109e+00
1.360166851005617445e+02 0.000000000000000000e+00 6.095751957388595876e+00
1.360275598859038837e+02 0.000000000000000000e+00 6.100601769653928308e+00
1.358642634688709734e+02 0.000000000000000000e+00 6.093085106382978289e+00
1.354592732194312532e+02 0.000000000000000000e+00 6.062483627790552276e+00
1.352944705591291381e+02 0.000000000000000000e+00 6.030896178362487703e+00
1.354804624967255506e+02 0.000000000000000000e+00 6.073529411764705621e+00
1.358863004627877729e+02 0.000000000000000000e+00 6.188898914340600577e+00
1.360874057688389485e+02 0.000000000000000000e+00 6.215225427132753389e+00
1.362395799982536175e+02 0.000000000000000000e+00 6.166618156416451058e+00
1.363130584742555982e+02 0.000000000000000000e+00 6.200457694210786741e+00
1.362847964024798557e+02 0.000000000000000000e+00 6.236862211485286522e+00
1.361087624064964814e+02 0.000000000000000000e+00 6.176070378671012939e+00
1.359241930319876701e+02 0.000000000000000000e+00 6.100194283552114349e+00
1.358293506417905974e+02 0.000000000000000000e+00 6.048021509444946098e+00
1.356707294001222408e+02 0.000000000000000000e+00 6.039955467590301552e+00
1.355383800972145423e+02 0.000000000000000000e+00 5.990271269319206837e+00
1.354249861745786916e+02 0.000000000000000000e+00 5.996914748086270563e+00
1.353414333323631240e+02 0.000000000000000000e+00 6.008986523852490436e+00
1.352827153127455801e+02 0.000000000000000000e+00 6.020079605320604266e+00
1.353043702884419588e+02 0.000000000000000000e+00 6.036320837092877589e+00
1.353358485898070285e+02 0.000000000000000000e+00 6.017987600780045021e+00
1.351948111010856621e+02 0.000000000000000000e+00 5.994964636027592775e+00
1.348134186628634552e+02 0.000000000000000000e+00 5.928191489361702260e+00
1.345283784963762912e+02 0.000000000000000000e+00 5.867570655179439321e+00
1.344681469569520118e+02 0.000000000000000000e+00 5.848098640742788845e+00
1.346636820735221249e+02 0.000000000000000000e+00 5.890411706493582145e+00
1.346476736909509100e+02 0.000000000000000000e+00 5.811475827342317046e+00
1.345268686148383210e+02 0.000000000000000000e+00 5.725852810198794884e+00
1.343226926099484899e+02 0.000000000000000000e+00 5.652963733736938501e+00
1.337996114328957731e+02 0.000000000000000000e+00 5.492497889804115907e+00
1.331732871030648653e+02 0.000000000000000000e+00 5.339581453561137891e+00
1.330241399132636673e+02 0.000000000000000000e+00 5.299545944057979519e+00
1.332181942544459616e+02 0.000000000000000000e+00 5.297923276188258868e+00
1.333973535232994720e+02 0.000000000000000000e+00 5.333127164769916106e+00
1.333715109002532131e+02 0.000000000000000000e+00 5.344947899991268514e+00
1.331200155717903328e+02 0.000000000000000000e+00 5.293862968245190537e+00
1.323924382221963469e+02 0.000000000000000000e+00 5.180301685246092802e+00
1.316259605029542854e+02 0.000000000000000000e+00 5.012122711528945729e+00
1.314288209098582456e+02 0.000000000000000000e+00 4.906943999767150899e+00
1.319077917163896814e+02 0.000000000000000000e+00 5.030517798410803820e+00
1.322298221614227032e+02 0.000000000000000000e+00 5.054763221468696166e+00
1.323078193672322982e+02 0.000000000000000000e+00 5.127877870594056198e+00
1.319999163198183680e+02 0.000000000000000000e+00 5.162790697674418894e+00
1.311758629973513450e+02 0.000000000000000000e+00 5.058950868818581803e+00
1.307154291701836542e+02 0.000000000000000000e+00 4.922326600110602968e+00
1.307918655586925638e+02 0.000000000000000000e+00 4.967593940099543026e+00
1.315065889047355654e+02 0.000000000000000000e+00 5.108052944087085656e+00
1.319755108129347718e+02 0.000000000000000000e+00 5.239903804173821733e+00
1.320006294204965513e+02 0.000000000000000000e+00 5.239452658846814437e+00
1.317642838431760595e+02 0.000000000000000000e+00 5.183972698431178472e+00
1.312851820589690703e+02 0.000000000000000000e+00 5.119357045143638985e+00
1.309126488051925321e+02 0.000000000000000000e+00 5.062272608202112778e+00
1.307793499141368443e+02 0.000000000000000000e+00 5.008975609046191657e+00
1.310645610792560376e+02 0.000000000000000000e+00 5.057888494338853569e+00
1.314259030183077641e+02 0.000000000000000000e+00 5.132909596297698052e+00
1.315166559944116216e+02 0.000000000000000000e+00 5.124985446924934962e+00
1.317332275809878581e+02 0.000000000000000000e+00 5.135107110632477045e+00
1.318315044969002088e+02 0.000000000000000000e+00 5.162248595628255998e+00
1.318399853013941936e+02 0.000000000000000000e+00 5.188458683819891171e+00
1.321133175189917495e+02 0.000000000000000000e+00 5.295605698984195087e+00
1.323146556742439657e+02 0.000000000000000000e+00 5.347774834822597967e+00
1.326767943941554790e+02 0.000000000000000000e+00 5.480637133626335533e+00
1.328590207235788796e+02 0.000000000000000000e+00 5.546791774601973479e+00
1.328301074016939651e+02 0.000000000000000000e+00 5.579150537008469968e+00
1.326006017696539345e+02 0.000000000000000000e+00 5.545449253427249481e+00
1.323500633058765459e+02 0.000000000000000000e+00 5.494688127601362382e+00
1.320147495415781407e+02 0.000000000000000000e+00 5.367639782285997363e+00
1.317697958203568476e+02 0.000000000000000000e+00 5.309882265622726472e+00
1.316387854003550899e+02 0.000000000000000000e+00 5.292764211077800596e+00
1.317519537503274307e+02 0.000000000000000000e+00 5.366104432866665164e+00
1.319217372005704760e+02 0.000000000000000000e+00 5.380690252350321501e+00
1.320060904619145958e+02 0.000000000000000000e+00 5.383306167593212344e+00
1.320118825857903744e+02 0.000000000000000000e+00 5.344205693162964899e+00
1.319927089093925474e+02 0.000000000000000000e+00 5.322790843205169153e+00
1.318873773903425786e+02 0.000000000000000000e+00 5.284508979247314997e+00
1.317717386558779822e+02 0.000000000000000000e+00 5.250967779491806375e+00
1.319255355531623763e+02 0.000000000000000000e+00 5.305487236953168484e+00
1.323055745554035525e+02 0.000000000000000000e+00 5.428751782751695565e+00
1.322547697703524818e+02 0.000000000000000000e+00 5.403742323252902935e+00
1.318903462176558037e+02 0.000000000000000000e+00 5.352075268504234984e+00
1.316651082748784916e+02 0.000000000000000000e+00 5.295358296708094770e+00
1.316996863812323681e+02 0.000000000000000000e+00 5.283206479029018965e+00
1.317236552958640061e+02 0.000000000000000000e+00 5.319439997671508102e+00
1.319313786128008985e+02 0.000000000000000000e+00 5.422173792822423621e+00
1.319645669004860622e+02 0.000000000000000000e+00 5.435322496143434989e+00
1.317384521349361250e+02 0.000000000000000000e+00 5.372009343074191534e+00
1.314501702709782478e+02 0.000000000000000000e+00 5.258833716564310201e+00
1.314247060278837012e+02 0.000000000000000000e+00 5.226340338213464776e+00
1.315887264604010909e+02 0.000000000000000000e+00 5.252266641441336148e+00
1.318959491515557261e+02 0.000000000000000000e+00 5.253139825945222441e+00
1.322835703059056414e+02 0.000000000000000000e+00 5.322467037284978275e+00
1.324725310708152506e+02 0.000000000000000000e+00 5.383473527956457616e+00
1.323415352038885828e+02 0.000000000000000000e+00 5.363495794161305952e+00
1.320393769828564814e+02 0.000000000000000000e+00 5.283723113193818044e+00
1.317056968012340974e+02 0.000000000000000000e+00 5.259983409494425999e+00
1.314453022673691009e+02 0.000000000000000000e+00 5.203200948860494002e+00
1.312688462322088583e+02 0.000000000000000000e+00 5.219544052158220815e+00
1.313172606746805684e+02 0.000000000000000000e+00 5.235803475274325436e+00
1.316188476875163644e+02 0.000000000000000000e+00 5.357034228832552536e+00
1.319099346566929682e+02 0.000000000000000000e+00 5.454070495095614035e+00
1.317275809878627228e+02 0.000000000000000000e+00 5.425677445644264907e+00
1.313962001921005935e+02 0.000000000000000000e+00 5.324333469162033872e+00
1.308632083709287883e+02 0.000000000000000000e+00 5.183292342171901268e+00
1.306305992956311570e+02 0.000000000000000000e+00 5.102275373286375704e+00
1.306391019297377625e+02 0.000000000000000000e+00 5.051681607823732989e+00
1.309660040166487249e+02 0.000000000000000000e+00 5.085521145618068672e+00
1.312456122478679674e+02 0.000000000000000000e+00 5.128583694734697218e+00
1.311807382774980226e+02 0.000000000000000000e+00 5.093590825741479478e+00
1.308148994382513024e+02 0.000000000000000000e+00 5.022117035829670506e+00
1.304222429199289763e+02 0.000000000000000000e+00 4.911513665337485790e+00
1.299351369444363513e+02 0.000000000000000000e+00 4.831882876851878450e+00
1.296005944931164038e+02 0.000000000000000000e+00 4.777414355153243974e+00
1.297439386442355271e+02 0.000000000000000000e+00 4.849408417498617396e+00
1.302717131879966246e+02 0.000000000000000000e+00 5.020432517390924332e+00
1.302425561021043734e+02 0.000000000000000000e+00 5.019868585732164767e+00
1.295415890502663103e+02 0.000000000000000000e+00 4.894617545187298191e+00
1.286122551445120337e+02 0.000000000000000000e+00 4.691311086532584440e+00
1.282530525074948287e+02 0.000000000000000000e+00 4.661593707250341723e+00
1.281467095497278592e+02 0.000000000000000000e+00 4.611265535407631511e+00
1.282398383153360442e+02 0.000000000000000000e+00 4.593336146927845753e+00
1.286642205372995420e+02 0.000000000000000000e+00 4.652116017114416024e+00
1.289385569170765677e+02 0.000000000000000000e+00 4.650362371569112696e+00
1.288172024623802940e+02 0.000000000000000000e+00 4.591677096370463396e+00
1.284166436242978193e+02 0.000000000000000000e+00 4.494942806414995218e+00
1.282015928340658490e+02 0.000000000000000000e+00 4.429461245161102845e+00
1.282235097651133628e+02 0.000000000000000000e+00 4.379467794044881401e+00
1.283195928049596830e+02 0.000000000000000000e+00 4.487593503507291359e+00
1.288559536630089895e+02 0.000000000000000000e+00 4.704066856826847776e+00
1.292086510754722610e+02 0.000000000000000000e+00 4.783468434380184320e+00
1.288647182524667585e+02 0.000000000000000000e+00 4.759481328404691958e+00
1.278272440841749926e+02 0.000000000000000000e+00 4.583028931513228876e+00
1.274160433099513909e+02 0.000000000000000000e+00 4.463373548330761942e+00
1.275965596530546975e+02 0.000000000000000000e+00 4.448915068253922023e+00
1.279686926972669312e+02 0.000000000000000000e+00 4.548821928573507201e+00
1.284846428675379002e+02 0.000000000000000000e+00 4.621911109817504304e+00
1.287723025875367568e+02 0.000000000000000000e+00 4.688484151701254099e+00
1.287896280234013489e+02 0.000000000000000000e+00 4.696721192187909288e+00
1.284136020316092868e+02 0.000000000000000000e+00 4.640971999883575450e+00
1.281441191023663180e+02 0.000000000000000000e+00 4.586805454492534295e+00
1.282148834298687348e+02 0.000000000000000000e+00 4.589243094565881975e+00
1.285450417673254435e+02 0.000000000000000000e+00 4.655335884972494398e+00
1.286364750996885675e+02 0.000000000000000000e+00 4.651206449922868913e+00
1.287079634426754353e+02 0.000000000000000000e+00 4.621212562214395803e+00
1.289191831358966169e+02 0.000000000000000000e+00 4.632909596297698052e+00
1.288047923276188271e+02 0.000000000000000000e+00 4.599990540501208258e+00
1.282228039409727387e+02 0.000000000000000000e+00 4.513909101493145393e+00
1.281329969147480767e+02 0.000000000000000000e+00 4.490354949500829917e+00
1.284180225281602077e+02 0.000000000000000000e+00 4.535942457141193707e+00
1.291459491515557261e+02 0.000000000000000000e+00 4.673567249759874365e+00
1.298298709142241876e+02 0.000000000000000000e+00 4.875301976307594209e+00
1.299044808918124261e+02 0.000000000000000000e+00 4.921093226998864978e+00
1.294174949791891152e+02 0.000000000000000000e+00 4.838886544226794761e+00
1.290107874668917418e+02 0.000000000000000000e+00 4.767078033588497021e+00
1.288516241231772312e+02 0.000000000000000000e+00 4.756534330704077718e+00
1.289561515848298825e+02 0.000000000000000000e+00 4.787139447565270878e+00
1.293194254445964475e+02 0.000000000000000000e+00 4.912317722734814041e+00
1.297414064091742603e+02 0.000000000000000000e+00 4.998042611403789692e+00
1.297760572809034443e+02 0.000000000000000000e+00 5.044048519952266219e+00
1.296640095177110936e+02 0.000000000000000000e+00 5.004551474226504482e+00
1.293055054282970104e+02 0.000000000000000000e+00 4.905292225747300172e+00
1.291863666792793310e+02 0.000000000000000000e+00 4.902770905492330300e+00
1.291169958087143925e+02 0.000000000000000000e+00 4.907526122769740873e+00
1.290906765724597562e+02 0.000000000000000000e+00 4.876742730739005438e+00
1.293039518875338274e+02 0.000000000000000000e+00 4.951971214017522271e+00
1.293643980848153205e+02 0.000000000000000000e+00 4.952182233605960882e+00
1.290996594580434760e+02 0.000000000000000000e+00 4.878922053729953134e+00
1.284238983322175898e+02 0.000000000000000000e+00 4.657526122769740873e+00
1.279141586867305023e+02 0.000000000000000000e+00 4.485625200104782273e+00
1.279915628547311996e+02 0.000000000000000000e+00 4.468008702738888616e+00
1.286093445294990829e+02 0.000000000000000000e+00 4.550575574118811417e+00
1.294873206333498388e+02 0.000000000000000000e+00 4.740998923072445415e+00
1.299934511162208537e+02 0.000000000000000000e+00 4.855957301277760152e+00
1.298961601711441745e+02 0.000000000000000000e+00 4.898295834909916380e+00
1.290102963006083314e+02 0.000000000000000000e+00 4.785051081293477004e+00
1.282687261693395726e+02 0.000000000000000000e+00 4.619342492068573947e+00
1.282298621823791507e+02 0.000000000000000000e+00 4.633047850510813248e+00
1.282818093838228037e+02 0.000000000000000000e+00 4.636307739325319588e+00
1.286608478621532754e+02 0.000000000000000000e+00 4.678784527170591012e+00
1.291568275751666306e+02 0.000000000000000000e+00 4.745081060628110414e+00
1.293926201356346724e+02 0.000000000000000000e+00 4.793510056174869582e+00
1.290953481095555446e+02 0.000000000000000000e+00 4.757651279215298068e+00
1.282366548301656053e+02 0.000000000000000000e+00 4.605287859824780838e+00
1.276928318828768454e+02 0.000000000000000000e+00 4.463955671333352804e+00
1.277802303751782773e+02 0.000000000000000000e+00 4.471021189277294638e+00
1.279462336641732350e+02 0.000000000000000000e+00 4.485184969584072867e+00
1.279661568239368989e+02 0.000000000000000000e+00 4.485003056145763445e+00
1.279622529615507744e+02 0.000000000000000000e+00 4.435580813225834973e+00
1.278898295834909931e+02 0.000000000000000000e+00 4.320797071921297139e+00
1.273663190907238629e+02 0.000000000000000000e+00 4.181160316674913169e+00
1.265604825799691469e+02 0.000000000000000000e+00 3.971606950548650872e+00
1.264698605815408854e+02 0.000000000000000000e+00 3.906005326425473712e+00
1.265660127484937618e+02 0.000000000000000000e+00 4.029146171085950634e+00
1.262836539860872591e+02 0.000000000000000000e+00 4.073660389440288299e+00
1.256935377070174980e+02 0.000000000000000000e+00 4.034559915010041742e+00
1.255899198125563885e+02 0.000000000000000000e+00 4.018395086881858091e+00
1.252850365282184129e+02 0.000000000000000000e+00 3.952931716971796128e+00
1.250974655819774739e+02 0.000000000000000000e+00 3.895323369327939211e+00
1.251236356492126731e+02 0.000000000000000000e+00 3.888752655936199343e+00
1.252726664144133650e+02 0.000000000000000000e+00 3.920252786913875021e+00
1.253468361614809226e+02 0.000000000000000000e+00 3.914507960532060515e+00
1.252597469220246182e+02 0.000000000000000000e+00 3.891852460924993373e+00
1.253454972785749675e+02 0.000000000000000000e+00 3.893518788019908694e+00
1.253589261285909657e+02 0.000000000000000000e+00 3.904379020286986801e+00
1.252119036877492277e+02 0.000000000000000000e+00 3.876408010012515781e+00
1.251257021858718730e+02 0.000000000000000000e+00 3.854607503565503190e+00
1.252178122362255124e+02 0.000000000000000000e+00 3.898976191169194028e+00
1.252827225892831109e+02 0.000000000000000000e+00 3.901704892743836695e+00
1.252335623017143575e+02 0.000000000000000000e+00 3.838126146054661181e+00
1.250615194865675051e+02 0.000000000000000000e+00 3.797101027447099764e+00
1.249975514451203509e+02 0.000000000000000000e+00 3.818490409523532136e+00
1.249704681724248303e+02 0.000000000000000000e+00 3.779353552405623429e+00
1.247962642256308783e+02 0.000000000000000000e+00 3.759630497424105933e+00
1.247173392612859146e+02 0.000000000000000000e+00 3.748195418691969483e+00
1.247840141746951161e+02 0.000000000000000000e+00 3.772106121023372172e+00
1.248773648746980172e+02 0.000000000000000000e+00 3.796551648863404793e+00
1.249243967750385593e+02 0.000000000000000000e+00 3.792535000145530688e+00
1.249418604651162781e+02 0.000000000000000000e+00 3.827684314695695367e+00
