2.131166912157576405e+02 2.750400727808343659e-01 3.820104261433377957e+01
2.136312582131149895e+02 2.745671417637799983e-01 3.841483270516541637e+01
2.136435652500396998e+02 2.708631171569264584e-01 3.841156912013170199e+01
2.140848857023206051e+02 2.721375037906684780e-01 3.864079264682522563e+01
2.145441378214847816e+02 2.606102615200219241e-01 3.892517220465277461e+01
2.147642312524368720e+02 2.619351903998613507e-01 3.907906251353810489e+01
2.149567538881427993e+02 2.787513177085589877e-01 3.918112174905052569e+01
2.152690002743721891e+02 2.908273043654059919e-01 3.931975913009573986e+01
2.155972324510101146e+02 2.996288755072275545e-01 3.957676645150110772e+01
2.158963270227728799e+02 3.095604268653698865e-01 3.972664948230299586e+01
2.161561538794784099e+02 3.443010007364727398e-01 3.990750407948129208e+01
2.164063524383023491e+02 3.430735461883925863e-01 4.003314488295859519e+01
2.166212977804733555e+02 3.546838221490563048e-01 4.016509263671677843e+01
2.167613431240884267e+02 3.713952548051235314e-01 4.018203872980114966e+01
2.169571834972346096e+02 3.577127467544657935e-01 4.025494952995710918e+01
2.171674645121229048e+02 3.635612066600239500e-01 4.049405406576268263e+01
2.171833203367557701e+02 3.668861644211468542e-01 4.046501754537971607e+01
2.172252776213374830e+02 3.963703446981183820e-01 4.040301665005993215e+01
2.172560434085690702e+02 4.030780227873326793e-01 4.042355846293808952e+01
2.174764112117142361e+02 4.228905832575199919e-01 4.053803665034874371e+01
2.175954382012736517e+02 4.067928778754927865e-01 4.062519314358330291e+01
2.178874676890640956e+02 4.474396742191222853e-01 4.081122110066571196e+01
2.180441233808430468e+02 4.661114239916822055e-01 4.082931161460815161e+01
2.181294459125763581e+02 4.700176175829253733e-01 4.086866597351585995e+01
2.175933551387023499e+02 4.099481580961458205e-01 4.043951898222356789e+01
2.163141525509393546e+02 3.404634001935045728e-01 3.952093532036563772e+01
2.148824351254169756e+02 2.827838669150457007e-01 3.861391500238270424e+01
2.139404323528137581e+02 2.760545278632182686e-01 3.812488627994628132e+01
2.137099055582030189e+02 2.908273043654059919e-01 3.801291715403832683e+01
2.137932605524989640e+02 3.033220696327744714e-01 3.807347759534433607e+01
2.140231302979104271e+02 3.314307787838091657e-01 3.824660283903016733e+01
2.144040527661049396e+02 3.408496873601062904e-01 3.855488526910136216e+01
2.149225692789787558e+02 3.058094701728544806e-01 3.902654911984288333e+01
2.153163475284841581e+02 2.991487241693021049e-01 3.947229562881774712e+01
2.155668673915868681e+02 3.000729252407977055e-01 3.963439183237303354e+01
2.157123243656947977e+02 2.993942150789181134e-01 3.974440064116449634e+01
2.155419428439399780e+02 2.749028866842842533e-01 3.963177446605727283e+01
2.151162688269866692e+02 2.500072203208710819e-01 3.929599705410908683e+01
2.147440576759231305e+02 2.531733310228306277e-01 3.903470447226674622e+01
2.145564376380886245e+02 2.352922063856517920e-01 3.889214645698854866e+01
2.144926352727115102e+02 2.272632095770336091e-01 3.887148911897644865e+01
2.144807434042368754e+02 2.515307080246645954e-01 3.880803693916157471e+01
2.145840878568643575e+02 2.546426663200912488e-01 3.885008447775419427e+01
2.148224270386575938e+02 2.691194096665655566e-01 3.907158226111568666e+01
2.149947905384915430e+02 2.796141460526505584e-01 3.914872777946251858e+01
2.151804141576051563e+02 2.861160449970396868e-01 3.923963161922915788e+01
2.152622709353203732e+02 2.967154760357550436e-01 3.920118341059076528e+01
2.153811823997458532e+02 3.095965284697251851e-01 3.940748241851867562e+01
2.155061950353073712e+02 3.136110268740343043e-01 3.948816228393189931e+01
2.156782155698999190e+02 3.085459717829860393e-01 3.961549625265346464e+01
2.157562961197995719e+02 3.026686305939436106e-01 3.969117604586347881e+01
2.158894641077849599e+02 3.159468006758220371e-01 3.976907608774133962e+01
2.158991826596773933e+02 3.263007408049213853e-01 3.966839593351528492e+01
2.158313008130081414e+02 3.234053921356265238e-01 3.953300769686205030e+01
2.156817968490519775e+02 3.378785253216652906e-01 3.942338156507675251e+01
2.156432078441565920e+02 3.568679692125518166e-01 3.939926569336741125e+01
2.156670637843145641e+02 3.823448714060853071e-01 3.943437089344250523e+01
2.156891038137734711e+02 3.620557697584080858e-01 3.956831145576109066e+01
2.155886583199757354e+02 3.629474793859839288e-01 3.960209172695634550e+01
2.150414735230833685e+02 3.598932836575257643e-01 3.928625323109358902e+01
2.137537978887781662e+02 2.814986497999971138e-01 3.847363860849976192e+01
2.124520137474909518e+02 2.313210299065690534e-01 3.773289867001689402e+01
2.116587965169172207e+02 1.961725079062513477e-01 3.723980851709050199e+01
2.114979746999956660e+02 1.877824950540802063e-01 3.717180753512685953e+01
2.116034383167987869e+02 1.976346228826409146e-01 3.720825571488396832e+01
2.117857622492743701e+02 1.947609351759592156e-01 3.735730118846481673e+01
2.120658962584297171e+02 2.014577827838669177e-01 3.747149778336149240e+01
2.123839947147251337e+02 1.812011725801094542e-01 3.779231469046484193e+01
2.126577423500700377e+02 1.942843939984692792e-01 3.808832979537610441e+01
2.129754111972736155e+02 1.764646420886944178e-01 3.836333737671301947e+01
2.130377947695995715e+02 2.004288870597409344e-01 3.837026888474923680e+01
2.130684450316971947e+02 1.965840661959017410e-01 3.840209966930930108e+01
2.129396308971970768e+02 1.960389319701367483e-01 3.828585972360611578e+01
2.128530809109156792e+02 1.729952779101503191e-01 3.818232032231512108e+01
2.126994721945443132e+02 1.612008837672746220e-01 3.807463284668370562e+01
2.127320863839188974e+02 1.655908388568788081e-01 3.812188623662435560e+01
2.128735830120290586e+02 1.529805484555733786e-01 3.817093748646189511e+01
2.129461039148579857e+02 1.886814250025271034e-01 3.824905413796589215e+01
2.130619431327528162e+02 2.135193287989718136e-01 3.832745599214429433e+01
2.133476981617063188e+02 2.467652962497653424e-01 3.839152911955407177e+01
2.135619323022715150e+02 2.302704732198298798e-01 3.859945630983840914e+01
2.138152500397117706e+02 2.631662551083769896e-01 3.878792473537524188e+01
2.140006065069531758e+02 2.803650594232407478e-01 3.886944576816993902e+01
2.141852662132305056e+02 2.671229909457176199e-01 3.896648327051654093e+01
2.143583156435472006e+02 2.742783289289376092e-01 3.905436179583820433e+01
2.144849203598607801e+02 2.585741310343831478e-01 3.911830856763274511e+01
2.146444172479025099e+02 2.731519588730523251e-01 3.927275123106471000e+01
2.145977667547545877e+02 2.946071423414056700e-01 3.905398994931334755e+01
2.146094492339239537e+02 2.997985530476974247e-01 3.900674738985400580e+01
2.146065719360568380e+02 3.115604557466533642e-01 3.894273202501118902e+01
2.146229115221880477e+02 3.068419760574159771e-01 3.896084781007667885e+01
2.146255144478620593e+02 3.088708862221837270e-01 3.898718393045386676e+01
2.147482093604239708e+02 3.173583734061141692e-01 3.907864373492758148e+01
2.148937060462966997e+02 3.107842712530144991e-01 3.915446071423414054e+01
2.150018520123034307e+02 3.265570621958439612e-01 3.924832488555791343e+01
2.147969898482288613e+02 3.146796343629510995e-01 3.909430461089690567e+01
2.137856467241404346e+02 2.616247166024058268e-01 3.845892359456454557e+01
2.122532527545524204e+02 1.753599329954223240e-01 3.761330127510866816e+01
2.110431378070441326e+02 1.563849297462779342e-01 3.692712891160883260e+01
2.106474497826683319e+02 1.299188435934093000e-01 3.681969414720790468e+01
2.107850979797542266e+02 1.327311585726869692e-01 3.699593495934959009e+01
2.110122601048390720e+02 1.417385088593337006e-01 3.713261924359918709e+01
2.112729136882843193e+02 1.642622998166038406e-01 3.731434749960288144e+01
2.115298560268018377e+02 1.884395442533466081e-01 3.745450114803102082e+01
2.118782040173865369e+02 1.922121619084752042e-01 3.762681771577928913e+01
2.122323318748285033e+02 2.499277967912894027e-01 3.790211410995104302e+01
2.124213057228263324e+02 4.407897586968764769e-01 3.795671056621755923e+01
2.125540260509177131e+02 4.522303571170702696e-01 3.789578188854712693e+01
2.125414049300350996e+02 4.391796271426302023e-01 3.774890612138803192e+01
2.124426995335672643e+02 2.075878352033964369e-01 3.768855506938728439e+01
2.121711974180132643e+02 1.557928634348510477e-01 3.750899651980534344e+01
2.121712010281736980e+02 1.462981414894077847e-01 3.753553841932735224e+01
2.123284993285101621e+02 1.350127799679417817e-01 3.774649092405666551e+01
2.124929890684342126e+02 1.640926222761339426e-01 3.787605958208782653e+01
2.127933147049054980e+02 1.660023971465292014e-01 3.813875290617914970e+01
2.129429847362416695e+02 1.719230602607979830e-01 3.821630998281563762e+01
2.132618413262285344e+02 1.780531126803275022e-01 3.848138601279440962e+01
2.135675063899839756e+02 2.268516512873832158e-01 3.843054773354128173e+01
2.137557726465363999e+02 2.171980822827766500e-01 3.848607922136059756e+01
2.139789166630565092e+02 2.545993443948649237e-01 3.857907695417984684e+01
2.144721981544859943e+02 2.487472743288711707e-01 3.863357232595416235e+01
2.148634817831304531e+02 2.748415139568802235e-01 3.880971927392453580e+01
2.150045740732718116e+02 2.842640326936128892e-01 3.896614030527516803e+01
2.151996490924056786e+02 2.944338546405002033e-01 3.914344972490577135e+01
2.153376113734494481e+02 3.111741685800517021e-01 3.921441825874742193e+01
2.156566051495328509e+02 3.229432915998787235e-01 3.934307715634882641e+01
2.158165063755433266e+02 2.970801022397435154e-01 3.950106860748891791e+01
2.160122095625929717e+02 3.262104867940331387e-01 3.963866265216826434e+01
2.162384944186919711e+02 3.454851333593265128e-01 3.984040924778697246e+01
2.164663208132969316e+02 3.601857066528036388e-01 3.989077459602304998e+01
2.166894215078918080e+02 3.809730104405839590e-01 4.006916345362387943e+01
2.167971884070528006e+02 3.661063697670724482e-01 4.018690161590781429e+01
2.170600694594867832e+02 4.128940490115380890e-01 4.030889615734523090e+01
2.173475501451284515e+02 4.426850929255295997e-01 4.044335658276654044e+01
2.174791910352496132e+02 4.757505523545466630e-01 4.048493841066296994e+01
2.175483508787130518e+02 4.748299614434865479e-01 4.057375557769787378e+01
2.173467306387095732e+02 4.584506635474880354e-01 4.039541365218270386e+01
2.164825557047755069e+02 3.636297997082990618e-01 3.967116492656933957e+01
2.144022404655662797e+02 2.799101792083640294e-01 3.837621481898655418e+01
2.129805195742898718e+02 2.174616239945703078e-01 3.751269332409132318e+01
2.123050982685670647e+02 2.066852950945139988e-01 3.719784401218790038e+01
2.123547849066412425e+02 2.133207699750176989e-01 3.730134370171410296e+01
2.125560044188363804e+02 2.178190298776877531e-01 3.744878626406157451e+01
2.129983537668414044e+02 2.261801614463746779e-01 3.774338618608211249e+01
2.133823015494808715e+02 2.423067481118861000e-01 3.806150991350055790e+01
2.139013307051365302e+02 2.630507299744400673e-01 3.835893298098167747e+01
2.143097517653684463e+02 2.805780588889369986e-01 3.864995162385016414e+01
2.146364568441421454e+02 2.827730364337391333e-01 3.886042397724154540e+01
2.148152789209952402e+02 2.958634781729699847e-01 3.897907912027610422e+01
2.147336351427457544e+02 2.804625337550000763e-01 3.892367398807203216e+01
2.144067892677150553e+02 2.427760689685049544e-01 3.870859506996490751e+01
2.141232400467876857e+02 2.547112593683663051e-01 3.848460627590289818e+01
2.140510982108044971e+02 2.292885095813657903e-01 3.835038051090990763e+01
2.141849196378286990e+02 2.094217967046455575e-01 3.844254429666854378e+01
2.142117359095438189e+02 2.078658175569322308e-01 3.843532397579748761e+01
2.144947219454432457e+02 2.252198587705237509e-01 3.858786408467992146e+01
2.147894626637207693e+02 2.420251555979147651e-01 3.879718479689237398e+01
2.150282603358893141e+02 2.753505465782899453e-01 3.901425652355990792e+01
2.151661684645265495e+02 3.044664904908374048e-01 3.920411847102485581e+01
2.153184342012158936e+02 3.364922237144218897e-01 3.931786740602752417e+01
2.155861636991147918e+02 3.562722927406893891e-01 3.952749137171655747e+01
2.156525509393637492e+02 3.731353521350488922e-01 3.955427515198775268e+01
2.158021632081329813e+02 3.645251194963103902e-01 3.953336871290559884e+01
2.157908670161301927e+02 3.679222804661438917e-01 3.940579286343485421e+01
2.159912598015855849e+02 3.554852777657439011e-01 3.949768227700038636e+01
2.159856207309852891e+02 3.651244061286083586e-01 3.947945818712183552e+01
2.160562462995855526e+02 3.855290329102225577e-01 3.952018079683460883e+01
2.160695714017530804e+02 3.751209403745902615e-01 3.966077127467544727e+01
2.161905262169850914e+02 3.715468815434158079e-01 3.974091683634420491e+01
2.163478967205302581e+02 3.911392222270357877e-01 3.988134846712588200e+01
2.164684110961891008e+02 3.886482115265202375e-01 3.996558795072853343e+01
2.166590347875059592e+02 3.864496238212826174e-01 4.005595026642983925e+01
2.167253498245462140e+02 4.102405810914236950e-01 4.009722523068925426e+01
2.167077575127438536e+02 4.681511646377565228e-01 4.006186731938367274e+01
2.157671518722291921e+02 4.118904244104608092e-01 3.941285794740718273e+01
2.141757426100015778e+02 3.198746552296783952e-01 3.843541422980837297e+01
2.128155893947927098e+02 2.758090369536022046e-01 3.757253895363110274e+01
2.122029343384020024e+02 2.313571315109243520e-01 3.730847376857427378e+01
2.120360835535531123e+02 2.117214689020780194e-01 3.730823549798552818e+01
2.122060571271787239e+02 2.055011624716602536e-01 3.751602189201287985e+01
2.127326748400699046e+02 2.073567849355225368e-01 3.780048448353044677e+01
2.131430020650117569e+02 2.261476700024549202e-01 3.804457465089748780e+01
2.133927710147438859e+02 2.147395630261808852e-01 3.823262068766335631e+01
2.136656955335095063e+02 2.249671475400366882e-01 3.858739837398373851e+01
2.139934547791303885e+02 2.357182053170442937e-01 3.882271224133200604e+01
2.142242342849716294e+02 2.539747866395182796e-01 3.894287643142861555e+01
2.142448013689728441e+02 2.278552758884604956e-01 3.894143236725440005e+01
2.140070614738118877e+02 2.287975277621337455e-01 3.874505408020332453e+01
2.136316083986772298e+02 2.097864229086340571e-01 3.855526433594708635e+01
2.134973934641655546e+02 2.041870640731274222e-01 3.845937125445854576e+01
2.134890864850033836e+02 2.023892041762336003e-01 3.844153345174659364e+01
2.135881637279960614e+02 2.058982801195685108e-01 3.849547285881384795e+01
2.136876525292784095e+02 2.214725122384438860e-01 3.855152781989631450e+01
2.138529328943378118e+02 2.360575603979840897e-01 3.864908879550607423e+01
2.142131113806697442e+02 2.364041357997949400e-01 3.888003797888778479e+01
2.145317730219931036e+02 2.670507877370070227e-01 3.904050238992621047e+01
2.147567257288913822e+02 2.914590824416237180e-01 3.925454519198833481e+01
2.149709382084939762e+02 3.042932027899319936e-01 3.929799708299037064e+01
2.152901197129200455e+02 3.076073300697482749e-01 3.939472772169995096e+01
2.155628204017386622e+02 3.571856633308784224e-01 3.958285679215584452e+01
2.156712082484945654e+02 3.260047076492079143e-01 3.955057112738089842e+01
2.158359037675634227e+02 3.629908013112102538e-01 3.963637381045213459e+01
2.158957060751779693e+02 3.682652457075192287e-01 3.976478360698349235e+01
2.160851023119467413e+02 3.958649222371442011e-01 3.992574261000159197e+01
2.160489465551849264e+02 4.016556195757339243e-01 3.988177807621770654e+01
2.161437096564571334e+02 4.098145821600311933e-01 3.996217995927739253e+01
2.161940713945327843e+02 4.212624009010960680e-01 4.000605062888994468e+01
2.163704313419688390e+02 4.466237779606925806e-01 4.004215584340568057e+01
2.165087907406605154e+02 4.626528902944446742e-01 4.013653987783217048e+01
2.165187511733021495e+02 4.559488223656659178e-01 4.005447732097214697e+01
2.161822408987855511e+02 4.190385420728097166e-01 3.975423832835131321e+01
2.149708696154457073e+02 3.418605322820545966e-01 3.888732328264668325e+01
2.132028693555141672e+02 2.634225764992996210e-01 3.795217981487097347e+01
2.122578629294285975e+02 2.212089705266502004e-01 3.738962656500454784e+01
2.118349109734436695e+02 2.044072838596947272e-01 3.715622969284755328e+01
2.119976714465190923e+02 2.002411587170933871e-01 3.733524310820372705e+01
2.121717894843246768e+02 2.266386518216869650e-01 3.737929789599849784e+01
2.126154529307282530e+02 2.188623662435558725e-01 3.774443313260841393e+01
2.129063307773397469e+02 2.101835405565423420e-01 3.802671518722291921e+01
2.133495971060953877e+02 2.517689786134095775e-01 3.832890005631850272e+01
2.138327593178240704e+02 2.563177807621770943e-01 3.861018209649236610e+01
2.140452714118615347e+02 2.484548513335932685e-01 3.871637857586391362e+01
2.142183064015364948e+02 2.411875983768718701e-01 3.874232479891406200e+01
2.141436555040505993e+02 2.292271368539617882e-01 3.870875752718450968e+01
2.140406828979479883e+02 1.907969790177475589e-01 3.861343846120521306e+01
2.138823954136521763e+02 1.765982180248090172e-01 3.845520873947638307e+01
2.138302213750378939e+02 1.695800661381391683e-01 3.840222241476411114e+01
2.138974678334705288e+02 1.980822827766466065e-01 3.832996144348654610e+01
2.141574679778769337e+02 2.119922309347427314e-01 3.844544325549827590e+01
2.144063235570188795e+02 2.261404496815838383e-01 3.855447010065127245e+01
2.146820495602824508e+02 2.422128839405623124e-01 3.869626998223800740e+01
2.150058629005472994e+02 2.619063091163771340e-01 3.887286097994194733e+01
2.153003003653482494e+02 2.415630550621669648e-01 3.920808603734349873e+01
2.154344755880951254e+02 2.400467876792444777e-01 3.944841802769715144e+01
2.156808943089430954e+02 2.467977876936851001e-01 3.967667403139395788e+01
2.160343001342979790e+02 2.646825224912995322e-01 3.987314257245591875e+01
2.161180811275253006e+02 2.585705208739476624e-01 3.996893456945226575e+01
2.162452706898294537e+02 2.793830957847766583e-01 3.992842856936562157e+01
2.163526260307008044e+02 2.977552022411876220e-01 3.999658478822799168e+01
2.165434988230877025e+02 3.264559777036491472e-01 4.012077791737064558e+01
2.167324112983581017e+02 3.465068087625813864e-01 4.010958280986007196e+01
2.167920836401969780e+02 3.415897702493898569e-01 4.015963046397781966e+01
2.168479580932576596e+02 3.546332799029588978e-01 4.012833398316221434e+01
2.170056210197981272e+02 3.657597943652615702e-01 4.021905731490707581e+01
2.171797534982454749e+02 3.909731548470014029e-01 4.029023884821441470e+01
2.172581084203382034e+02 4.037928345535675700e-01 4.031361463703446901e+01
2.172986396915478906e+02 4.008902655634016265e-01 4.030683475573654562e+01
2.168773917312885260e+02 3.623229216306372846e-01 4.007095048303946783e+01
2.156767498447630942e+02 2.898561712082484698e-01 3.923288422937515207e+01
2.139911406662912157e+02 2.512166240667735306e-01 3.813302719172840227e+01
2.130031733310228219e+02 1.774105041228032087e-01 3.756470490548599628e+01
2.123518245750841231e+02 1.710457912749642484e-01 3.725813008130081272e+01
2.123618536007740261e+02 1.659879565047870653e-01 3.734809527935421158e+01
2.124938446764574280e+02 1.735404121359153118e-01 3.748227772242198341e+01
2.127943074990252512e+02 1.746126297852676479e-01 3.771015104911262483e+01
2.129651547314762752e+02 1.696089474216234128e-01 3.783696154457103944e+01
2.131958259325044480e+02 1.864792271368539700e-01 3.796910063683230163e+01
2.135434807722855339e+02 1.977754191396265682e-01 3.820879723894930180e+01
2.137997082990368085e+02 1.846163843521206049e-01 3.842167034903030753e+01
2.137367290502390063e+02 1.700060650695316977e-01 3.835682825744775926e+01
2.135030144839636534e+02 1.670998859189302410e-01 3.817793036722552102e+01
2.131894323383731091e+02 1.640709613135207801e-01 3.789551112651446374e+01
2.128463587921847306e+02 1.675403254920648788e-01 3.769805340149316208e+01
2.126807354618839270e+02 1.856741613597308327e-01 3.759291830928966505e+01
2.126873745469248718e+02 1.868402431804069286e-01 3.760305202963219529e+01
2.127661771289116075e+02 2.029487790437407013e-01 3.769632774480498227e+01
2.127935638059755377e+02 2.136890063394417116e-01 3.772312235555747861e+01
2.128815073141850291e+02 1.937861918583661802e-01 3.776029978772256612e+01
2.130118268855867996e+02 1.956165431991797599e-01 3.786744573928865520e+01
2.132448374705771812e+02 1.806813094773931649e-01 3.806459660067293527e+01
2.134237822928851074e+02 1.870929544108940190e-01 3.820450836835188824e+01
2.135676255252783449e+02 2.022050859940215661e-01 3.825026354171179577e+01
2.135711418215425397e+02 2.062556860026859562e-01 3.823664962670940781e+01
2.134549127063206697e+02 2.056816704934367190e-01 3.817098802870799545e+01
2.134154103308351011e+02 1.876380886366590117e-01 3.815061589337030057e+01
2.134726999667865357e+02 2.139056159655735034e-01 3.814521870351918409e+01
2.133851174746205857e+02 1.959161865153287441e-01 3.807241259801585898e+01
2.134809203020982125e+02 1.986490779650247618e-01 3.812020751202183533e+01
2.135561452150933519e+02 1.810387153605106103e-01 3.813246400670045944e+01
2.136507711302690211e+02 1.827102196421608871e-01 3.817637438807780370e+01
2.136196804285982580e+02 1.834900142962353209e-01 3.817330575170760909e+01
2.135352243353694632e+02 1.809484613496223637e-01 3.813326185215670705e+01
2.132190284336235777e+02 2.050896041820098603e-01 3.784433710234083037e+01
2.122605741599156772e+02 1.624788805614521547e-01 3.705719577178010127e+01
2.104798011523632226e+02 1.423269650103250461e-01 3.600256682406966036e+01
2.095287296567459521e+02 1.144456959667287665e-01 3.543662724371471029e+01
2.093021126658868809e+02 1.080773729584542792e-01 3.534684977400395667e+01
2.094087026527458875e+02 9.067278949876532435e-02 3.558978107987118733e+01
2.096586954324250200e+02 8.190009964042802015e-02 3.586403052751663978e+01
2.101200161735187635e+02 9.751765368452973426e-02 3.626890641020087003e+01
2.106136009184248223e+02 9.845990555820301193e-02 3.658531531141243676e+01
2.108777780184551318e+02 1.024888446042542117e-01 3.667288697309708567e+01
2.112503393550809392e+02 1.156442692313246340e-01 3.689846784791116363e+01
2.117237108117084858e+02 1.378395355889615870e-01 3.715190111048534760e+01
2.120752249129951394e+02 1.445327730364337482e-01 3.726200378344813657e+01
2.119133597597077312e+02 1.411103409435515432e-01 3.708504815954020728e+01
2.117869860936619943e+02 1.228862510649973289e-01 3.696785874164248042e+01
2.117742999898915457e+02 1.264603098961717964e-01 3.701449840430908722e+01
2.118201887391875573e+02 1.396554462880330305e-01 3.702437941342112993e+01
2.117809679562159602e+02 1.283953558896157310e-01 3.699958122138947658e+01
2.120539827289924801e+02 1.431897933544166723e-01 3.706387095842539026e+01
2.125454627503646350e+02 1.556520671778653941e-01 3.736931941255469525e+01
2.129855846293809236e+02 1.293737093676443073e-01 3.766378575863911493e+01
2.132119489090095215e+02 1.310379933284235021e-01 3.787749281578073379e+01
2.135276718797383353e+02 1.544751548758826754e-01 3.807567618304957335e+01
2.139905738711028391e+02 1.737389709598694543e-01 3.831867247180464631e+01
2.143481674825629284e+02 1.792047538592615175e-01 3.849453060694017381e+01
2.145340690840301079e+02 1.956743057661482488e-01 3.855169388727635038e+01
2.146480310184984717e+02 2.153821715837051787e-01 3.858739476382330480e+01
2.148515104911262199e+02 2.498303224595301020e-01 3.861911724357030096e+01
2.149607178443010014e+02 2.573827780906583484e-01 3.861082470504989317e+01
2.150625351990642571e+02 2.376785224335369595e-01 3.866142832387471628e+01
2.151413161200883906e+02 2.143171742552238968e-01 3.875344770321593302e+01
2.153090441739230982e+02 2.072629207641987492e-01 3.885965501306878167e+01
2.155648529220638636e+02 2.262379240133431668e-01 3.901976201822409251e+01
2.156341607821051696e+02 2.250068593048275001e-01 3.902479097171078593e+01
2.154085907377723856e+02 2.255989256162543866e-01 3.881839809961154941e+01
2.146260343109647692e+02 1.779050961024707944e-01 3.832425377983797432e+01
2.132395413652182583e+02 1.403305462894771094e-01 3.742633828647345240e+01
2.120658745974671149e+02 1.115431269765628369e-01 3.673601062831232156e+01
2.116380019928085687e+02 1.026152002194977569e-01 3.652209057170500728e+01
2.117111257924302095e+02 1.127633612037718946e-01 3.664403457089633065e+01
2.120141121171424743e+02 1.028570809686782522e-01 3.692169923031379852e+01
2.124250314083957960e+02 1.282762205952432399e-01 3.726218068130948069e+01
2.130523184450316876e+02 1.507458591459804598e-01 3.770467443573192412e+01
2.138230949183381711e+02 1.462331586015682416e-01 3.817010714956172990e+01
2.143360481739808563e+02 1.600672933905182838e-01 3.851487386099438481e+01
2.147122268913630592e+02 2.143893774639344940e-01 3.874066773527415819e+01
2.148440338488642567e+02 2.279022079741223616e-01 3.871372510794379451e+01
2.147398626694970289e+02 2.381550636110268682e-01 3.850880518130225738e+01
2.144388835939869296e+02 1.980570116535978753e-01 3.830192132738378774e+01
2.139860756112001638e+02 1.949992057647041699e-01 3.798108636947826255e+01
2.139051971869629938e+02 2.086997646175396126e-01 3.801350561018931984e+01
2.139341181822120177e+02 2.292885095813657903e-01 3.809213490447515227e+01
2.140830409103380418e+02 2.227685598347990681e-01 3.823930309462952692e+01
2.142674659561870953e+02 2.546823780848820884e-01 3.836416049329232436e+01
2.145536217129489103e+02 2.708883882799751897e-01 3.858077733974497647e+01
2.147910258631893612e+02 2.444475732501552312e-01 3.882748126326733740e+01
2.149296740747158765e+02 2.665922973616947633e-01 3.890326214096954516e+01
2.151671504281650300e+02 2.488375283397594173e-01 3.918493407847044807e+01
2.152859247064939439e+02 2.642240321159872174e-01 3.929024245837484841e+01
2.154596600672933846e+02 2.713216075322387177e-01 3.933947421623417284e+01
2.155165742465595144e+02 2.483609871622694809e-01 3.928304740862684241e+01
2.155459356813816783e+02 2.575596759519993006e-01 3.923534996895261884e+01
2.155655388525466094e+02 2.567365593726985140e-01 3.921977934699418000e+01
2.155970880445927094e+02 2.480180219208941717e-01 3.919550823838611109e+01
2.154976245144334257e+02 2.395774668226255955e-01 3.910720371413305685e+01
2.149775520224118850e+02 2.129092116853673056e-01 3.877902207974122462e+01
2.137114109951046146e+02 1.625907955349535639e-01 3.805230039422951904e+01
2.122409565481090112e+02 1.218681858221779407e-01 3.718497379023524019e+01
2.114028939046051221e+02 9.536238790451848080e-02 3.677276206154601823e+01
2.111314531617785235e+02 1.079221360597264895e-01 3.673486981761469394e+01
2.112983797599965214e+02 8.900850553798610176e-02 3.683291094456237857e+01
2.116160197259166296e+02 9.392915421161315837e-02 3.707115987234472954e+01
2.118456656413810890e+02 1.001639012837730464e-01 3.725811203049863707e+01
2.122679063957602352e+02 1.140594088001270767e-01 3.747970728819188935e+01
2.125979725338993944e+02 1.068571387312452214e-01 3.775526000375456448e+01
2.129122983725396807e+02 1.298105387803434041e-01 3.785291845369608410e+01
2.131260451414460988e+02 1.343304596456266486e-01 3.794086196190558979e+01
2.130972071798870786e+02 1.322329564325838702e-01 3.791563416078210480e+01
2.128595214371326563e+02 1.117850077257433322e-01 3.762322199598550299e+01
2.124475768603156780e+02 1.121965660153937255e-01 3.746394893789079816e+01
2.122589531978801176e+02 8.509148146543632496e-02 3.732102268624817754e+01
2.121590817195916259e+02 6.458938035206283901e-02 3.721995624485552412e+01
2.121931291426591031e+02 7.235844560932287728e-02 3.731844142153677524e+01
2.122113712833398438e+02 8.401204349521292081e-02 3.739556166876055698e+01
2.124923609005184062e+02 8.758971248682291544e-02 3.756936923276870743e+01
2.126250631778076183e+02 1.027596066369189515e-01 3.751654175511559686e+01
2.128833268350445564e+02 1.050628889947869266e-01 3.768100261375615645e+01
2.132152558159684475e+02 1.101712660110615305e-01 3.783034051033227740e+01
2.134521725945500918e+02 1.085358633337665524e-01 3.797751231064708577e+01
2.134943573192392705e+02 1.183338387557943128e-01 3.799878337593322897e+01
2.136631214891189643e+02 1.358792184724689212e-01 3.816117561264422875e+01
2.137402706176262370e+02 1.502620976476194692e-01 3.816451140088665284e+01
2.137386207743072077e+02 1.685547805744487260e-01 3.818704241216480000e+01
2.138282177359961906e+02 1.559986425796762444e-01 3.823298170370691196e+01
2.139001790639576086e+02 1.607243425897846856e-01 3.831695042527690021e+01
2.139782343427341971e+02 1.670493436728328340e-01 3.843327701483053715e+01
2.139023776516628459e+02 1.485183901572585952e-01 3.840090109604470570e+01
2.135613041343557370e+02 1.177273318026253041e-01 3.822483718176435730e+01
2.125986007018152009e+02 8.999407933688573225e-02 3.758885687879969595e+01
2.110399789166630455e+02 5.688890814307787785e-02 3.671271065286141067e+01
2.100096535690045982e+02 4.986353593553697477e-02 3.599048722725238036e+01
2.097074723100694484e+02 5.588167338156507791e-02 3.583518173547632557e+01
2.098460844199916266e+02 6.165793007841268575e-02 3.598981212725093570e+01
2.101000050542245958e+02 6.745945789830899708e-02 3.614438114629814436e+01
2.102414258689656208e+02 7.545596326300740841e-02 3.627238299470028693e+01
2.104654507646319814e+02 5.775534664760501730e-02 3.640616832012014470e+01
2.107854012332308002e+02 6.607315629106556842e-02 3.661399442591228848e+01
2.110828567921558374e+02 6.749555950266429571e-02 3.677810148883016694e+01
2.111591791939233644e+02 6.641251137200537835e-02 3.676221317275339828e+01
2.112641734898698758e+02 6.832950656327167749e-02 3.684701584138399255e+01
2.112015949688804142e+02 6.192508195064188453e-02 3.682257505523545404e+01
2.110344264899132156e+02 7.239093705324264882e-02 3.673911536628687458e+01
2.109806423197447032e+02 7.084939854727144437e-02 3.679709454288148862e+01
2.110089134861153184e+02 6.581683490014296478e-02 3.678724963537379722e+01
2.110951818798827446e+02 7.004072260971277997e-02 3.681609481725367772e+01
2.112270393796300425e+02 5.915247873615503416e-02 3.685144189807795101e+01
2.114806387095842410e+02 4.653135785354300946e-02 3.698716948981212482e+01
2.118248458461494010e+02 8.012029054571184750e-02 3.716646810784271082e+01
2.120503797888778195e+02 6.632586752155265886e-02 3.732735129749165992e+01
2.122214725122384493e+02 6.655330762899103192e-02 3.747347254111972603e+01
2.123611243483660473e+02 8.675576542621554754e-02 3.759853571892735147e+01
2.124807542347182050e+02 1.139835954309809524e-01 3.769749743678609377e+01
2.125931024274718766e+02 1.212761195107510542e-01 3.784656457132955154e+01
2.127494656962555553e+02 1.355976259584975863e-01 3.796132435125417004e+01
2.128201237562997221e+02 1.271751216624066871e-01 3.798992043206400382e+01
2.129555914164825481e+02 1.024816242833831575e-01 3.788603806553162912e+01
2.132027754913428339e+02 9.564037025805427472e-02 3.794913644962382193e+01
2.133578499328510247e+02 1.039978916663056446e-01 3.796120160579935998e+01
2.134978158529364975e+02 1.035863333766552652e-01 3.802465739577466763e+01
2.136025068954064352e+02 1.017812531588903752e-01 3.800682320322314922e+01
2.137604875160652114e+02 1.096658435500873635e-01 3.813125460295455582e+01
2.139665446432439353e+02 1.067813253620990971e-01 3.835826871146153394e+01
2.141006368323008360e+02 1.259260061517133711e-01 3.839197316928764536e+01
2.142509133705901831e+02 1.320343976086297277e-01 3.852181258935146957e+01
2.145086535545639777e+02 1.302906901182688537e-01 3.860309174139698740e+01
2.146905009458620270e+02 1.312473826336842397e-01 3.870491631648110342e+01
2.148590160146716812e+02 1.527567185085705326e-01 3.883351745151554724e+01
2.143944028072607466e+02 1.299296740747158674e-01 3.851427457436208357e+01
2.130597662060101811e+02 8.318170659504108000e-02 3.744446490202024336e+01
2.114758552470071891e+02 6.267238516079653987e-02 3.659151034671980796e+01
2.109041610709179793e+02 6.202977660327224640e-02 3.633247050498923869e+01
2.106829918121561320e+02 7.589640283614203231e-02 3.627197865673150545e+01
2.108495249028866851e+02 9.721801036838076393e-02 3.640571705006570369e+01
2.111485653222429164e+02 9.657901197129199755e-02 3.666535978858900791e+01
2.115227151294603516e+02 1.093264884691475675e-01 3.685047076492079299e+01
2.119096088030152032e+02 1.031386734826495732e-01 3.700367875348380409e+01
2.122526462475992446e+02 1.119763462288264066e-01 3.716308899767505380e+01
2.125205670840012147e+02 1.074167135987523225e-01 3.731418143222284556e+01
2.125634918915796732e+02 9.036953602218082693e-02 3.731066874611907735e+01
2.126003624601077320e+02 9.271975046571069579e-02 3.732262559748155439e+01
2.125721057343788232e+02 9.589308148854135128e-02 3.736674175800372666e+01
2.123439327643720560e+02 1.001061387168045713e-01 3.718140695172493793e+01
2.120658962584297171e+02 9.134788950020938936e-02 3.701722046527747523e+01
2.120214154717035626e+02 8.648500339355080779e-02 3.694846134962237727e+01
2.121140955104044963e+02 8.982440179641583422e-02 3.711148897457002960e+01
2.122999176883420773e+02 9.495443977530361457e-02 3.723340409247786909e+01
2.124533314560499093e+02 9.500859218183656252e-02 3.736116044997039864e+01
2.126653706190703019e+02 9.957905529321722793e-02 3.748762075986656583e+01
2.127950945140001977e+02 1.055863622579387429e-01 3.759872705743043042e+01
2.129983754278040067e+02 1.167995205706941625e-01 3.774288076362113742e+01
2.130754704039047454e+02 1.277852387760111952e-01 3.789574217678233481e+01
2.130887666247888035e+02 1.229548441132723990e-01 3.789224754148074226e+01
2.132140933443082247e+02 1.420886944215800918e-01 3.799010455024621535e+01
2.132313101994252520e+02 1.363124377247324770e-01 3.802775130326791952e+01
2.132086383918901333e+02 1.384496527025660950e-01 3.804061791506014600e+01
2.133136760097618776e+02 1.165901312654334387e-01 3.811006657135843056e+01
2.133428208349579052e+02 1.144023740415023999e-01 3.811220017617583267e+01
2.134295224479775754e+02 9.738407774841513487e-02 3.815495169605337367e+01
2.134345730624268924e+02 9.323239324755591695e-02 3.813100550188450200e+01
2.135373651605077328e+02 9.855376972952678560e-02 3.822584441652587373e+01
2.135471703562506320e+02 1.287130500079423645e-01 3.813087192594839081e+01
2.136437926901471371e+02 1.266011061531574500e-01 3.819306415977126079e+01
2.136957753902583477e+02 1.294639633785325539e-01 3.824085546361680343e+01
2.136796415832719731e+02 1.153482360756112046e-01 3.823284090744992625e+01
2.137455956042686580e+02 1.369947580470476101e-01 3.825518419038542106e+01
2.138085820733873277e+02 1.364279628586694271e-01 3.839987220032057991e+01
2.139372842929139722e+02 1.364965559069445111e-01 3.848792040318272001e+01
2.139705302603647681e+02 1.420562029776603341e-01 3.853352033964389278e+01
2.137244689453999342e+02 1.218248638969515740e-01 3.833857167612528372e+01
2.128582651013011002e+02 9.972707187107394955e-02 3.775261736631576071e+01
2.113617561264422591e+02 7.509494721945443596e-02 3.679493205678060264e+01
2.106405904778408456e+02 5.486360813874568282e-02 3.641441031639445924e+01
2.104525733223584325e+02 5.721743274271108570e-02 3.629162875998209614e+01
2.105087618593770173e+02 6.312365521523775891e-02 3.633044520498491181e+01
2.108120478274054506e+02 6.120666002397146671e-02 3.654756747389853899e+01
2.109989530534736843e+02 7.086022902857802563e-02 3.672092376785224133e+01
2.111417782206241327e+02 7.047033170154082260e-02 3.684834799058469912e+01
2.113180334734075529e+02 6.727894987653251779e-02 3.696056982772314115e+01
2.115382965819001129e+02 8.016000231050267322e-02 3.707854626059582159e+01
2.116778220624124458e+02 7.950656327167179849e-02 3.722145085127583286e+01
2.117312091149330797e+02 8.656803708356800020e-02 3.718657309130817623e+01
2.116004166125142660e+02 6.965443544311109014e-02 3.710327946973963265e+01
2.115019458764747640e+02 9.439847506823202672e-02 3.705883478461782943e+01
2.114318437811376441e+02 8.386763707779174015e-02 3.700687735562968328e+01
2.114022079741223763e+02 9.737324726710855360e-02 3.697299238978180114e+01
2.114160601597135098e+02 6.687100174731765156e-02 3.696442547906828935e+01
2.115687699461363991e+02 7.812387182486389692e-02 3.705476613380698581e+01
2.118210299065690378e+02 7.461479588152897247e-02 3.724835737700183103e+01
2.120440908893991150e+02 8.427919536744213347e-02 3.729135077762855843e+01
2.121973602506895418e+02 8.776300018772834055e-02 3.745044332770148543e+01
2.122936865514303406e+02 1.104023162789354306e-01 3.744306054961082708e+01
2.124607178443010014e+02 1.345362387904518453e-01 3.747966035610622271e+01
2.125241591936345742e+02 1.451537206313448514e-01 3.749580860373435343e+01
2.125901637568773594e+02 1.610420367081113191e-01 3.749653785614232504e+01
2.127054109084607774e+02 1.423630666146803447e-01 3.759569813282502082e+01
2.127950223107914951e+02 1.155106932952100346e-01 3.761672009704111019e+01
2.129748010801600060e+02 1.075033574492050420e-01 3.777343716154745579e+01
2.130806004418836324e+02 1.056296841831650957e-01 3.784508079539054393e+01
2.132238913197302566e+02 1.130738350012274601e-01 3.792193750090253701e+01
2.134028180912359858e+02 1.246227382344871348e-01 3.805300798567488130e+01
2.135688746407890335e+02 1.159511328683446724e-01 3.810087510288957446e+01
2.138308314921515034e+02 1.334351398576152647e-01 3.819881153518462469e+01
2.139967833470519452e+02 1.315614665915753323e-01 3.826257418879694683e+01
2.141675836474173025e+02 1.413702724949096601e-01 3.836258285318199768e+01
2.144351326372944015e+02 1.540888677092810133e-01 3.858923955580586096e+01
2.146120377189562305e+02 1.739194789816459474e-01 3.874546563849297343e+01
2.147458591459804609e+02 1.880893586911002446e-01 3.880749180493581463e+01
2.148755216681829268e+02 2.108730811997285293e-01 3.894203887420756871e+01
2.150230617048621582e+02 1.968548282285664808e-01 3.904220638565178092e+01
2.152524765700587750e+02 2.084326127453104138e-01 3.919065979292119550e+01
2.154948410807376149e+02 2.120030614160493265e-01 3.922890944273563463e+01
2.156867788704529971e+02 2.037827261043480831e-01 3.928229649525624723e+01
2.152918237086456088e+02 1.898402865023321728e-01 3.889312481046657410e+01
2.138919117965602368e+02 1.199475804704761145e-01 3.797206818871030976e+01
2.123422648702508297e+02 9.503386330488526601e-02 3.703998974714436088e+01
2.120473905760372020e+02 1.023697093098817346e-01 3.682197937876359362e+01
2.120557011653597783e+02 1.067091221533884998e-01 3.679150601452728608e+01
2.121811181388900991e+02 1.228645901023841525e-01 3.693320842178226115e+01
2.125020000288812696e+02 1.316047885168016851e-01 3.706517422634262005e+01
2.129821802480902306e+02 1.577242992678594691e-01 3.742172450143684159e+01
2.133782617799535046e+02 1.374207569784401117e-01 3.785231555690334915e+01
2.136333196147236890e+02 1.319080419933861825e-01 3.802742277866828147e+01
2.139140890121157099e+02 1.200594954439775236e-01 3.814614290459068258e+01
2.140961602333607630e+02 1.167598088059033368e-01 3.831541971725223306e+01
2.141510960447082255e+02 1.196371066730205490e-01 3.830669395947955991e+01
2.139498512613900516e+02 1.053480916691937747e-01 3.805019206053516712e+01
2.138561603777671962e+02 1.087380323181562219e-01 3.790651489552195841e+01
2.137226710855030376e+02 1.098860633366546824e-01 3.779079481292148301e+01
2.137681157850654756e+02 1.069473927421334541e-01 3.780648818033473191e+01
2.138059430461089789e+02 1.151135756473017635e-01 3.782781339802740916e+01
2.139611185721093420e+02 1.320307874481941868e-01 3.803124593856951208e+01
2.142147612239888019e+02 1.574607575560657835e-01 3.820583690739216109e+01
2.145073863882510921e+02 1.473486981761469583e-01 3.843742147901052419e+01
2.148160587156493193e+02 1.701360308452107561e-01 3.866236335542751590e+01
2.150560080289968141e+02 1.714284682811304250e-01 3.882952822423428785e+01
2.153542722638594000e+02 1.848690955826076954e-01 3.890397695273578194e+01
2.156009148146543737e+02 1.998945833152825369e-01 3.902976938295137899e+01
2.157331333304452130e+02 2.117720111481754264e-01 3.905410547444728309e+01
2.158762220393074358e+02 2.176349116954757468e-01 3.910416756920677273e+01
2.159445912576354942e+02 2.263534491472801169e-01 3.911791506014527187e+01
2.159846026657424716e+02 2.185157908417449946e-01 3.918866337420035251e+01
2.159944150818062383e+02 2.178370806798654025e-01 3.915948966772083395e+01
2.160412677439385334e+02 2.188190443183295197e-01 3.923790957270141178e+01
2.160856618868142505e+02 2.166565582174471705e-01 3.926636846741469355e+01
2.161927717367759954e+02 2.341513956880243719e-01 3.936817138153619311e+01
2.162789679273346906e+02 2.449927074759202239e-01 3.939130167944663441e+01
2.164051069329520942e+02 2.435955753873702279e-01 3.944257678811246137e+01
2.164384756458576931e+02 2.444114716457999326e-01 3.944236378864676595e+01
2.166178645178991644e+02 2.526967898453407191e-01 3.943093402070788045e+01
2.166716198067842072e+02 2.664190096607893521e-01 3.950583040910338184e+01
2.167157106961833506e+02 2.948093113257952980e-01 3.960069459486779664e+01
2.163523985905933671e+02 2.852459963320769787e-01 3.941555473725252057e+01
2.154705735822900010e+02 2.415052924951984759e-01 3.897119091972447080e+01
2.141154854221721564e+02 2.012086817138153683e-01 3.804952418085459698e+01
2.130638095856979817e+02 1.617640687952172640e-01 3.745721598867853430e+01
2.127191656197201439e+02 1.576701468613265211e-01 3.722621626305073050e+01
2.128550628889947802e+02 1.490346430995393434e-01 3.744466346084419683e+01
2.130871095611489068e+02 1.603561062253606451e-01 3.762435919652269689e+01
2.133773845109676586e+02 1.698399976894973129e-01 3.782897225952721243e+01
2.137038982512382859e+02 1.792155843405680848e-01 3.803271527386677064e+01
2.140892323354849793e+02 1.714537394041791285e-01 3.835983913125099320e+01
2.144626420598131347e+02 1.818112896937139900e-01 3.869086196190558979e+01
2.146246335687157796e+02 1.613380698638247346e-01 3.881643417233461690e+01
2.145760733006974874e+02 1.532657511299802267e-01 3.872710436251787058e+01
2.144617286892229515e+02 1.438107409493277755e-01 3.863624023451602341e+01
2.142293534924692153e+02 1.749844763101272294e-01 3.827363933053185008e+01
2.139023704313419785e+02 1.579734003379110185e-01 3.808267989429450040e+01
2.137798885182457411e+02 1.586557206602261516e-01 3.800113720053719391e+01
2.136983710956114919e+02 1.583199757397218688e-01 3.791470995971060631e+01
2.137735021444352981e+02 1.625258126471140485e-01 3.800140435240942338e+01
2.139077098586261059e+02 1.706342329853138551e-01 3.823109719995956368e+01
2.141495942179670351e+02 1.717497725598925717e-01 3.851164276740458092e+01
2.143454598622362823e+02 1.672695634594001390e-01 3.872479024967869776e+01
2.146002324943320616e+02 1.816741035971638496e-01 3.892358373406113969e+01
2.147822495631705806e+02 1.875189533422865207e-01 3.907908417450071425e+01
2.149550679432194045e+02 1.761036260451414592e-01 3.914409594362373213e+01
2.152036455400077841e+02 1.693129142659099695e-01 3.925937558665106764e+01
2.153594528440843874e+02 1.798690233793989735e-01 3.932060390763765412e+01
2.155120579358546706e+02 1.848474346199945051e-01 3.935036607026816569e+01
2.156496736414966335e+02 1.909341651142976715e-01 3.945269606781325678e+01
2.157073712255772762e+02 2.494909673785903059e-01 3.929311614608153036e+01
2.157789426562116546e+02 3.026289188291527710e-01 3.920743620846510424e+01
2.156727931089257595e+02 2.785671995263469536e-01 3.909282083495790516e+01
2.157961522910078145e+02 3.083907348842582774e-01 3.918298820199569832e+01
2.157823867492671468e+02 2.933941284350676804e-01 3.918425175814812889e+01
2.157899789166630455e+02 2.776068968504960544e-01 3.928895363109936767e+01
2.158378279830755559e+02 2.557148839694435849e-01 3.941191930569394231e+01
2.160050578347701844e+02 2.542022267469566388e-01 3.950098918395933367e+01
2.161866633453190616e+02 2.597149417320105957e-01 3.968612904157460974e+01
2.162435630839434566e+02 2.748342936360091970e-01 3.970524123092030067e+01
2.160135272711519292e+02 2.636355759649958719e-01 3.958059322156276494e+01
2.152219887651807255e+02 2.288047480830047997e-01 3.893285101589914632e+01
2.135371052289563636e+02 1.593055495386214993e-01 3.785377045155886577e+01
2.124937977443717614e+02 1.385543473551964777e-01 3.724502519891984065e+01
2.121560780661092451e+02 1.235974526707966925e-01 3.706901543704601920e+01
2.121313087553610899e+02 1.430923190226573716e-01 3.711785368741787039e+01
2.123337232306603823e+02 1.430381666161244236e-01 3.734636240234515725e+01
2.126407060029747811e+02 1.304026050917702906e-01 3.759977400395673897e+01
2.129085618564889160e+02 1.286191858366185770e-01 3.774210096896705835e+01
2.131698616586521098e+02 1.441392655489610042e-01 3.793362359023235086e+01
2.133797130644485947e+02 1.438468425536830742e-01 3.803498967494115135e+01
2.136328105821022803e+02 1.750061372727403919e-01 3.817475342604225119e+01
2.137123207555343640e+02 1.494425912287541958e-01 3.817643937096564599e+01
2.137563755433291419e+02 1.618832040895897550e-01 3.816126225649468040e+01
2.134478620629900831e+02 1.525581596846163901e-01 3.793824098542939538e+01
2.132116059437681486e+02 1.287094398475068235e-01 3.777131438721136902e+01
