2.404071797266101100e+02 1.673566259435063319e+00 5.706299120690997029e+01
2.406341918916815814e+02 1.705373122714185730e+00 5.727621715560397320e+01
2.406469989365289450e+02 1.721876377973179828e+00 5.730981376287189022e+01
2.409822322517054545e+02 1.810507612896532059e+00 5.771364744637252642e+01
2.411414805592301605e+02 1.898587658547972845e+00 5.785861670946488999e+01
2.411237971104712869e+02 1.887012683837833604e+00 5.783488314787435769e+01
2.406395027624309364e+02 1.775743781288096956e+00 5.730200632894975854e+01
2.396495862838170865e+02 1.504727258579098947e+00 5.624386558763261235e+01
2.385388361476409216e+02 1.333450055767385178e+00 5.519979638419837897e+01
2.379504967188026967e+02 1.261827873317251658e+00 5.469161284465540973e+01
2.377972142245739633e+02 1.277300080408787952e+00 5.456459938266801402e+01
2.378214341296397265e+02 1.262301247633128343e+00 5.463615023474178400e+01
2.380391733457837233e+02 1.173605166913080700e+00 5.495898503359012466e+01
2.383444154799885837e+02 1.176815033849505809e+00 5.540660908359920001e+01
2.386908217259357343e+02 1.171030788784271026e+00 5.591953285088060710e+01
2.389726285892148496e+02 1.239598734210048514e+00 5.624833994760459888e+01
2.391482439758254941e+02 1.249876792986278629e+00 5.643901901278758970e+01
2.391575688013902834e+02 1.368680777112027513e+00 5.627622364018364465e+01
2.390268850673099337e+02 1.371060617850750951e+00 5.607099966280186010e+01
2.387689803646927658e+02 1.278908256166835233e+00 5.577467382564262266e+01
2.385435828599590309e+02 1.310176899333385103e+00 5.542745052265711792e+01
2.383822854252587433e+02 1.270964646071641724e+00 5.535223588307005826e+01
2.384584857209555651e+02 1.210061473815267297e+00 5.535775426036884284e+01
2.385989352320182491e+02 1.206903483516198472e+00 5.536970534069981653e+01
2.388394547765413733e+02 1.254629989884055608e+00 5.565474152465436930e+01
2.390771924363862695e+02 1.291961715041630931e+00 5.599630378958836019e+01
2.393613207791870821e+02 1.314755012580084648e+00 5.619673566259434949e+01
2.395819261795450359e+02 1.412840764661634552e+00 5.647875651700256583e+01
2.397021373174590906e+02 1.534861100303478221e+00 5.658595310351982732e+01
2.397949770445879665e+02 1.595647550125800951e+00 5.669693019998443617e+01
2.399099875496070240e+02 1.652770212434830022e+00 5.686828521775218803e+01
2.400162244183331950e+02 1.694757865795139207e+00 5.695671543070578480e+01
2.401042655565066184e+02 1.704426374082431916e+00 5.704019790937151413e+01
2.401880787487355065e+02 1.656615568178870568e+00 5.705918475864394424e+01
2.401939343241770928e+02 1.669241044795476414e+00 5.710958291183565194e+01
2.402508819028350615e+02 1.693804632583715941e+00 5.713157860607475413e+01
2.403032124607682931e+02 1.706507924156356104e+00 5.720335641843695385e+01
2.403174266594039352e+02 1.846626721655902248e+00 5.720714341296397265e+01
2.403559515472207124e+02 1.913106632428086096e+00 5.726689881461883402e+01
2.401170336938759533e+02 1.848675848831478730e+00 5.697148081861333679e+01
2.394801507016315156e+02 1.704802479703265705e+00 5.622549477342878532e+01
2.385750395559359731e+02 1.534679532072731112e+00 5.531072808860529477e+01
2.380085466760044710e+02 1.245032811973127984e+00 5.471292117344953709e+01
2.377113648743288365e+02 1.180828988664954782e+00 5.449281508572614285e+01
2.375736194329883517e+02 1.139716753560034324e+00 5.442731434648406008e+01
2.376643127642466311e+02 1.124821674059087506e+00 5.437647524187482162e+01
2.378487212408891764e+02 1.161446580032682308e+00 5.456688843929136823e+01
2.380790275724327500e+02 1.109070630041760763e+00 5.507674500038907439e+01
2.382729813503488572e+02 1.129412756465125955e+00 5.533786605452234397e+01
2.385874251031048061e+02 1.174415739371774015e+00 5.579719477083495605e+01
2.388199037688376904e+02 1.178364848390527353e+00 5.621214950846886182e+01
2.388849311337638994e+02 1.251076440225144637e+00 5.614194744896635569e+01
2.387831102637927074e+02 1.250201021969755910e+00 5.588754441937073381e+01
2.386682035120483363e+02 1.285931055948953405e+00 5.561778590511762843e+01
2.385738399086971242e+02 1.292636111327263748e+00 5.537334318989442750e+01
2.385022177262469825e+02 1.303452390216066181e+00 5.532652452468030901e+01
2.384101496640987818e+02 1.244838274583041526e+00 5.526180193499857296e+01
2.385276113402329372e+02 1.240954011360983600e+00 5.532292558296371254e+01
2.387306954063237754e+02 1.244766944206676440e+00 5.545651440873602667e+01
2.390026781314035134e+02 1.297856197961248181e+00 5.590252379840738683e+01
2.392009441547998847e+02 1.313691541514279137e+00 5.604710398671958416e+01
2.393234702876559652e+02 1.312452986797395749e+00 5.630880216844344233e+01
2.394039763442533797e+02 1.418462895235130805e+00 5.636805177288407975e+01
2.395247710943376660e+02 1.490889165564288188e+00 5.647932716001349007e+01
2.395752989391227743e+02 1.522650636785723544e+00 5.654476305345887255e+01
2.396420771405597350e+02 1.468549788602702799e+00 5.667256763416595078e+01
2.395704225352112644e+02 1.490013747308899461e+00 5.661964697948278769e+01
2.396549230928851273e+02 1.465424221201981680e+00 5.665590226441521793e+01
2.398150338495058804e+02 1.499552564002801347e+00 5.684547895105439608e+01
2.400013098850932352e+02 1.520167042772287536e+00 5.700868933675719319e+01
2.399517871501569175e+02 1.465391798303633974e+00 5.704547635722252608e+01
2.399118097164941901e+02 1.480552745571032114e+00 5.700359245713692502e+01
2.399093001841620492e+02 1.542234067387751928e+00 5.687926361113272833e+01
2.400439006043628183e+02 1.551999844370087978e+00 5.704890669986771456e+01
2.400746893886338285e+02 1.574656965735480973e+00 5.705137084014214111e+01
2.398247347806915286e+02 1.508637460119835128e+00 5.669362954893264117e+01
2.389374886519855750e+02 1.342541436464088411e+00 5.565402173631105143e+01
2.378087178689077348e+02 1.137719503021814127e+00 5.461095115814593015e+01
2.371348533188078704e+02 1.041397556610380581e+00 5.404091121313516766e+01
2.369509895468575849e+02 1.049256867169870100e+00 5.397210982284128278e+01
2.370345822633777004e+02 1.112838170829766771e+00 5.404334941509091550e+01
2.372086218971286371e+02 1.284322880190906124e+00 5.428073042305397422e+01
2.374654501595206568e+02 1.318503099629082076e+00 5.455994993904494805e+01
2.377905545612533444e+02 1.740830804347262228e+00 5.481471610510206460e+01
2.378157536378491841e+02 1.708090161595725354e+00 5.469487458822919024e+01
2.378692125126449355e+02 1.144210567271029433e+00 5.468765725105698294e+01
2.380636720877752737e+02 1.035944025108292532e+00 5.485189220034757085e+01
2.382845887479573435e+02 1.196417918190542995e+00 5.511389515731590194e+01
2.383997678520478303e+02 1.205126708686742987e+00 5.527000492828054945e+01
2.383870969833735387e+02 1.241524654371903624e+00 5.529592379321972118e+01
2.382926036884289260e+02 1.227368816953285036e+00 5.518670401784556390e+01
2.382176808549269822e+02 1.243372759577724196e+00 5.516743833164733957e+01
2.382755233055793269e+02 1.260375327471273232e+00 5.528723445646253509e+01
2.383373408035691057e+02 1.264415220605400458e+00 5.521336212486706785e+01
2.384929123544211791e+02 1.260628226078385650e+00 5.530777760485565153e+01
2.386853617098539644e+02 1.275490882680984539e+00 5.551280056026768506e+01
2.389879451663943257e+02 1.358298965061084829e+00 5.588593624361269008e+01
2.391787539231706887e+02 1.403710476486914160e+00 5.596567063522942220e+01
2.393441171893237822e+02 1.458946126112105501e+00 5.613439291365133954e+01
2.395157186211189924e+02 1.461980909397452955e+00 5.623031930070293072e+01
2.396293803335667860e+02 1.519576946022358932e+00 5.624263351749539908e+01
2.397761847327056159e+02 1.563425673747827593e+00 5.643982310066661512e+01
2.398539672658418169e+02 1.602942702254039897e+00 5.642361165149274882e+01
2.399479612481518984e+02 1.594811039348429382e+00 5.656875599823619183e+01
2.400728477680076764e+02 1.632655046299898771e+00 5.654174123933286467e+01
2.402543316992192501e+02 1.723588307005939901e+00 5.672999507171945055e+01
2.402922600057064244e+02 1.723231655124114914e+00 5.683829403678053893e+01
2.402582094778616408e+02 1.718945347962545167e+00 5.686733846912043333e+01
2.403124270484787246e+02 1.736440743910979689e+00 5.700453920576867972e+01
2.404302777993930533e+02 1.763773247218115348e+00 5.713867273623323939e+01
2.405685095842087549e+02 1.799561642414338802e+00 5.726851995953622065e+01
2.405954984047934033e+02 1.844428449147926141e+00 5.732171945114517797e+01
2.403737646875729581e+02 1.710671024304204701e+00 5.718764428189764715e+01
2.395644048452779202e+02 1.464950846886104774e+00 5.634777449225741464e+01
2.386209374108370298e+02 1.262832983166031209e+00 5.545704614426892931e+01
2.381732614841905900e+02 1.168352657380748560e+00 5.509210048504655788e+01
2.379782377506290061e+02 1.164662931548777092e+00 5.491431924882628834e+01
2.379865444971856903e+02 1.139269317562835671e+00 5.477504993126345312e+01
2.380554496407542899e+02 1.192786553575597264e+00 5.488399735429149473e+01
2.383009558270432819e+02 1.173028039322491223e+00 5.507858013643555495e+01
2.385797992374134253e+02 1.208628381708297672e+00 5.526850050579721341e+01
2.387523603869997260e+02 1.238814100070033453e+00 5.543458356029362477e+01
2.389641143361087359e+02 1.218478458226337713e+00 5.575689959276839858e+01
2.392205211008222534e+02 1.261607397608486947e+00 5.606819832438461049e+01
2.393258890358727058e+02 1.284627655435374605e+00 5.617711332451430195e+01
2.393172904832308632e+02 1.216500661427126317e+00 5.613384820895909399e+01
2.391559152335745466e+02 1.209685368194433730e+00 5.601339065701760944e+01
2.390879309003190372e+02 1.302356496251912965e+00 5.573805540424869776e+01
2.390123336705314898e+02 1.326090057842450598e+00 5.559729463336186228e+01
2.390095971779109334e+02 1.366968848079267440e+00 5.560503073690763642e+01
2.390979560604881726e+02 1.426127668404534088e+00 5.565385313723964344e+01
2.393753404404326375e+02 1.469528960132804096e+00 5.592132907944907316e+01
2.396064314061162577e+02 1.637122921692215849e+00 5.625148496874432880e+01
2.398788421134541977e+02 1.724664747231084538e+00 5.652290353539283529e+01
2.400570383627733122e+02 1.761873265374938491e+00 5.664430135138640310e+01
2.401920602806526119e+02 1.833651077737141089e+00 5.682990299068814011e+01
2.403604648146707063e+02 1.925012320701372071e+00 5.704437397867869919e+01
2.404814541021451078e+02 1.814190854148834076e+00 5.707548699193318242e+01
2.405984942806007325e+02 1.793381837989261429e+00 5.709455814074132007e+01
2.407319858376779962e+02 1.831971571602728721e+00 5.718131533214017281e+01
2.408463867922081363e+02 1.867234715845718984e+00 5.724097994967966230e+01
2.408556013799185678e+02 1.888186392758021359e+00 5.728331128576245845e+01
2.408808393639924361e+02 1.891052576971960608e+00 5.740562342748943081e+01
2.409549062329779758e+02 1.966500661427126317e+00 5.745673488444479204e+01
2.410219438176017377e+02 1.975319689777708554e+00 5.752082198531891066e+01
2.410533486369413652e+02 2.058445516561616451e+00 5.767807304230539955e+01
2.409375145903042608e+02 1.959438954166990987e+00 5.744615205042408945e+01
2.406550138770004992e+02 1.791332710813684947e+00 5.725116722434052008e+01
2.399749500687365469e+02 1.544639846445153397e+00 5.652110730682436923e+01
2.393119277358441650e+02 1.390695925090135621e+00 5.595486084092028989e+01
2.389466643322179777e+02 1.309372811454361463e+00 5.557811324669934550e+01
2.388535327990039718e+02 1.297116955878919953e+00 5.549033149171270907e+01
2.389370152776697012e+02 1.327134075169247529e+00 5.553134645812258441e+01
2.392250992140689334e+02 1.444615205042409256e+00 5.580704484735299786e+01
2.394797745960106852e+02 1.540230332269862279e+00 5.619088008715274896e+01
2.397584234689907419e+02 1.644048452779290903e+00 5.645269499131066482e+01
2.399728620340829366e+02 1.693765725105698561e+00 5.672991725676341446e+01
2.401672502788369172e+02 1.749377480351723690e+00 5.691714004098254520e+01
2.402959951235961000e+02 1.736213783622545526e+00 5.700018156823074378e+01
2.402304230539776313e+02 1.698103908904624815e+00 5.691424791844992370e+01
2.401139016418955805e+02 1.701002516016911770e+00 5.679573574040930595e+01
2.398940160298809303e+02 1.602294244287085334e+00 5.649308743807226563e+01
2.397551876637356258e+02 1.537351178896583903e+00 5.624497445075610358e+01
2.397663281716079098e+02 1.536488729800534303e+00 5.619130806941094392e+01
2.398354667600446248e+02 1.581874302907685603e+00 5.616084999870308536e+01
2.399693084844240332e+02 1.572452208647835414e+00 5.641116774310689408e+01
2.400874769797421777e+02 1.665823671309625720e+00 5.650419552304619941e+01
2.403227634684719760e+02 1.722862034082950800e+00 5.678701398075376972e+01
2.405164578632013104e+02 1.759564755012580139e+00 5.697306954063237328e+01
2.406454231836692372e+02 1.798284180219438255e+00 5.712554146240240982e+01
2.407182255596192135e+02 1.802045236427774810e+00 5.725020102196975813e+01
2.408512113194822746e+02 1.854939952792260094e+00 5.745617721059321070e+01
2.409028545119705313e+02 1.931853552252742912e+00 5.748360698259538992e+01
2.409116022099447605e+02 1.908736025730812136e+00 5.746853681944336500e+01
2.408806253728633351e+02 1.930556636318833785e+00 5.738691541514278782e+01
2.408523655746634518e+02 1.966260731979353027e+00 5.733536300676990294e+01
2.409729528181983369e+02 1.933435789692112161e+00 5.755480118278732959e+01
2.410450354058050095e+02 1.931788706456047500e+00 5.766075921458771347e+01
2.410402886934869002e+02 1.920738982699141451e+00 5.760877882395663363e+01
2.408294685238502950e+02 1.820422535211267512e+00 5.732966306124036748e+01
2.402188545638471737e+02 1.638212331076699613e+00 5.659816356703758800e+01
2.393683370943895454e+02 1.421465255622130552e+00 5.574766555131896695e+01
2.388464516380048224e+02 1.343170440692034395e+00 5.539830882162218018e+01
2.385914714808186261e+02 1.289283583638108688e+00 5.518697637019168667e+01
2.385673488444479062e+02 1.276191217285295609e+00 5.518553679350504382e+01
2.387271224029258292e+02 1.332613544990013832e+00 5.539592898088346118e+01
2.390072367909112074e+02 1.358947423028039392e+00 5.574173864550100177e+01
2.392357144709880004e+02 1.375645215677119726e+00 5.614593546546312552e+01
2.394443428526962805e+02 1.420142401369543173e+00 5.649504578113246822e+01
2.397188805021658595e+02 1.339448291961714999e+00 5.674644645034108947e+01
2.399076920084040125e+02 1.445354447124737485e+00 5.688902290353539115e+01
2.400367351438279684e+02 1.464963816045443901e+00 5.703445905636396418e+01
2.399388698674551961e+02 1.516918268357845045e+00 5.679656576660701006e+01
2.397317459082302378e+02 1.541877415505926940e+00 5.642197753741602639e+01
2.396212681244001885e+02 1.552395403729930123e+00 5.634112779809612448e+01
2.395941301584831251e+02 1.603001063471065857e+00 5.629975617980442593e+01
2.396683785956994370e+02 1.637038622156511858e+00 5.633358623194044412e+01
2.398389165564288135e+02 1.629211734495370045e+00 5.663499597956060683e+01
2.400817835187923208e+02 1.622487225378050901e+00 5.677226804658521786e+01
2.402029867973957948e+02 1.675038259020050324e+00 5.702560112053537011e+01
2.404426309236635291e+02 1.728873239436619746e+00 5.732135631468368331e+01
2.406160156148678482e+02 1.785412289575389666e+00 5.756330246673410755e+01
2.407671906207039569e+02 1.799827510180790124e+00 5.759102404482141679e+01
2.409100588799834100e+02 1.787383601794931609e+00 5.769400565455347163e+01
2.409479936710502557e+02 1.906472907426140617e+00 5.763627344175550604e+01
2.410184875366378776e+02 1.893218426581589009e+00 5.777385028402459000e+01
2.410451586128187103e+02 1.888971026898036421e+00 5.776131559152335626e+01
2.410314631805566421e+02 1.899625191295100324e+00 5.771908800871527490e+01
2.410782429382927319e+02 1.925349518844188479e+00 5.775634840349648869e+01
2.411679376442818921e+02 2.005900967499286480e+00 5.784488236972479314e+01
2.412948408684149229e+02 2.011801934998573405e+00 5.797502139911291152e+01
2.413231784815708352e+02 2.082107747775788997e+00 5.801956397686301869e+01
2.413394093844837016e+02 2.136513371203278666e+00 5.791266568101055867e+01
2.413171218841594623e+02 2.179493165253028497e+00 5.784032371021710617e+01
2.412961183306098008e+02 2.196949653723445639e+00 5.774859933079137875e+01
2.409451274868362987e+02 2.082042901979093585e+00 5.735232666718543015e+01
2.400592301507016373e+02 1.804379685108811193e+00 5.633062926361112943e+01
2.391550398153191850e+02 1.577724171919176133e+00 5.563014551396778273e+01
2.386551565377532143e+02 1.418508287292817638e+00 5.522762171556039590e+01
2.384946502217726163e+02 1.404806370451067377e+00 5.515063678572354888e+01
2.384658003268228015e+02 1.394482919617150429e+00 5.511303270821985478e+01
2.386173838611781264e+02 1.457208258760667174e+00 5.542807304230539955e+01
2.389165629133919424e+02 1.380573496225974583e+00 5.566395611236479368e+01
2.392624503929655191e+02 1.416368376001867491e+00 5.602101003812932589e+01
2.395415856094207925e+02 1.485785801364355452e+00 5.631296526859129159e+01
2.398588696080720126e+02 1.495545093767022049e+00 5.668315695276632482e+01
2.399904222758280810e+02 1.571901019375923969e+00 5.671685082872928518e+01
2.399709231447617697e+02 1.551656161647601895e+00 5.670539906103286398e+01
2.399434933727595762e+02 1.581400928591808697e+00 5.663585194407698253e+01
2.398674746452934983e+02 1.513870515913158465e+00 5.658260706041034638e+01
2.398174590823022925e+02 1.482420304515861265e+00 5.645732498119471643e+01
2.398376520633932500e+02 1.484385132155733755e+00 5.657247166238684599e+01
2.399168222965787436e+02 1.732297097502139893e+00 5.629989884055715521e+01
2.400671348533188052e+02 1.884010323450833857e+00 5.632707571395221890e+01
2.403077322127979585e+02 2.005693460949861340e+00 5.652019946567063613e+01
2.404953116488989053e+02 2.014544912198791060e+00 5.674691982465696327e+01
2.406517780717453832e+02 2.126741109641272942e+00 5.685520582055870875e+01
2.408348766632946933e+02 2.004318730059917453e+00 5.718061499753586219e+01
2.409306474204342123e+02 1.963718776748891059e+00 5.729745415402173592e+01
2.410862384250253001e+02 1.950996031437242317e+00 5.737141726973257505e+01
2.412424519492646482e+02 2.013500894871994351e+00 5.753320753248774366e+01
2.412826563432158196e+02 2.037202033564184500e+00 5.759598474826862002e+01
2.413647251835135989e+02 2.066616086945244124e+00 5.778617746997639415e+01
2.414088397790055183e+02 2.105303089253754756e+00 5.777976422068321227e+01
2.414610600990843636e+02 2.056299120690996851e+00 5.772678520478302744e+01
2.414986706611677505e+02 2.097515109070629880e+00 5.776158794386947903e+01
2.415090395040593592e+02 2.059197727803283584e+00 5.782092184784582400e+01
2.415361839545560656e+02 2.013559256089020089e+00 5.790688143594532278e+01
2.415769460223588396e+02 2.030198687521074685e+00 5.797199958498690364e+01
2.417153334370865991e+02 2.025257437812880923e+00 5.822584494073094419e+01
2.418327432365834113e+02 2.032837911446580215e+00 5.825105698648613384e+01
2.418187949057142134e+02 2.014843202863590310e+00 5.822742069359064487e+01
2.415233250330713588e+02 2.036248800352761013e+00 5.755947008014940280e+01
2.409145916011724182e+02 1.862520426425959164e+00 5.689537130703187984e+01
2.402200477265063796e+02 1.673443052421341948e+00 5.614271262936736662e+01
2.397459147148081797e+02 1.561817497989780312e+00 5.561300676990117609e+01
2.396433610873343127e+02 1.576018727466085734e+00 5.565361969237154227e+01
2.397019427800690039e+02 1.533337224081135153e+00 5.579072964490441677e+01
2.399337600186755992e+02 1.559398749773039716e+00 5.611421290171971066e+01
2.401988561201463028e+02 1.548186911524394915e+00 5.647740123985163052e+01
2.405535561434907663e+02 1.665655072238217516e+00 5.681874951365652748e+01
2.407462389437916670e+02 1.755382201125722963e+00 5.703087956838637496e+01
2.408701787150156974e+02 1.813276528415428190e+00 5.722284906492361500e+01
2.409520919254013904e+02 1.856256322465177799e+00 5.732533136202111734e+01
2.408925699686146231e+02 1.913683760018675573e+00 5.720358986330506212e+01
2.406919565273778971e+02 1.850420200762586509e+00 5.698383394288381965e+01
2.405324618058257329e+02 1.777611340232926107e+00 5.682632350271055088e+01
2.404375534977822610e+02 1.762191009778746098e+00 5.661011464736855459e+01
2.405100835213861501e+02 1.834435711877156150e+00 5.669698207662179357e+01
2.405797279070370678e+02 1.860354576816330763e+00 5.679652685912898846e+01
2.407344434933727655e+02 1.862371281093559539e+00 5.696426996602080095e+01
2.408881539698596725e+02 1.948259538816693892e+00 5.716619977693046195e+01
2.410505926905817944e+02 1.898172645449121898e+00 5.742347547531969099e+01
2.412974476694420787e+02 1.951145176769641720e+00 5.762657899514953641e+01
2.414875171841361237e+02 1.998138925634840302e+00 5.787177392161439826e+01
2.416167029803128230e+02 2.000564158431250572e+00 5.794515342515498446e+01
2.416673929395896607e+02 2.005829637122921838e+00 5.792248333463025034e+01
2.416596244131455364e+02 2.037792130314112882e+00 5.795759733354083920e+01
2.416855367935050367e+02 2.038356288745363454e+00 5.794479677327315414e+01
2.417126747594221001e+02 2.000259383186781648e+00 5.792191269161932610e+01
2.416958472751796307e+02 2.045761678727984645e+00 5.792970715638212198e+01
2.416234793660674995e+02 1.948862604725961623e+00 5.793434363084584504e+01
2.415917114102663845e+02 2.040081186937462654e+00 5.786892719113946981e+01
2.417194252068580909e+02 2.218342282053277437e+00 5.792554405623427272e+01
2.417305397764116890e+02 2.067588773895676191e+00 5.795211137914040478e+01
2.417010414234949280e+02 2.136299380074183407e+00 5.801919435582185258e+01
2.414867001270977482e+02 2.023091588203252744e+00 5.778364848390527442e+01
2.409627071823204290e+02 1.745934168547194743e+00 5.703482219282545884e+01
2.400818094571109782e+02 1.447922340673877484e+00 5.608333981791300005e+01
2.395057712759058859e+02 1.337074935802661235e+00 5.552578917334578534e+01
2.392552071174746402e+02 1.285133452649599217e+00 5.521878323347080908e+01
2.392613285606826992e+02 1.264454128083417617e+00 5.532423546805696191e+01
2.394005654553471913e+02 1.348565610977096485e+00 5.566012372578009604e+01
2.395923533836536592e+02 1.376546572251186706e+00 5.610904469172308495e+01
2.398530399709490837e+02 1.396694161284465441e+00 5.636908282105154200e+01
2.401337898477420651e+02 1.471636448525406538e+00 5.668574430005447340e+01
2.403727077010868243e+02 1.529569683293128923e+00 5.697042383212720296e+01
2.406230124763312972e+02 1.504623505304386155e+00 5.715863875703576724e+01
2.405262625476616734e+02 1.502113972972271894e+00 5.688006121443208229e+01
2.404731019635307234e+02 1.421757061707260128e+00 5.670898503359012466e+01
2.403420810313075435e+02 1.336653438124140836e+00 5.650184162062615201e+01
2.402599538297927495e+02 1.350277540009856558e+00 5.642047311493269035e+01
2.401584312504863306e+02 1.424908567426659500e+00 5.626706092911057766e+01
2.401041099265945604e+02 1.459575130340051263e+00 5.626483671828392374e+01
2.401704990532513762e+02 1.475416958472751894e+00 5.638004176069307505e+01
2.403424830752470598e+02 1.560014784841646573e+00 5.659162711073068408e+01
2.404843916167353939e+02 1.624341815163541147e+00 5.671153995797992309e+01
2.406391850180271206e+02 1.631474852800041564e+00 5.689669416128446500e+01
2.407413560553004857e+02 1.629386818146447702e+00 5.702991985059528446e+01
2.408841011075662095e+02 1.718056960547817313e+00 5.715837937384898737e+01
2.410088773895676013e+02 1.749617409799496759e+00 5.733529816097320264e+01
2.411124815189479307e+02 1.756542940886571813e+00 5.748602573081213052e+01
2.411866456566285422e+02 1.709231447617565403e+00 5.734877311752651963e+01
2.413228672217466908e+02 1.733613467175057821e+00 5.725302181412600788e+01
2.413838417243794368e+02 1.719619744248177762e+00 5.730885404508079972e+01
2.414596334915570708e+02 1.767702902497860107e+00 5.740326952506938341e+01
2.413609706118849374e+02 1.761237776567322832e+00 5.721890644048453112e+01
2.412912419266983193e+02 1.763085881773143404e+00 5.721837470495162847e+01
2.413231136357741207e+02 1.789458667289186344e+00 5.725223717998599682e+01
2.414254467875392436e+02 1.850348870386221645e+00 5.736650195834305777e+01
2.414981389256348336e+02 1.833793738489871039e+00 5.748358104427671122e+01
2.415518831219360436e+02 1.862209166601820787e+00 5.751730734313801463e+01
2.413381513760278096e+02 1.832256893108188622e+00 5.742793038155267027e+01
2.407030516431924809e+02 1.634191891681581188e+00 5.671845900448732891e+01
2.397569579539854203e+02 1.420466630353020454e+00 5.578363551474593152e+01
2.390680686327912099e+02 1.281612325889035953e+00 5.511913469768889229e+01
2.387405973594791533e+02 1.241907244572406865e+00 5.480627318237231549e+01
2.387263766762638397e+02 1.217525225014914447e+00 5.492632220579461944e+01
2.388685835084169753e+02 1.253761056208336555e+00 5.523854174772391445e+01
2.390588929525588071e+02 1.296786242315772997e+00 5.538485980338754189e+01
2.392636241018857106e+02 1.369724794438824444e+00 5.564997535859725275e+01
2.394135929759032990e+02 1.366365782169999710e+00 5.588601405856872617e+01
2.395543991388478275e+02 1.417911705963219360e+00 5.601892848805540126e+01
2.396960093896713602e+02 1.429467226934350021e+00 5.626296915933909304e+01
2.397030710969314953e+02 1.444089954089175842e+00 5.629820636526340394e+01
2.396392368946644922e+02 1.410337716909189965e+00 5.614309521956786853e+01
2.395500739242082204e+02 1.400818353954296658e+00 5.602691749020828382e+01
2.394786722174668512e+02 1.408774933208829294e+00 5.574415090913807092e+01
2.394285139937229303e+02 1.414870438098202454e+00 5.561818146447747324e+01
2.394827704718180144e+02 1.404592379321972340e+00 5.558891655642881346e+01
2.395861995175472714e+02 1.469956942390994170e+00 5.572861385624983654e+01
2.397613739527403709e+02 1.503132051980390571e+00 5.589048193396104125e+01
2.400142984981713425e+02 1.506231681062433436e+00 5.629879646201333543e+01
2.402404676678857811e+02 1.529705859466189422e+00 5.646891940964386691e+01
2.404426049853448433e+02 1.529777189842554508e+00 5.669539983918242143e+01
2.406755764791326158e+02 1.577990039685627677e+00 5.696932145358337607e+01
2.406996018468082923e+02 1.601224288641610149e+00 5.698039711565895971e+01
2.407701281352942715e+02 1.579792752833761416e+00 5.696918527741031824e+01
2.407809184758643823e+02 1.564061162555443252e+00 5.696434778097683704e+01
2.409312829092418156e+02 1.619458926672373122e+00 5.710909008378077090e+01
2.410530114387985350e+02 1.668417503177443972e+00 5.731862630664280545e+01
2.410919643088734858e+02 1.655785541981168674e+00 5.728538635125671163e+01
2.410502230695406354e+02 1.736726065416439813e+00 5.743156823074728123e+01
2.411263844577594568e+02 1.835525121261639914e+00 5.755364692760615242e+01
2.411716338546935390e+02 1.849285399320416134e+00 5.771118330609809988e+01
2.412067802765024851e+02 1.840803569112650084e+00 5.766642673721889167e+01
2.412478860270277323e+02 1.869530257048738209e+00 5.778165771794672168e+01
2.413103130755064569e+02 2.000097268695043340e+00 5.785372733639405141e+01
2.413944051046611037e+02 2.012910798122065525e+00 5.781218711903094487e+01
2.414779524291235475e+02 2.054853059424687878e+00 5.791174487069748267e+01
2.414477926490804975e+02 2.031229735688532489e+00 5.783251627629496738e+01
2.413252340933260598e+02 1.995097657769823396e+00 5.771533992166627769e+01
2.404980027494617900e+02 1.663404923092885124e+00 5.682032526651622106e+01
2.395911926438928106e+02 1.391895572329001629e+00 5.570761030270018210e+01
2.390691191346977007e+02 1.251283946774570000e+00 5.527385676860426145e+01
2.389723756906077483e+02 1.262139133141389813e+00 5.516064249215365578e+01
2.390607345731849591e+02 1.262580084558918792e+00 5.535345498404793574e+01
2.391600653645630814e+02 1.326381863927580174e+00 5.547179207843747406e+01
2.393897621456177092e+02 1.307362591756802361e+00 5.578351879231188093e+01
2.396200749617409826e+02 1.391026638653282577e+00 5.603022462583975027e+01
2.399543809820247589e+02 1.428643685316317802e+00 5.643723575337846654e+01
2.401933247736881754e+02 1.469684590044873396e+00 5.665714081913210265e+01
2.402985565325655557e+02 1.532435867507068172e+00 5.664528700749617229e+01
2.403496939278396098e+02 1.590349648535781979e+00 5.667001919435582380e+01
2.402428345394651501e+02 1.532202422638964556e+00 5.654532721189012534e+01
2.400704679272689646e+02 1.534264518973880165e+00 5.635502425232796497e+01
2.400296799211475047e+02 1.527280626669779373e+00 5.628146318055663500e+01
2.401579643607501282e+02 1.518085492698363348e+00 5.634390968277435974e+01
2.403220955567660155e+02 1.538155266775607544e+00 5.646293414260887289e+01
2.404903509454517234e+02 1.576148419059476558e+00 5.669455684382538152e+01
2.407860153554846647e+02 1.616352813010660583e+00 5.690016341140767508e+01
2.409145073016367178e+02 1.675997976811143042e+00 5.699343112079475304e+01
2.410935076388348648e+02 1.779446476279407552e+00 5.731022877597074228e+01
2.412374328846004232e+02 1.853993204160506281e+00 5.743632791222472633e+01
2.414401797525484312e+02 1.943525795657925492e+00 5.759493424636215053e+01
2.415414364640884060e+02 1.958206884029777273e+00 5.778363551474593152e+01
2.415735221642933084e+02 1.979126138043731942e+00 5.775126449303556342e+01
2.415272611729307641e+02 1.990350945451715869e+00 5.778445257178429983e+01
2.415122688247347753e+02 2.169960833138795842e+00 5.782183617357922856e+01
2.415029893912276577e+02 2.191859258682852030e+00 5.780943765725105976e+01
2.414529932819754663e+02 2.138679220812906845e+00 5.777698882058464847e+01
2.414399333385210014e+02 2.174986382382694039e+00 5.769608720462739626e+01
2.414890151220398025e+02 2.167438331647342675e+00 5.781588981402225613e+01
2.416223510492049797e+02 2.139645423183669237e+00 5.810366249059735821e+01
2.416306124037039922e+02 2.136085388945088592e+00 5.811075013617617202e+01
2.417159948642128882e+02 2.128453038674033237e+00 5.819221591056467702e+01
2.417673851580940436e+02 2.112436126890254950e+00 5.823598682333410892e+01
2.418309599771742739e+02 2.106561097709646280e+00 5.825685420071071263e+01
2.419483568075117432e+02 2.102274790548076755e+00 5.852790314631805302e+01
2.420277280626669665e+02 2.182177781236220415e+00 5.852561408969470591e+01
2.420301857183617358e+02 2.129334941509091195e+00 5.854135864913236276e+01
2.418026223640183616e+02 2.034452571784296726e+00 5.827509532332113906e+01
2.410289017715871580e+02 1.852326667185433040e+00 5.739735558841076113e+01
2.400841374212123469e+02 1.514551396778460735e+00 5.647878245532124453e+01
2.395500155629912058e+02 1.387220190387259189e+00 5.605646771976240217e+01
2.393183150468186682e+02 1.378057479314190870e+00 5.586041293803335606e+01
2.393612105413327242e+02 1.361534770316188192e+00 5.589597437294114712e+01
2.395437449744507603e+02 1.417204886779239059e+00 5.613790755583222847e+01
2.397469587321349707e+02 1.460106865872954129e+00 5.648950795009467640e+01
2.400264246621534028e+02 1.525114777060150972e+00 5.676224288641610372e+01
2.402767877986148903e+02 1.576459678883614712e+00 5.700477913521645235e+01
2.404942870853111287e+02 1.648879464633102421e+00 5.725074572666199657e+01
2.406202305916530406e+02 1.597346509999221897e+00 5.728297408761964249e+01
2.405779900396856306e+02 1.570681918398049381e+00 5.707413819936191857e+01
2.404748463154618321e+02 1.514356859388374499e+00 5.689923611651492763e+01
2.402751018079008247e+02 1.428987368038803663e+00 5.671410785152906442e+01
2.401737867351438354e+02 1.434810520582055826e+00 5.663028817472051202e+01
2.401566350219178787e+02 1.400759992737270698e+00 5.665995512670868806e+01
2.401443272897050747e+02 1.416478613856249735e+00 5.673483905273260319e+01
2.402436256581848397e+02 1.423579228594402446e+00 5.692832594091250797e+01
2.404939109796902983e+02 1.495078204030814817e+00 5.707810027754000970e+01
2.406000765180401118e+02 1.561927735844162557e+00 5.721912691619328939e+01
2.408364589007340442e+02 1.588676626981039064e+00 5.735419422613026086e+01
2.409477278032837830e+02 1.634243768318937473e+00 5.743660674915052056e+01
2.410323969600290468e+02 1.635008948719943955e+00 5.747689544263740657e+01
2.410905377013461930e+02 1.727200217881876831e+00 5.748980624075947077e+01
2.412021891940964338e+02 1.745778538635125665e+00 5.763026872098150477e+01
2.412515887220190507e+02 1.712590459886390137e+00 5.764668767670479355e+01
2.412600251601691070e+02 1.718815656369154121e+00 5.761491972090369273e+01
2.412830843254740216e+02 1.723996835525121174e+00 5.770862189712863000e+01
2.413344097735584910e+02 1.794879775892926688e+00 5.769218348766632687e+01
2.414105387388789552e+02 1.771600134879257160e+00 5.778894638549529361e+01
2.414600938967136017e+02 1.794140533810598459e+00 5.773976084870178482e+01
2.415049866417658677e+02 1.912646227271548316e+00 5.761062692916244998e+01
2.415709672399034957e+02 2.005946359556973313e+00 5.772827017352734913e+01
2.417015666744481734e+02 2.009966798952091960e+00 5.787993152283868881e+01
2.417018260576349462e+02 2.024667341062952097e+00 5.791717246388088824e+01
2.417346639690815380e+02 1.925472725857909850e+00 5.812500324228983573e+01
2.418200853370684626e+02 1.929681218063445058e+00 5.837418618525147451e+01
2.419538168235934847e+02 1.882505900967499368e+00 5.860449251679506233e+01
2.419989559826732091e+02 1.886474463725261286e+00 5.859437657251056919e+01
2.416000181568230687e+02 1.772540398931341299e+00 5.811978964023551697e+01
2.406869893393510154e+02 1.419565273778953696e+00 5.700191943558218810e+01
2.398166420252639170e+02 1.218283920836251477e+00 5.606663554068425270e+01
2.393267774232874103e+02 1.107099317822218820e+00 5.549220553523720412e+01
2.392374458537597661e+02 1.148892433792441548e+00 5.540198557829481274e+01
2.391835265738074838e+02 1.124679013306357556e+00 5.540322413301169746e+01
2.392216688714237591e+02 1.094220942598500779e+00 5.563485980338754189e+01
2.393660026457085053e+02 1.170479599512359581e+00 5.588476901927217000e+01
2.395886442040826978e+02 1.204419889502762464e+00 5.611349311337639278e+01
2.398072458693227418e+02 1.265802920654683250e+00 5.633619303296759995e+01
2.399041903353824523e+02 1.276106917749591396e+00 5.644309132882006708e+01
2.400136565247840679e+02 1.258572614323139494e+00 5.645549632972790732e+01
2.399879451663943257e+02 1.287176095245506247e+00 5.656870412159883443e+01
2.399432210204134606e+02 1.255492438980105208e+00 5.644949160895390605e+01
2.398105530049542153e+02 1.213200010375327542e+00 5.633258760667133203e+01
2.397806396389385952e+02 1.226720358986330472e+00 5.630702539361398351e+01
2.398173812673462635e+02 1.285178844707286050e+00 5.635137343397401111e+01
2.399356729696781088e+02 1.280503462765543610e+00 5.647860737167016509e+01
2.401244520530179329e+02 1.374244546468497807e+00 5.665206987783052028e+01
2.402988872461287144e+02 1.440465074053899786e+00 5.684051176302752140e+01
2.404841970793453072e+02 1.492996653956890407e+00 5.702717687339506369e+01
2.407466474723108547e+02 1.441450730163670757e+00 5.729293440199206344e+01
2.408660026457085053e+02 1.403593754052862241e+00 5.754232485150312471e+01
2.410697546235053039e+02 1.416737997043031605e+00 5.781371747983295961e+01
2.411706417140040912e+02 1.374471506756931971e+00 5.786007573989054009e+01
2.412651285243690609e+02 1.446450341088890701e+00 5.800801494047156126e+01
2.413105919124322440e+02 1.619076336471869881e+00 5.775269758514252771e+01
2.414184888335537948e+02 1.738230487899774301e+00 5.767767748294555474e+01
2.414502438201955670e+02 1.762878375223718042e+00 5.770376494695614156e+01
2.415089098124659586e+02 1.823223873628511349e+00 5.766448784789769633e+01
2.415792415635618511e+02 1.801571862111897904e+00 5.772885378569760917e+01
2.415635942728192447e+02 1.896778460820169654e+00 5.773809431172671225e+01
2.416788576764454035e+02 1.960463517754779117e+00 5.802542603688429068e+01
2.417425167950613343e+02 2.030386740331491691e+00 5.820082094778616266e+01
2.417860931704406937e+02 2.051844214458018900e+00 5.820015952065987364e+01
2.418848922262858991e+02 2.087224081135060860e+00 5.823414520270796402e+01
2.419986447228490647e+02 2.079118356548128599e+00 5.857072731045573732e+01
2.421390942339117487e+02 2.052525095323320947e+00 5.877291650455217820e+01
2.422009960314372563e+02 2.089227816252950287e+00 5.883983088216221802e+01
2.422734482400850879e+02 2.107870982802894755e+00 5.889503410888906387e+01
2.422929603403107421e+02 2.164721292765802829e+00 5.884039504059347081e+01
2.421215923533836474e+02 2.069183980494384567e+00 5.846106658366404929e+01
2.414158820325266390e+02 1.876857832075324861e+00 5.748302985500480133e+01
2.403810144476435084e+02 1.504571628667029870e+00 5.622699271133244991e+01
2.398528389489793256e+02 1.378978289627266429e+00 5.576306642803413638e+01
2.396387246128705897e+02 1.338261613882188117e+00 5.551835136046481267e+01
2.397781171374471398e+02 1.347015796436074941e+00 5.573142167924675050e+01
2.401489378258501404e+02 1.421432832723782846e+00 5.614581874302907494e+01
2.403705353668975135e+02 1.509266464347780889e+00 5.661289653204678984e+01
2.405750654942546589e+02 1.521956786761082148e+00 5.678472492413041550e+01
2.408141519466708189e+02 1.604012657899514860e+00 5.708452001141286303e+01
2.410866664072834737e+02 1.662542473996835524e+00 5.733302855808886278e+01
2.412048284180219468e+02 1.689849038985292928e+00 5.756878842113454198e+01
2.410187793427230076e+02 1.704497704458797003e+00 5.736687806396389533e+01
2.407850686068529171e+02 1.621644230021010102e+00 5.711385624983788745e+01
2.406043239177236615e+02 1.561143101704147496e+00 5.695307109693149528e+01
2.404616437112546237e+02 1.538375742484372255e+00 5.669081524135605576e+01
2.403300132285425263e+02 1.547979404974969553e+00 5.646248022203200634e+01
2.403731681062433552e+02 1.553024407957876107e+00 5.639592898088346118e+01
2.404689194096438598e+02 1.504642959043394734e+00 5.648068243716442538e+01
2.406336082795113214e+02 1.529550229554120344e+00 5.674368401940186146e+01
2.408736544497185719e+02 1.606671335564028746e+00 5.707434570591134104e+01
2.410083391694550414e+02 1.652711851217804062e+00 5.717387751925920014e+01
2.411234145202707850e+02 1.620172230436023098e+00 5.725932482556480352e+01
2.413323411926438951e+02 1.678916037662438798e+00 5.749341815163541014e+01
2.414558011049723802e+02 1.717194511451767713e+00 5.765108422172075109e+01
2.415581537104764891e+02 1.820701372137058183e+00 5.768787772676574832e+01
2.415826589370477109e+02 1.879023681684953262e+00 5.767608876092651826e+01
2.415682761393406395e+02 1.874588229190983890e+00 5.766767826109511930e+01
2.416723017663994995e+02 1.941359946048297092e+00 5.778709179570979870e+01
2.416122545586595152e+02 1.935342256114958692e+00 5.774911161258527414e+01
2.415365081835395529e+02 1.865457941016263277e+00 5.779609239229112916e+01
2.414629146888698585e+02 1.827198920965942941e+00 5.783249682255596014e+01
2.414341166705574153e+02 1.838838741472777816e+00 5.783027261172930622e+01
2.415195769460223687e+02 1.864634399398231057e+00 5.792975903301947938e+01
2.416851023266671916e+02 1.939395118408424823e+00 5.804989235597748376e+01
2.417892122532617520e+02 2.042000622519648090e+00 5.802760485565325865e+01
2.418316732809379346e+02 2.111165149275024078e+00 5.804187741550592960e+01
2.418849700412419281e+02 2.191969496537234274e+00 5.796104712992503494e+01
2.416659079708453248e+02 2.129341426088760869e+00 5.769538038544341418e+01
2.407893484294347957e+02 1.910616553834980413e+00 5.667383212720151420e+01
2.399378906959250912e+02 1.531456695976966875e+00 5.583411148289367532e+01
2.394466059710009631e+02 1.341387181282909236e+00 5.560522527429772310e+01
2.393129458148522701e+02 1.343637330428241627e+00 5.540996161128835951e+01
2.393288589733613492e+02 1.312582678390786795e+00 5.556770549632972944e+01
2.394386493917464236e+02 1.337593702176224975e+00 5.565352242367649893e+01
2.396571343345524383e+02 1.370580758955204592e+00 5.598536430368583439e+01
2.398939965761419444e+02 1.392129017197105245e+00 5.629119005006095477e+01
2.400734508339169508e+02 1.437371929551526373e+00 5.656675226311830329e+01
2.402533136202111450e+02 1.477543900604362914e+00 5.675782040308147458e+01
2.404194226130262280e+02 1.457739994293569818e+00 5.689380203875185060e+01
2.403808263948330932e+02 1.437728581433351582e+00 5.694843462246777221e+01
2.402023253702695058e+02 1.467369595102845370e+00 5.673326978445257396e+01
2.400160687884211370e+02 1.436347365963738243e+00 5.655761549036391500e+01
2.399396545015952142e+02 1.437553497782273704e+00 5.647837392680206392e+01
2.398782260783856088e+02 1.425142012294763116e+00 5.637081420382330776e+01
2.399111353202085581e+02 1.422210982284128233e+00 5.634062200088190053e+01
2.400686198220631411e+02 1.468368220371955468e+00 5.646198090939745384e+01
2.402257736103545653e+02 1.522358830700593968e+00 5.667595258475345332e+01
2.405320403081472307e+02 1.542960340310741030e+00 5.690776982336004863e+01
2.406884872772546942e+02 1.658068114024848994e+00 5.712338209737244910e+01
2.408473465099992268e+02 1.674752937514590201e+00 5.718601016782092472e+01
2.410466176432443604e+02 1.707772417191917524e+00 5.734734002541955533e+01
2.411451184084247643e+02 1.768487536637875168e+00 5.744351282649858348e+01
2.412211630742095281e+02 1.794010842217207413e+00 5.756258916297045403e+01
2.412606930718750675e+02 1.743859103052940007e+00 5.752971234404586198e+01
2.413716961066583622e+02 1.826738515809405161e+00 5.759680180530698124e+01
2.413801649677068042e+02 1.820604103442014843e+00 5.756175265219308557e+01
2.414444595751303382e+02 1.823548102611988631e+00 5.764672658418281515e+01
2.414461520504241037e+02 1.795904339480714818e+00 5.754153373278344219e+01
2.414801571862111871e+02 1.832801597800430615e+00 5.758071356314683698e+01
2.414720384924649181e+02 1.843981013150727488e+00 5.783098591549295975e+01
2.415843903198194766e+02 1.831323113635774158e+00 5.806395092470106079e+01
2.416050501906466366e+02 1.866463050865042828e+00 5.809863045677379034e+01
2.417342748943013646e+02 1.903477031618810544e+00 5.828790885274816702e+01
2.418146123518273498e+02 1.936879101496640887e+00 5.830038518403237191e+01
2.419273208310637244e+02 2.002055611755245934e+00 5.811081498197286521e+01
2.418177573729670939e+02 1.965592820273389885e+00 5.800368324125230401e+01
2.412728775970741708e+02 1.875580369880424314e+00 5.721062563224651853e+01
2.403067530412678536e+02 1.610030347832853481e+00 5.619253365496848573e+01
2.395407555832231026e+02 1.469969911550333297e+00 5.537599538297927637e+01
2.391950561564599411e+02 1.346017171166965065e+00 5.519923871034679763e+01
2.390349583689985309e+02 1.325344331180452917e+00 5.524407957876170627e+01
2.390950055767385152e+02 1.337217596555391186e+00 5.528189116281482285e+01
2.393149236116514942e+02 1.371812829092418307e+00 5.559927891474074357e+01
2.394687054185147588e+02 1.428890099343760545e+00 5.575817705496329779e+01
2.396869893393510154e+02 1.429233782066246405e+00 5.600741835914195832e+01
2.398696210411641232e+02 1.405707727025134135e+00 5.623933286644359697e+01
2.400935595154722080e+02 1.393224911161258461e+00 5.652882395663112902e+01
2.401976694420667684e+02 1.439129250641973279e+00 5.660530308925375209e+01
2.400984877960210611e+02 1.377311752652193189e+00 5.644866806733587339e+01
2.400293103001063457e+02 1.375074572666199701e+00 5.631625295048375079e+01
2.398854434155578019e+02 1.368252794853837662e+00 5.603197546235053039e+01
2.397826368894768336e+02 1.423170700075221173e+00 5.595560656758228646e+01
2.397645449121988008e+02 1.397102689803646935e+00 5.578886857053925752e+01
2.398199815837937479e+02 1.417094648924856592e+00 5.578576894145721354e+01
2.400446009389671360e+02 1.315059787824553128e+00 5.639583819676808218e+01
2.401783843021295297e+02 1.384995979560604829e+00 5.674316525302830172e+01
2.403892758021424925e+02 1.382330817316421490e+00 5.703781158405312368e+01
2.405999533110263826e+02 1.489326381863927518e+00 5.725042149767852351e+01
2.408224262703291458e+02 1.488937307083754824e+00 5.756915804217570809e+01
2.409459834513526744e+02 1.587548310118538142e+00 5.750182216688714476e+01
2.410370917957098129e+02 1.634989494980935376e+00 5.746127409021347177e+01
2.411652335745596929e+02 1.692598500765180480e+00 5.747876948616190873e+01
2.412178494539983831e+02 1.727453116488989249e+00 5.757031229735688527e+01
2.412446631909319592e+02 1.752762430939226457e+00 5.756681710891500359e+01
2.412531644748787301e+02 1.713258371592353280e+00 5.756061785075091564e+01
2.413308756776385735e+02 1.719100977874614244e+00 5.777702772806267006e+01
2.414196495733146719e+02 1.708005862060021363e+00 5.781082535730033811e+01
2.415311259824138119e+02 1.781793894119783062e+00 5.791809975877363570e+01
2.416318055663631981e+02 1.794834383835239855e+00 5.802947889917775370e+01
2.416947384120561253e+02 1.777150935076388327e+00 5.794593805929499553e+01
2.418137045106736309e+02 1.857345731849661563e+00 5.792863071615698090e+01
2.419285788395196164e+02 1.956760822763468521e+00 5.804624153762352989e+01
2.420768357845044534e+02 2.002444686535418850e+00 5.818266412471143667e+01
2.421385171063211601e+02 1.980948304930874482e+00 5.833029206546831347e+01
