2.249307493131644549e+02 1.420157402715731439e-02 4.314424243551183480e+01
2.254189859471822217e+02 1.349033316753208735e-02 4.344690563739732170e+01
2.255144037895656766e+02 1.472222093093525884e-02 4.352040982349140563e+01
2.259276951612378355e+02 1.794837228113073391e-02 4.389345333004830252e+01
2.264447114825885308e+02 2.865417424006470870e-02 4.438641297526462637e+01
2.267665363499862963e+02 3.195470371937132043e-02 4.467607395045487095e+01
2.269375921010426964e+02 4.208872381076344399e-02 4.481945638884885597e+01
2.270212581990265903e+02 4.916859197552959221e-02 4.485777971987337054e+01
2.270851862009975832e+02 5.765234732726841338e-02 4.480631005452846694e+01
2.272452060971471326e+02 6.240789895731160136e-02 4.478163046156277716e+01
2.274267491644081929e+02 7.565185457216305753e-02 4.499138608292231822e+01
2.274590246238093698e+02 7.899422174909467853e-02 4.502485624102232720e+01
2.274388309617556843e+02 7.340656479962066883e-02 4.488401195628425455e+01
2.271103492518025178e+02 6.755393576518824161e-02 4.451451070812627364e+01
2.258154539157760610e+02 4.610049414969528275e-02 4.349576277095719945e+01
2.243797235922776849e+02 2.446110721142448138e-02 4.243621378133759947e+01
2.239385962057857000e+02 2.086306521567332997e-02 4.212952486321397316e+01
2.238440941441169230e+02 1.816685803539469166e-02 4.221897386073624858e+01
2.240009529697792345e+02 2.342911067000748304e-02 4.250459982242221457e+01
2.242568974093167924e+02 2.507472677659134189e-02 4.276999028435688643e+01
2.246600454636314055e+02 2.753850230339768487e-02 4.312250077864604236e+01
2.251231934249733797e+02 3.165719120292678074e-02 4.354638173645039956e+01
2.256059074829046551e+02 4.649562796059818898e-02 4.396399633687714470e+01
2.258939925714843469e+02 4.219564237136070456e-02 4.416947986444586149e+01
2.260252839152647084e+02 6.504367390768744928e-02 4.422582129724754196e+01
2.259530348600993932e+02 5.189733958729435270e-02 4.416619792949882850e+01
2.256759344914627832e+02 5.000999456109930796e-02 4.390898441313331801e+01
2.251955308041670207e+02 4.195391345174951520e-02 4.350596652054463220e+01
2.248082764263168372e+02 3.429761478637206873e-02 4.317732675706708534e+01
2.247520791011403105e+02 3.473923492796943124e-02 4.315373029560657869e+01
2.249185466513571612e+02 4.121942942677705307e-02 4.330424838576216473e+01
2.251337551193071818e+02 4.033618914358232804e-02 4.350112264488627289e+01
2.254190324335129390e+02 3.687760613991455938e-02 4.367270369147951925e+01
2.257556492513376440e+02 3.737965851141471924e-02 4.389112901351357721e+01
2.259547595029681588e+02 3.867662713779013162e-02 4.405008437269020760e+01
2.262157523580191310e+02 4.405509559913907414e-02 4.420819368064820765e+01
2.264977105482132913e+02 6.628021030416006432e-02 4.443308989991493263e+01
2.265647763775062060e+02 5.224598706750280264e-02 4.463736013425252480e+01
2.265513976115323374e+02 4.141932064876323316e-02 4.464826117880037515e+01
2.265426814245271316e+02 4.074062022062412830e-02 4.464762896470293185e+01
2.265805445408777530e+02 4.096840324102697661e-02 4.472669291594806396e+01
2.266552666688360205e+02 4.038732410734623829e-02 4.475061478172343499e+01
2.266358818689364512e+02 4.997745412961318578e-02 4.459040894025111612e+01
2.263556343757118157e+02 5.294328202791968863e-02 4.422005699224143171e+01
2.251626649683660446e+02 4.045240497031847571e-02 4.328427320946276069e+01
2.237344375386417710e+02 1.989150090415913244e-02 4.214456783982669918e+01
2.230111381248343889e+02 1.083131505180901476e-02 4.162255423792633735e+01
2.226532677566161738e+02 1.451303244281019166e-02 4.145408312685654550e+01
2.225394320300115680e+02 8.976510457100090462e-03 4.146195791127618691e+01
2.226317724773030591e+02 1.296503763068469761e-02 4.157579828651385156e+01
2.229064973944411747e+02 1.485703128994919110e-02 4.173626445143805341e+01
2.231105491430244854e+02 1.873399126986709587e-02 4.192777883663308813e+01
2.232240966543787692e+02 2.223906060422932776e-02 4.212089700023707906e+01
2.234195019454529358e+02 2.105830780459005958e-02 4.234719245805770527e+01
2.235287122821534354e+02 2.554888734967482658e-02 4.240295281172571151e+01
2.235454566584695897e+02 2.918876704305099073e-02 4.238383763254415015e+01
2.234998535680583132e+02 2.410316246507714436e-02 4.243888674535252648e+01
2.234958092572879025e+02 1.527540826619932374e-02 4.251824820911411251e+01
2.233529939521283723e+02 6.494140398015963746e-03 4.247024642403901140e+01
2.232674869954489907e+02 5.206469037779441061e-03 4.240576523473272630e+01
2.232367176931623192e+02 8.748727436697238680e-03 4.230392298144730745e+01
2.234193624864608694e+02 7.303002552099554720e-03 4.250844889060371656e+01
2.235176485354481599e+02 6.893922841988313517e-03 4.266005011226448573e+01
2.237821371625673521e+02 5.792196804529628137e-03 4.278703217318947338e+01
2.240650343766415347e+02 8.878889162641725660e-03 4.294087403598971520e+01
2.242785042558235773e+02 1.041758670862832740e-02 4.317040959105975162e+01
2.243612731676250576e+02 9.817913042669802748e-03 4.329117642957088208e+01
2.245157100554581859e+02 1.791583184964461173e-02 4.334450089951049989e+01
2.246330369054979315e+02 1.993798723485359220e-02 4.337759451833188251e+01
2.247046351520335463e+02 2.146273888163185636e-02 4.330025985858858206e+01
2.247434047518327134e+02 2.246684362463217607e-02 4.330225877080844299e+01
2.248676673624120781e+02 2.036101284417317012e-02 4.333522687653695726e+01
2.249900844656628749e+02 2.822185136460623675e-02 4.350647322154920005e+01
2.251010101479659795e+02 3.102497710548213217e-02 4.356428362240083629e+01
2.251394264516519002e+02 3.984343403822106222e-02 4.360927309324693368e+01
2.249746231120738855e+02 4.249315488780524425e-02 4.347524835322173686e+01
2.241618886466434617e+02 2.635774950375842016e-02 4.277432745901067790e+01
2.230327868090388108e+02 1.283487590474021063e-02 4.193122812237061936e+01
2.227725284380128130e+02 6.117601119390842987e-03 4.168199630898534025e+01
2.227311927927592876e+02 5.587656949474007102e-03 4.155340117238525721e+01
2.228339368808601932e+02 5.276198533821129834e-03 4.167641794930200660e+01
2.230590422886150463e+02 5.550467884918439641e-03 4.181492397160614871e+01
2.232816281372462299e+02 1.413184453111562475e-02 4.199812195223994138e+01
2.235421096426595682e+02 1.481519359232417662e-02 4.220982535085558141e+01
2.237700321220545163e+02 1.522427330243541869e-02 4.234748997057415210e+01
2.240836428548185495e+02 1.609821631949125489e-02 4.247064620648298217e+01
2.243797142950115528e+02 1.735799588131110155e-02 4.271199858681554673e+01
2.246401074763965653e+02 2.262024851592389293e-02 4.278331326673391999e+01
2.246665860903601413e+02 2.098392967547892465e-02 4.284342009232184978e+01
2.244780979652933013e+02 2.041214780793707689e-02 4.261453999451461527e+01
2.242648698150308917e+02 1.685129487674149468e-02 4.239815077376497499e+01
2.242454199342683410e+02 1.942198896414509476e-02 4.237289939893174306e+01
2.243030583356963916e+02 1.971020421445074042e-02 4.238383298391108411e+01
2.243695151940571861e+02 2.195084535392367864e-02 4.256555734786186207e+01
2.245082489993817205e+02 1.961258291999237735e-02 4.266783657265580842e+01
2.247031336435521212e+02 2.429840505399387396e-02 4.281459391865821829e+01
2.251419041730779043e+02 3.340042860396900265e-02 4.314134168847650130e+01
2.255627635193871185e+02 3.876495116610960412e-02 4.360311365442991161e+01
2.257734395700944106e+02 3.045319523794028441e-02 4.388513227685399443e+01
2.258765741433731478e+02 3.065308645992645756e-02 4.399352910276733297e+01
2.260255024010189686e+02 3.131319235578777782e-02 4.418556878349921391e+01
2.261514106277049336e+02 2.904465941789816791e-02 4.433210299511428332e+01
2.262959273325678566e+02 3.822106109698443499e-02 4.417801475476136375e+01
2.264268421370695989e+02 4.173542769748555398e-02 4.413021286090825157e+01
2.265038142034334783e+02 4.787162334915417983e-02 4.415775601184471810e+01
2.266537977007860718e+02 4.659789788812599559e-02 4.415587796408465948e+01
2.267752525369915020e+02 5.188339368808601859e-02 4.425999339894104168e+01
2.267693720161586555e+02 4.111251086617979944e-02 4.430212860908250150e+01
2.260089486186586782e+02 2.985352157198175801e-02 4.375804794600147574e+01
2.243882212935286304e+02 1.561475848026887617e-02 4.259320276872585964e+01
2.235954991934621603e+02 1.180287936332321402e-02 4.194516472431281784e+01
2.233781570029332784e+02 8.437269021044361411e-03 4.180641232445599087e+01
2.234330108731527389e+02 8.841700098086158199e-03 4.184720872827345062e+01
2.236847808401939517e+02 1.675832221535257516e-02 4.206145957781114220e+01
2.239598544048122619e+02 2.141625255093739660e-02 4.219671620559974201e+01
2.242149016581674061e+02 2.508402404273023592e-02 4.242957553331442710e+01
2.245966288112980465e+02 3.144800271480171355e-02 4.271131058912126832e+01
2.252007558677370866e+02 2.555818461581372061e-02 4.314535810744850153e+01
2.254293663448262919e+02 2.977914344287062309e-02 4.337034265074355233e+01
2.254362742135674864e+02 3.052292473398197231e-02 4.339419013838980987e+01
2.250305787083308076e+02 2.742693510973098422e-02 4.294450926705002303e+01
2.248225012435093504e+02 2.019831068674256269e-02 4.283705611364977983e+01
2.245439412040889238e+02 2.412640563042437250e-02 4.269095887354323793e+01
2.244297103436734346e+02 2.051906636853433399e-02 4.262898329746138160e+01
2.243899273418651319e+02 2.616715554791113757e-02 4.257980075958664656e+01
2.245470836800438690e+02 3.419999349191370219e-02 4.272633961983478912e+01
2.248131900314712368e+02 4.046635086952681676e-02 4.291747281711812434e+01
2.252291264753599194e+02 3.662657995416447598e-02 4.333711887019622111e+01
2.254541017213888381e+02 3.996894713109610392e-02 4.348653523431435275e+01
2.256587159545735517e+02 3.972721821148491456e-02 4.362161986267938119e+01
2.258965725628378891e+02 4.483606595480599255e-02 4.384972363876401857e+01
2.260740480761631943e+02 5.864715480412984600e-02 4.397815142457360338e+01
2.260729928364564500e+02 5.341279396793372630e-02 4.395585193173947403e+01
2.260572153758187426e+02 4.103348410399922097e-02 4.406321676111139851e+01
2.260705662499941866e+02 3.538539492462241393e-02 4.409400465793033419e+01
2.260230525713913892e+02 3.495307204916394545e-02 4.399937708316869589e+01
2.260917733140570078e+02 4.452460753915311181e-02 4.407888265455542864e+01
2.261248855274106688e+02 5.537916575630935645e-02 4.409896474941543687e+01
2.259828093549091932e+02 6.043687853586653114e-02 4.386514315465537095e+01
2.252427981052171617e+02 4.289293733177759055e-02 4.325997480440876330e+01
2.237153223594602025e+02 2.193225082164589404e-02 4.206571772570275414e+01
2.231842020853767963e+02 1.725572595378329147e-02 4.167937912856724125e+01
2.230946694124592682e+02 1.262568741661514518e-02 4.166846878675325172e+01
2.231662211726641658e+02 1.417368222874063922e-02 4.171772570275710734e+01
2.232726748699544999e+02 1.731150955061664179e-02 4.176861428896832962e+01
2.234883017148807482e+02 1.842718148728366562e-02 4.194635012574552491e+01
2.238035673610174854e+02 3.290767349860773683e-02 4.226847250565970882e+01
2.241558593695523882e+02 2.696207180278639010e-02 4.256107606558291678e+01
2.244028133527336308e+02 2.979773797514840769e-02 4.285286611471896379e+01
2.245015317245963899e+02 2.831947265906460329e-02 4.296891923929768353e+01
2.245749150462306432e+02 2.299213916147956754e-02 4.304982404923832462e+01
2.244710738807253847e+02 2.222511470502099018e-02 4.295806468108052911e+01
2.242073987643933322e+02 2.219722290660431155e-02 4.264972549821725067e+01
2.240215650088091479e+02 1.659562005792196773e-02 4.251652821487841294e+01
2.240095994272884070e+02 1.812037170470023190e-02 4.247374219610723145e+01
2.241689685148082276e+02 5.244587828948897579e-02 4.251385989949655198e+01
2.243225547027896312e+02 1.026278722741577887e-01 4.254842248636788327e+01
2.244696839394376013e+02 1.139333478990502829e-01 4.279202480510605966e+01
2.247294867444228146e+02 1.217662946210666813e-01 4.304761129989726243e+01
2.249692771840440457e+02 1.290414053747495626e-01 4.331940757820162702e+01
2.251171687965153865e+02 1.354239785790988249e-01 4.344248943598135071e+01
2.252780347438835520e+02 1.277583826475824913e-01 4.354922205125582479e+01
2.252773746379876911e+02 1.568960147268695648e-01 4.347951114974641484e+01
2.253148705123258537e+02 1.762064364973479624e-01 4.347056253108773660e+01
2.253778827335821973e+02 1.912308185777971958e-01 4.345734181863822698e+01
2.254586434358976703e+02 1.935272433141034809e-01 4.352583942691651231e+01
2.254462734232998855e+02 2.042469911722457898e-01 4.351461762668687072e+01
2.253318333743962683e+02 1.811851225147245448e-01 4.344921135939976864e+01
2.253127321411139121e+02 1.845786246554200760e-01 4.344355397295425547e+01
2.253192030383465863e+02 2.049489347657321436e-01 4.342320690600929112e+01
2.254214497227090419e+02 2.135442573111376585e-01 4.352167890031935826e+01
2.255573060241636085e+02 2.001887345026195086e-01 4.370279429333804444e+01
2.257058530938977299e+02 2.129538809113180331e-01 4.388697313554948920e+01
2.256488283120348513e+02 2.217537433117791612e-01 4.370159494600612504e+01
2.246143168601272748e+02 5.322684864515589420e-02 4.296910053598739410e+01
2.232962201964512303e+02 2.420543239260495444e-02 4.209089472240687968e+01
2.229816797370733070e+02 2.606023698731388047e-02 4.188228731341548894e+01
2.228894741001408590e+02 1.822729026529748900e-02 4.174386961513966554e+01
2.230014317789853919e+02 1.709767242942212759e-02 4.178054733005759402e+01
2.231172385260114197e+02 1.445724884597684133e-02 4.188441173872822532e+01
2.235013132388421297e+02 1.697215933654708936e-02 4.200261253178502585e+01
2.236348452237619426e+02 1.271401144493461768e-02 4.210381327370686932e+01
2.237148389016209649e+02 2.692488273823082437e-02 4.224700976677807773e+01
2.237416801089639478e+02 2.657623525802237791e-02 4.231693450540868184e+01
2.237634496576281720e+02 3.412561536280257074e-02 4.240152568137339273e+01
2.237343492146134452e+02 3.223362170353807205e-02 4.229373782639214596e+01
2.236990103060195167e+02 3.625933794167825186e-02 4.228873589720942761e+01
2.236681108420069108e+02 2.625547957623061007e-02 4.216955889120804102e+01
2.235409288898599414e+02 2.393116304150764637e-02 4.198868057847590052e+01
2.234298358567663172e+02 1.986825773881190083e-02 4.181902406597340160e+01
2.235638280563600233e+02 1.839928968886698699e-02 4.194857217235271918e+01
2.236816244183397941e+02 2.017041888832588753e-02 4.195669333432503834e+01
2.238019589339754702e+02 2.675753194773076993e-02 4.217878177921782168e+01
2.238200281707163981e+02 2.736650287982818688e-02 4.228637439161014555e+01
2.239800713100312919e+02 3.193146055402409228e-02 4.250207561466550743e+01
2.242573948130552139e+02 2.411710836428548194e-02 4.273068609175471977e+01
2.243538121115485922e+02 2.131863125647903354e-02 4.284304355304323053e+01
2.244682196200207329e+02 2.914692934542597799e-02 4.293262736092452059e+01
2.246366721365582464e+02 3.153632674312118606e-02 4.301324860424792007e+01
2.248097453943667858e+02 3.072746458903759248e-02 4.321921094102279426e+01
2.247990070519763606e+02 3.200583868313522373e-02 4.321962931799904339e+01
2.248259365833476693e+02 2.680401827842522969e-02 4.324669830836242568e+01
2.248624701906404368e+02 3.450215464142768890e-02 4.328088435595513062e+01
2.248917844707763720e+02 3.075535638745426764e-02 4.334795483388109716e+01
2.249134145604485013e+02 3.663122858723392300e-02 4.340206492280945128e+01
2.250077725144921033e+02 4.412017646211131849e-02 4.350110405035399452e+01
2.250589772077520649e+02 3.397221047151085388e-02 4.354124034827558631e+01
2.251032461404724074e+02 4.435725674865306084e-02 4.354399698768577309e+01
2.251853828381764231e+02 3.486009938777502593e-02 4.358874472961225877e+01
2.252529367739416273e+02 3.130854372271833774e-02 4.369504037337820535e+01
2.250062012765146449e+02 2.248078952384051366e-02 4.342583803232659534e+01
2.238853321680759905e+02 1.769269746231120696e-02 4.253469507291381291e+01
2.230295978467531484e+02 1.078947735418400201e-02 4.179703138292185116e+01
2.227667641330066886e+02 1.210968914590664601e-02 4.149365229154366830e+01
2.227534597451619334e+02 1.420622266022675967e-02 4.145436204484071396e+01
2.229455645067567957e+02 2.041214780793707689e-02 4.157977286778822901e+01
2.232279317766610802e+02 2.256911355215998616e-02 4.175492871321188204e+01
2.235116982851192518e+02 1.886880162888102813e-02 4.195917105575105666e+01
2.235735529967413129e+02 1.970555558138129340e-02 4.206053914846339126e+01
2.238157374823933026e+02 2.511656447421635810e-02 4.229549036105932913e+01
2.240332935100433644e+02 1.870609947145042071e-02 4.248979392609603423e+01
2.240386673298716573e+02 2.848682344956465426e-02 4.245815532942538084e+01
2.238299437050535232e+02 2.027268881585369761e-02 4.232677101298363453e+01
2.235389439235392786e+02 1.684664624367204766e-02 4.214495367637146472e+01
2.233715931330392266e+02 1.316028021960142548e-02 4.205108847743321121e+01
2.232243290860322418e+02 1.986825773881190083e-02 4.194827465983627235e+01
2.232071616841067794e+02 1.321606381643477754e-02 4.191796557222348696e+01
2.233573032349837604e+02 1.372741345407382969e-02 4.192716056843485006e+01
2.234807569834090373e+02 2.004025716238140228e-02 4.208842164961393451e+01
2.235874245178205229e+02 2.098392967547892465e-02 4.216822008488404094e+01
2.236998517086050811e+02 2.294565283078510778e-02 4.218954801340665739e+01
2.238915845795543760e+02 2.570694087403599046e-02 4.240752241803297551e+01
2.240534220912340686e+02 2.583245396691102869e-02 4.246378017543941041e+01
2.240583356963884683e+02 2.615785828177224354e-02 4.244781676947893345e+01
2.240806444864887510e+02 2.800801424341172602e-02 4.239114528372932256e+01
2.242288475573757580e+02 3.161535350530176453e-02 4.253225454055235133e+01
2.242593518875774521e+02 3.646387779673387203e-02 4.261368929466290467e+01
2.242612113408052323e+02 2.518164533718859899e-02 4.265817206450443422e+01
2.242633683065494665e+02 1.947312392790899807e-02 4.269808987667176581e+01
2.243582469074968628e+02 1.541951589135214830e-02 4.288281260895233515e+01
2.245149616255339993e+02 1.505227387886591897e-02 4.296564195298372368e+01
2.245473161116973415e+02 1.256060655364290082e-02 4.300969239994979176e+01
2.245665707498710049e+02 1.954285342395068598e-02 4.291018840909830345e+01
2.246348173319635464e+02 2.626012820930005362e-02 4.289388565292375688e+01
2.245338955080258643e+02 3.109005796845437652e-02 4.280461795209118492e+01
2.239137632079286959e+02 2.295495009692399835e-02 4.236488515552002099e+01
2.228068399986983934e+02 1.510805747569927103e-02 4.155932817954880676e+01
2.223207091954610632e+02 1.025488455119771998e-02 4.120687811748955198e+01
2.220964312443925905e+02 1.038039764407275994e-02 4.107626082550426361e+01
2.220600463933580215e+02 1.468968049944913666e-02 4.108524663322749859e+01
2.222264814031433957e+02 1.472222093093525884e-02 4.122107969151670659e+01
2.224762710524970259e+02 2.083052478418721126e-02 4.144206641037202843e+01
2.227564162757940949e+02 1.869215357224208313e-02 4.158080021569657703e+01
2.231292738370282223e+02 2.062598492913158763e-02 4.185122514724545084e+01
2.234477563372490181e+02 2.729212475071705196e-02 4.206193838701729959e+01
2.236537140253908262e+02 2.833806719134238442e-02 4.224423453283561969e+01
2.236495163097291368e+02 2.854725567946745160e-02 4.216667209007191275e+01
2.234663462208937403e+02 2.246684362463217607e-02 4.206550388858155998e+01
2.232496920280591439e+02 2.078868708656219505e-02 4.187722960063593547e+01
2.229355606483913448e+02 1.829237112826973335e-02 4.166043594880925127e+01
2.227898027584988654e+02 1.924534090750614629e-02 4.150828618844628437e+01
2.227912298888511771e+02 1.682340307832481952e-02 4.157558909802572344e+01
2.230899417526276522e+02 1.786004825281126140e-02 4.188041856292156950e+01
2.233895786943849089e+02 2.347094836763249925e-02 4.219342962201964298e+01
2.236520730579173062e+02 2.048187730397876480e-02 4.244415364662020806e+01
2.239940404524049598e+02 2.375916361793814491e-02 4.276900477414616120e+01
2.241819242551727598e+02 2.276900477414616278e-02 4.288694524375107164e+01
2.244881622558886534e+02 3.331210457564953015e-02 4.307731141657795604e+01
2.245728417558816830e+02 3.532496269471961658e-02 4.312469028482174593e+01
2.247460870131137938e+02 4.134494251965209477e-02 4.318487613717186235e+01
2.248816550993180385e+02 4.967064434702975900e-02 4.334597916482658064e+01
2.249735167374033722e+02 4.543573962076451200e-02 4.338699870303137374e+01
2.249148370421677612e+02 3.962029965088765399e-02 4.330239822980052367e+01
2.249569071714462325e+02 4.120548352756871896e-02 4.320995551258152290e+01
2.250709102488413293e+02 4.755551630043185901e-02 4.330527108503744671e+01
2.252012625687416687e+02 4.815518996639038540e-02 4.331985384697629371e+01
2.252115685882566254e+02 5.376144144814217624e-02 4.325883588930675216e+01
2.250835452335240916e+02 3.663587722030337002e-02 4.313447565743292955e+01
2.243735083698638277e+02 2.186716995867365315e-02 4.256814198784847036e+01
2.231735288238493524e+02 1.943593486335343234e-02 4.174356745399015267e+01
2.227153084135609902e+02 1.298363216296248047e-02 4.137560490337816077e+01
2.226418228219991988e+02 1.291855129999023785e-02 4.135641534606748593e+01
2.227683772086817839e+02 1.502903071351868909e-02 4.150973191333088153e+01
2.228341786097797979e+02 1.727432048606107259e-02 4.164876323117187695e+01
2.231007033381833935e+02 1.900826062096440394e-02 4.182499755946763997e+01
2.233833727692372122e+02 2.386143354546595499e-02 4.203527382773095411e+01
2.236682921386966143e+02 3.003946689475959705e-02 4.223356127130816873e+01
2.238159094818168739e+02 2.273181570959059358e-02 4.229508128134921918e+01
2.239350167583222060e+02 2.756639410181436003e-02 4.231668812785600409e+01
2.239505431927741768e+02 3.077395091973205224e-02 4.228441731708790741e+01
2.239468335835847483e+02 2.449829627598004711e-02 4.221889018534100302e+01
2.236402143949571553e+02 2.316878721811851255e-02 4.208391712416963770e+01
2.234034083777665103e+02 2.144879298242351878e-02 4.189042242128702043e+01
2.232270903740755159e+02 1.637248567058856297e-02 4.176817731745980211e+01
2.233251997750061548e+02 1.510340884262982401e-02 4.189810661175081208e+01
2.234238391201067202e+02 1.759972480092228744e-02 4.201402027733745115e+01
2.236147212912043187e+02 2.864952560699526168e-02 4.214342892472468804e+01
2.238593091201532275e+02 2.245754635849328551e-02 4.231539580786269994e+01
2.243119744139235934e+02 2.114663183290953208e-02 4.265569899171148904e+01
2.245327008093270251e+02 2.357786692822975289e-02 4.278973302900282505e+01
2.248355964428659775e+02 2.172306233352082686e-02 4.306737728770855256e+01
2.249710064755458632e+02 2.716661165784201026e-02 4.319074271210550364e+01
2.250368032280107968e+02 3.189427148946852308e-02 4.332501382968337822e+01
2.250871897618505386e+02 3.503674744441397093e-02 4.344083917124169858e+01
2.251781309705880858e+02 3.187102832412129494e-02 4.353628490542355678e+01
2.252627500383512142e+02 3.445566831073322567e-02 4.348608896553968606e+01
2.253920006322140921e+02 2.969546804762059761e-02 4.360674423685715340e+01
2.253685901160763763e+02 4.539855055620894975e-02 4.355197404203293843e+01
2.254380778831984458e+02 4.934988866523798423e-02 4.351082434210220384e+01
2.255447221744446153e+02 5.072588405379398202e-02 4.352484926807272103e+01
2.256074275859183729e+02 4.346471919931944178e-02 4.354922205125582479e+01
2.257507681866147209e+02 5.453311453767020062e-02 4.361891435823296348e+01
2.256285556232190004e+02 4.340428696941664444e-02 4.361497696602314278e+01
2.244792275831291875e+02 2.979308934207896067e-02 4.277819047309138512e+01
2.231883533147077969e+02 1.567054207710222649e-02 4.176824704695584245e+01
2.228510252560234619e+02 1.186331159322601136e-02 4.157934519354584069e+01
2.229249757108921983e+02 1.365768395803214005e-02 4.169236276073020520e+01
2.231022466843624557e+02 1.560546121412998560e-02 4.195508025864994295e+01
2.232989396467968675e+02 2.247149225770162309e-02 4.220875151661653746e+01
2.236658748495005113e+02 2.053301226774267157e-02 4.256109930874826119e+01
2.239544526931855728e+02 2.401948706982711887e-02 4.276565775833616101e+01
2.241873724531301662e+02 2.415894606191049468e-02 4.289181236257478247e+01
2.244775029402604218e+02 3.483220758935835076e-02 4.304506384897521087e+01
2.247642724656814721e+02 3.838841188748448596e-02 4.316530074331642908e+01
2.248958985110428159e+02 3.622214887712268266e-02 4.316589111971624959e+01
2.248240864273860211e+02 3.110400386766271411e-02 4.300937629290107367e+01
2.246199184629759600e+02 2.947233366028719284e-02 4.289088263596089234e+01
2.243533286537093829e+02 3.295415982930219312e-02 4.273244792368804212e+01
2.241259454157504933e+02 2.805450057410618578e-02 4.254217007488947644e+01
2.241103213600040931e+02 2.468889023182732970e-02 4.263894531812920263e+01
2.243521618468089400e+02 2.891449769195368266e-02 4.273067214585551454e+01
2.247286035041396133e+02 3.403264270141365122e-02 4.295636793001018106e+01
2.251591087640679234e+02 3.872776210155403492e-02 4.327611020979281165e+01
2.255396830561973331e+02 4.827605442619598008e-02 4.358033535238963196e+01
2.259817169261378638e+02 6.385362384190929053e-02 4.389088263596089234e+01
2.264469939614256475e+02 6.489956628253462645e-02 4.428222781091220384e+01
2.267991232678031110e+02 7.648860852466332627e-02 4.458149286202392148e+01
2.270284682289172906e+02 8.382415150824899797e-02 4.454142629359837002e+01
2.271416763900575120e+02 9.143396384293198120e-02 4.461255967682702561e+01
2.272949976059539665e+02 8.866337853354221143e-02 4.471482495572176674e+01
2.275213720905367722e+02 1.129524863213971914e-01 4.483487590474020834e+01
2.275812371872050903e+02 1.109675200007437801e-01 4.487821975947972675e+01
2.275648461070022393e+02 8.560457797384679601e-02 4.483387179999721184e+01
2.275684162571995728e+02 8.069562145251188423e-02 4.478984924482956131e+01
2.272750921591506028e+02 7.358786148932906779e-02 4.457482207356926551e+01
2.261735799588131215e+02 5.529084172798988395e-02 4.369312978518666313e+01
2.247608371258431532e+02 3.421858802419148332e-02 4.261771501090104408e+01
2.241369580274920281e+02 2.836131035668961603e-02 4.209429752181370787e+01
2.240888772156547475e+02 3.589674456226146781e-02 4.208889116155394561e+01
2.242992046188818165e+02 3.804906167341493006e-02 4.231513548441080985e+01
2.245274943402892518e+02 4.654211429129264527e-02 4.249976989266306049e+01
2.248246256688220797e+02 5.423560202122566093e-02 4.264797296355006750e+01
2.253085483713514066e+02 5.766164459340730741e-02 4.305673656661258519e+01
2.259969923344040694e+02 8.041205483527569253e-02 4.361759414644124178e+01
2.262680959663810825e+02 9.007191435358433140e-02 4.386706304011305235e+01
2.263102776628532240e+02 8.641808876099982273e-02 4.391190375470092988e+01
2.262329569490091501e+02 8.560922660691623609e-02 4.390632539501759624e+01
2.260599162316320871e+02 5.998596112813027459e-02 4.386222846172083223e+01
2.257595773462813327e+02 5.816834559797691429e-02 4.365678677184973822e+01
2.254760107290451288e+02 5.406825123072560302e-02 4.349042614019347752e+01
2.253562247521116433e+02 5.419376432360064472e-02 4.350804445952667265e+01
2.254004657930335611e+02 5.705732229437934094e-02 4.353408610198171402e+01
2.255712658692711443e+02 4.718827428794562795e-02 4.368293068423230352e+01
2.257932334497041040e+02 5.465397899747579530e-02 4.374327923873984503e+01
2.260736436450861504e+02 5.748034790369891539e-02 4.399939102906790112e+01
2.262488366795743673e+02 5.634608143475411390e-02 4.416729500690321686e+01
2.264304029900008004e+02 6.692637030081304006e-02 4.425017548589837446e+01
2.265325567017018784e+02 8.293161395891537890e-02 4.435356108536284836e+01
2.266963466392707289e+02 9.027645420863994463e-02 4.449950492057810436e+01
2.268049712482044526e+02 7.810168419976105947e-02 4.464600659176169017e+01
2.267667408898413441e+02 9.130845075005694644e-02 4.459905539776028860e+01
2.267588986458531792e+02 9.186163808532100961e-02 4.454625622335752411e+01
2.269215357224208276e+02 1.005778250905321330e-01 4.472173747309603442e+01
2.268974743976533830e+02 8.876099982800057797e-02 4.471061794279392387e+01
2.265525411752674074e+02 7.217467703621749386e-02 4.438301947312393025e+01
2.254197855120701774e+02 4.948005039118247295e-02 4.356440448686063860e+01
2.242272251844345305e+02 2.012858119070087479e-02 4.267986723503953783e+01
2.239229349609747146e+02 3.455328960519159220e-02 4.229051632367502123e+01
2.236641595038978778e+02 3.049968156863474417e-02 4.207188646178591540e+01
2.236997866277420997e+02 3.466020816578885277e-02 4.202360575872664583e+01
2.239344077873901142e+02 3.851857361342897468e-02 4.218817201801810057e+01
2.242440299929805576e+02 4.000148756258222610e-02 4.246073067214585706e+01
2.245058456560848299e+02 3.542258398917798312e-02 4.285495799960021657e+01
2.247057275808048757e+02 4.679778911011216874e-02 4.306374205664824473e+01
2.250588331001269182e+02 5.435181784796180859e-02 4.339203317264558279e+01
2.252708433085251158e+02 5.675516114486535424e-02 4.358841467666432834e+01
2.252923013987737022e+02 5.910736947800498964e-02 4.360757634217658563e+01
2.251143517248752914e+02 4.449671574073643665e-02 4.332536247716358702e+01
2.248543118396035538e+02 5.899115365126884197e-02 4.305184155599046392e+01
2.246330787431955684e+02 4.673735688020937140e-02 4.282726144377245703e+01
2.245660501029672105e+02 5.114426103004411639e-02 4.274371156161530649e+01
2.245637815700293345e+02 5.477019482421194296e-02 4.272880339536159511e+01
2.245734274836484303e+02 3.618495981256711347e-02 4.284747370035840675e+01
2.247499407299283689e+02 3.800257534272047377e-02 4.304237229042799839e+01
2.250518322587243176e+02 4.441768897855585818e-02 4.336194721942013075e+01
2.252590125373633896e+02 4.609584551662583574e-02 4.357312067386585142e+01
2.254786883416931289e+02 3.720301045477577423e-02 4.374241924162200235e+01
2.256042618667980548e+02 5.750823970211559055e-02 4.372435930214720656e+01
2.256770222716010323e+02 6.363513808764532931e-02 4.369812706573632255e+01
2.257454826908147538e+02 6.873003993175806625e-02 4.367110921033670223e+01
2.258738175039629539e+02 9.663113561457253864e-02 4.369566329020951656e+01
2.259782722890334128e+02 6.279838413514506057e-02 4.378861735706615121e+01
2.261258059567584269e+02 7.406202206241255248e-02 4.401236071533165983e+01
2.262597237782230195e+02 5.144177354648865608e-02 4.423215738412120146e+01
2.261140960500564745e+02 3.210345997759359027e-02 4.412055765002300944e+01
2.251445538939274797e+02 2.334078664168801054e-02 4.332507891054635252e+01
2.239044845363220873e+02 1.499649028203256865e-02 4.244148533123834710e+01
2.233718023215273547e+02 2.322921944802130989e-02 4.196582789830650029e+01
2.232487390582799094e+02 2.712942259328644454e-02 4.180388811669928373e+01
2.232863139593802373e+02 3.293091666395496497e-02 4.183376023280354161e+01
2.235491058354290885e+02 3.749122570508141988e-02 4.206112952486321177e+01
2.238228359450903326e+02 4.754621903429296498e-02 4.223632720798449469e+01
2.241964884225793355e+02 4.186094079036059568e-02 4.261678063565408792e+01
2.244604889432262382e+02 4.607260235127860759e-02 4.279403766322512581e+01
2.248836586601709655e+02 4.479887689025042335e-02 4.314468405565343545e+01
2.251200463003853827e+02 5.143247628034976204e-02 4.327629615511558825e+01
2.251175778762254822e+02 5.177647512748876496e-02 4.337589311862846841e+01
2.249577020877011080e+02 5.532803079254545314e-02 4.317611346383596072e+01
2.246882859095283038e+02 5.434716921489236158e-02 4.299477958506301434e+01
2.245659664275719649e+02 5.903763998196330520e-02 4.294799109321903785e+01
2.245157797849542476e+02 5.074912721914121017e-02 4.287762008581376705e+01
2.245016525890561923e+02 6.079947191528330824e-02 4.283045040605809817e+01
2.244519308097453916e+02 5.277128260435019064e-02 4.279166686035971168e+01
2.246180032261513588e+02 4.671876234793159027e-02 4.291199207872924859e+01
2.248912312834411011e+02 6.269146557454780000e-02 4.314372643724112777e+01
2.250926937434047659e+02 5.532803079254545314e-02 4.332017925129115810e+01
2.252402227624966997e+02 6.071114788696383574e-02 4.340571874840203037e+01
2.253357010371100273e+02 5.292933612871135451e-02 4.350614781723434277e+01
2.255911759647075883e+02 6.441610844331224772e-02 4.370024219378291974e+01
2.258177689350446542e+02 7.326710580753729996e-02 4.385789593570010680e+01
2.259696211828911601e+02 8.385669193973512014e-02 4.394477888776805230e+01
2.259416178172808145e+02 8.215529223631791444e-02 4.397616645825294768e+01
2.259620160191895479e+02 5.718748402032382272e-02 4.402895168675650694e+01
2.261091824449020748e+02 7.627012277039936505e-02 4.412793503070422219e+01
2.260084186744887802e+02 6.839533835075796431e-02 4.403253578285305281e+01
2.251082248264897601e+02 3.626863520781713895e-02 4.331990963057312882e+01
2.236917816815965239e+02 2.772444762617552391e-02 4.227771398820176785e+01
2.231829144140165511e+02 1.978923097663132236e-02 4.190737133745822263e+01
2.230906343989549896e+02 1.588902783136618771e-02 4.182441648033395865e+01
2.231913098453399869e+02 2.328965167792410723e-02 4.193060055690624210e+01
2.234134633710957303e+02 3.007665595931516278e-02 4.212438812367223306e+01
2.237719984938428865e+02 3.162000213837121154e-02 4.241667557654671583e+01
2.242385306600594106e+02 3.894159922274854913e-02 4.261476312890194862e+01
2.244333502233668298e+02 4.382266394566677881e-02 4.280791383293742314e+01
2.247043376395170924e+02 4.852708061194605654e-02 4.299829395166351276e+01
2.249303820711519677e+02 5.561159740978165178e-02 4.310967520000743747e+01
2.248878238354012069e+02 5.567202963968444912e-02 4.311293854042219209e+01
2.245766071486679323e+02 5.221344663601668046e-02 4.284637662295401839e+01
2.241320211791722556e+02 5.446338504162850924e-02 4.245527782555539886e+01
2.237337216491490608e+02 4.466871516430593464e-02 4.214783118024144670e+01
2.234962880664940599e+02 4.678384321090383463e-02 4.199500736808341372e+01
2.233572428027538592e+02 4.769962392558468184e-02 4.195310923822849958e+01
2.233446124667041772e+02 4.269769474286086441e-02 4.207031987244150883e+01
2.234827837874273087e+02 4.460363430133369028e-02 4.216626765899487594e+01
2.236666837116545992e+02 3.447426284301101373e-02 4.241143656707745180e+01
2.237901095682814514e+02 3.876495116610960412e-02 4.251356238698010515e+01
2.239764035385395005e+02 5.202750131323884142e-02 4.266407582850263225e+01
2.241209016488701593e+02 4.035013504279066909e-02 4.268434851731848312e+01
2.242849751530562514e+02 4.310212581990265773e-02 4.267979750554349749e+01
2.244523398894555157e+02 4.622135860950087743e-02 4.282191551574259591e+01
2.246947754012932421e+02 4.699303169902890182e-02 4.298366470339396983e+01
2.248799908886791741e+02 4.809010910341814105e-02 4.309591989475494955e+01
2.249372806426270301e+02 4.747184090518183353e-02 4.307248613545186799e+01
2.245347833969421174e+02 3.611058168345598202e-02 4.271746073067214411e+01
2.231446701097542302e+02 2.195549398699312565e-02 4.171904591454882905e+01
2.224237089583807858e+02 1.999841946475638954e-02 4.118617310579823965e+01
2.221821566868262323e+02 1.729756365140830421e-02 4.101672578178386885e+01
2.221718227755128510e+02 1.786004825281126140e-02 4.109120153218945859e+01
2.222931799904238233e+02 2.455407987281340090e-02 4.116629090216022036e+01
2.224468452051674205e+02 2.422402692488273904e-02 4.139402278759930454e+01
2.226827029012119112e+02 2.188111585788199073e-02 4.155331284835693850e+01
2.229264167871437508e+02 2.900282172027315516e-02 4.172001283022726881e+01
2.232405016804808611e+02 3.163859667064899267e-02 4.183288164115342056e+01
2.235133578471250644e+02 2.438672908231334646e-02 4.204659324925505359e+01
2.236551829934407749e+02 2.779882575528665883e-02 4.214141606660561479e+01
2.236729361231329847e+02 1.977528507742298478e-02 4.205912596401028480e+01
2.234653235216184726e+02 1.741377947814445187e-02 4.186150792359507022e+01
2.232518582910695102e+02 2.022620248515923785e-02 4.174398583096640181e+01
2.231077692604489755e+02 1.406211503507393684e-02 4.171834397095533831e+01
2.231887066108211002e+02 1.099401720923962392e-02 4.182765657758336175e+01
2.233951617027013299e+02 1.711161832863046517e-02 4.200897651045710290e+01
2.236104724405788602e+02 1.728826638526941017e-02 4.220283380671913420e+01
2.238179502317343577e+02 2.121171269588177644e-02 4.225611643896112213e+01
2.240825271828818757e+02 2.921201020839821888e-02 4.237228577936657814e+01
2.243561271308171854e+02 3.571079923948362878e-02 4.251927555702246053e+01
2.244643054709762566e+02 3.881608612987350743e-02 4.254810173068609203e+01
2.245411334297149892e+02 4.088937647884639814e-02 4.255991390731555413e+01
2.245588447217095904e+02 5.019593988387714700e-02 4.265767466076599845e+01
2.245880334887526431e+02 5.364987425447546865e-02 4.278478688341693470e+01
2.246785005369171131e+02 5.034004750902996983e-02 4.286866681852201566e+01
2.246934877299330253e+02 6.363048945457587535e-02 4.289013885466978593e+01
2.243710306484378236e+02 5.126512548984971107e-02 4.258180432043957353e+01
2.230757494758666155e+02 2.987211610425954261e-02 4.165653574566398731e+01
2.220915362337704551e+02 2.039355327565929230e-02 4.098550556208946460e+01
2.218013174226118736e+02 1.704653746565822428e-02 4.078276472803172226e+01
2.217456035552745846e+02 2.186716995867365315e-02 4.082207356926695496e+01
2.218178293672745554e+02 1.902685515324218854e-02 4.078293207882222049e+01
2.220076144609677442e+02 2.520023986946638359e-02 4.103984343403821811e+01
2.221421226588321645e+02 2.680866691149467670e-02 4.124694933454817658e+01
2.223709376757764460e+02 1.964512335147849606e-02 4.144311700144572796e+01
2.225817206450443280e+02 2.383819038011872685e-02 4.162939237717149155e+01
2.228456793279935937e+02 2.735255698061984930e-02 4.186572423378905228e+01
2.229007377380681305e+02 2.210889887828483905e-02 4.192004815983860055e+01
2.228791076483960012e+02 2.319203038346574069e-02 4.198681647661505423e+01
2.227484624646122882e+02 1.979387960970076590e-02 4.188831659050656242e+01
2.225857928476131633e+02 2.073290348972884473e-02 4.172356903452539711e+01
2.224391470688044308e+02 1.601918955731067296e-02 4.168472970523017551e+01
2.224112087840570382e+02 2.167657600282637056e-02 4.152748504302309840e+01
2.224106230562902908e+02 2.230879010027101567e-02 4.138402822649999990e+01
2.224961346616027527e+02 3.889046425898464582e-02 4.135713123556018189e+01
2.227252797314949646e+02 3.254972875226039980e-02 4.151802972335984521e+01
2.228904549617185182e+02 3.799792670965102676e-02 4.158582073941157375e+01
2.230453102265279028e+02 3.556669161433080595e-02 4.177789760920801143e+01
2.232731025441968882e+02 3.877889706531794517e-02 4.199453785614340262e+01
2.234889339289781844e+02 4.368785358665284307e-02 4.222852680169395967e+01
2.236050567830529303e+02 3.922516583998475470e-02 4.234310166095659866e+01
2.237471422528205665e+02 3.233124299799643858e-02 4.241301710232106359e+01
2.238766950078329501e+02 3.165719120292678074e-02 4.247428608617636314e+01
2.238526150885332129e+02 3.664052585337281703e-02 4.239226560429905533e+01
2.236047127842058160e+02 4.072202568834634023e-02 4.212010673261527671e+01
2.223776874909932815e+02 2.483299785698015599e-02 4.123816341804692343e+01
2.217396672508448887e+02 1.854339731401981328e-02 4.081808039346030625e+01
2.215588075326450337e+02 1.535443502837990568e-02 4.076846553271010976e+01
2.215925008251323618e+02 2.026804018278425060e-02 4.083347201755324107e+01
2.216795092902931970e+02 1.901755788710329798e-02 4.094720082559723551e+01
2.218023168787218253e+02 2.090490291329834618e-02 4.104018743288536086e+01
2.219884295522901425e+02 2.156036017609021943e-02 4.114796134196739530e+01
2.221534188371909124e+02 2.464705253420231695e-02 4.117424936197511443e+01
2.222560838985296243e+02 3.098778804092656644e-02 4.121849040289702515e+01
2.222699182305443060e+02 3.291232213167717691e-02 4.122335287308766993e+01
2.223473040252513613e+02 3.340972587010789668e-02 4.123698731388035554e+01
2.222844266143540608e+02 2.819395956618956159e-02 4.123618774899240691e+01
2.221135521599873641e+02 1.821799299915859843e-02 4.112624757690001331e+01
2.219287178605131032e+02 1.506621977807425655e-02 4.108171832072778784e+01
2.218653151540789565e+02 1.104050353993408194e-02 4.110047555516300122e+01
2.219588688946015509e+02 1.347638726832374977e-02 4.122316692776489333e+01
2.220330843215552363e+02 1.245368799304564546e-02 4.123072560513580953e+01
2.222079008167648340e+02 1.206785144828163327e-02 4.127767215050414507e+01
2.225064034920531526e+02 1.781356192211680164e-02 4.147282641539255366e+01
2.228373908152307763e+02 2.076079528814551989e-02 4.172744599450531666e+01
2.232328081927509231e+02 2.011463529149253721e-02 4.179391215013225036e+01
2.234656535745664030e+02 2.411710836428548194e-02 4.202646001943128340e+01
2.235758401242114815e+02 3.244281019166313923e-02 4.211081876374252175e+01
2.235966660003626032e+02 3.981554223980438706e-02 4.221888553670792987e+01
2.236373508369863714e+02 3.287978170019106167e-02 4.225626519521934910e+01
2.238889348587048005e+02 3.964819144930432915e-02 4.239173101149606993e+01
2.241008939321392575e+02 3.982948813901272117e-02 4.252136279327064017e+01
2.243534402209030532e+02 4.274418107355532070e-02 4.261188097639888639e+01
2.244075270666660344e+02 3.472064039569165012e-02 4.263231171873910341e+01
2.243397406992473861e+02 3.981554223980438706e-02 4.256146190212768232e+01
2.232897864882831129e+02 2.164868420440969193e-02 4.174623576937201364e+01
2.219005471441122666e+02 1.269076827958738780e-02 4.073488380741643056e+01
2.216103236843206332e+02 6.531329462571531207e-03 4.045543587907975791e+01
2.215594165035771255e+02 9.032294053933440786e-03 4.036849714341497730e+01
2.216579117410525441e+02 1.240255302928174042e-02 4.043717604838297319e+01
2.218899808011454127e+02 1.445724884597684133e-02 4.066021281442191793e+01
2.222357228856854761e+02 1.493605805212977131e-02 4.090050065778157773e+01
2.225453822803404762e+02 1.967766378296461824e-02 4.115620336839952387e+01
2.226680690043092739e+02 2.177884593035418065e-02 4.131729709878810297e+01
2.230322010812720634e+02 1.870145083838097369e-02 4.154819005471441073e+01
2.232470748476410449e+02 2.300143642761845811e-02 4.176356122482184219e+01
2.232665386743028080e+02 1.934761083503395984e-02 4.177085028147472912e+01
2.230392763008037491e+02 2.276435614107671576e-02 4.149490277383934966e+01
2.228091178289024015e+02 1.862707270926983877e-02 4.113484754807848987e+01
2.225978792935937065e+02 1.314633432039308790e-02 4.086633785335422431e+01
2.225483481082387698e+02 1.349498180060153263e-02 4.084321090383372876e+01
2.225780203331210316e+02 1.957539385543680815e-02 4.088914404719292151e+01
2.226596782216189467e+02 2.318273311732685013e-02 4.114828209764918654e+01
2.228222781091220099e+02 2.180208909570140879e-02 4.151917328709492949e+01
2.230300906018585181e+02 2.150457657925686911e-02 4.164045147524370805e+01
2.231576769850825315e+02 2.952811725712054317e-02 4.179197367014229769e+01
2.232609463687202833e+02 2.884011956284254774e-02 4.192858305015410281e+01
2.232947186879698052e+02 3.089481537953764692e-02 4.196878907757174204e+01
2.232838501838534455e+02 3.653360729277555646e-02 4.193216249761757553e+01
2.233668840677398748e+02 3.724019951933134343e-02 4.194102744088100820e+01
2.233510601207714785e+02 3.572009650562252281e-02 4.193996755254117659e+01
2.233897599910746123e+02 4.524514566491723289e-02 4.194699628574218053e+01
2.234162339564051081e+02 3.119697652905163363e-02 4.204167964410065395e+01
2.235707963573311190e+02 2.788250115053668432e-02 4.213450354923134711e+01
2.236738565524807427e+02 3.329815867644118910e-02 4.220730114309887426e+01
2.236626347522511082e+02 2.852866114718967047e-02 4.220490709706810861e+01
2.234673689201690365e+02 2.568369770868875884e-02 4.207204916394334049e+01
2.225463306014866305e+02 2.044933687249264262e-02 4.124669830836242568e+01
2.216748095222599773e+02 1.444795157983794903e-02 4.049210429673154721e+01
2.213246744794693086e+02 1.043618124090611200e-02 4.018222176768921372e+01
2.212310138203861243e+02 1.444330294676850202e-02 4.008280145223297097e+01
2.213379695700479317e+02 1.766480566389453180e-02 4.015616617933496713e+01
2.214864980452497889e+02 1.176104166569820128e-02 4.045635165979443570e+01
2.217497780277709296e+02 1.637713430365800998e-02 4.074475750405593288e+01
2.220407452688536978e+02 1.748350897418613978e-02 4.099364531859406924e+01
2.223260737180232240e+02 2.050976910239543996e-02 4.122525416401307297e+01
2.225375725767837878e+02 2.062598492913158763e-02 4.130822296703654217e+01
2.225410032679890548e+02 2.128144219192346434e-02 4.129902797082517907e+01
2.225178205348717313e+02 2.318273311732685013e-02 4.129399814984403605e+01
2.223455143015196427e+02 2.225300650343766534e-02 4.111955819391307898e+01
2.221142448063147015e+02 1.412719589804617946e-02 4.101752999530488353e+01
2.219523422137720274e+02 1.552178581887995838e-02 4.092028059149207309e+01
2.219011375205120942e+02 1.647475559811637305e-02 4.083701427595215705e+01
