2.317724743859648981e+02 1.510175438596491337e-01 4.734526315789473472e+01
2.321763873684210466e+02 1.638512280701754364e-01 4.764974596491227743e+01
2.322801852631579038e+02 1.698750877192982400e-01 4.773942456140350998e+01
2.328054905263157934e+02 1.832477192982456260e-01 4.821310877192982502e+01
2.332840533333333326e+02 1.881712280701754447e-01 4.872300912280702079e+01
2.334747564912280779e+02 2.042498245614035035e-01 4.909544421052631691e+01
2.335517754385964793e+02 2.033796491228070102e-01 4.954236070175438300e+01
2.335333782456140455e+02 1.653838596491228052e-01 4.948491228070175652e+01
2.333434049122807039e+02 1.371340350877192915e-01 4.934331508771929720e+01
2.331843929824561314e+02 1.107817543859649090e-01 4.908548491228069821e+01
2.331908996491227981e+02 1.131340350877192980e-01 4.904135298245613939e+01
2.332906498245613989e+02 1.145880701754385944e-01 4.916042105263157680e+01
2.335139536842105201e+02 1.915957894736842193e-01 4.943729964912280650e+01
2.338138554385965051e+02 2.216926315789473634e-01 4.979329684210526352e+01
2.341244407017543949e+02 2.486063157894736753e-01 5.004302035087719247e+01
2.344911887719298136e+02 2.695803508771930090e-01 5.041380491228070326e+01
2.347404575438596623e+02 2.788715789473684148e-01 5.068149894736841787e+01
2.350228940350877167e+02 3.423494736842105368e-01 5.088363789473684307e+01
2.352142091228070058e+02 3.979564912280701972e-01 5.095584000000000202e+01
2.353627340350877262e+02 4.128954385964912488e-01 5.100852210526316100e+01
2.354719382456140409e+02 4.240842105263157857e-01 5.107362245614034890e+01
2.356706919298245566e+02 4.398428070175438576e-01 5.120282385964912208e+01
2.357699312280701633e+02 4.742399999999999949e-01 5.128578807017543539e+01
2.358151185964912315e+02 4.500098245614034820e-01 5.129139649122807043e+01
2.357692575438596521e+02 4.318540350877193013e-01 5.124953824561403337e+01
2.359266470175438712e+02 4.477978947368421170e-01 5.131172491228070243e+01
2.359896870175438721e+02 4.806343859649122585e-01 5.145196350877193225e+01
2.360292322807017626e+02 4.991999999999999771e-01 5.155427929824561062e+01
2.358400785964912245e+02 4.718708771929824297e-01 5.132955508771929942e+01
2.352753796491228115e+02 4.202217543859649296e-01 5.072380070175438505e+01
2.340129740350877228e+02 3.006708771929824664e-01 4.971384701754386271e+01
2.328205642105263280e+02 2.374456140350877098e-01 4.868809543859649125e+01
2.324361712280701795e+02 2.261726315789473751e-01 4.833364210526315929e+01
2.323851957894736984e+02 2.250049122807017410e-01 4.832208280701754433e+01
2.325540491228070152e+02 2.191607017543859559e-01 4.848152701754386129e+01
2.328347508771929881e+02 2.489319298245614154e-01 4.872669192982456110e+01
2.332002301754386053e+02 2.675368421052631840e-01 4.893597192982456079e+01
2.337367129824561403e+02 2.753515789473684472e-01 4.961205333333333556e+01
2.343408673684210441e+02 2.849908771929824391e-01 5.006508912280701651e+01
2.346619677192982465e+02 2.931817543859648878e-01 5.034464561403508753e+01
2.348507621052631578e+02 2.989642105263157768e-01 5.047214596491227923e+01
2.348950680701754266e+02 2.959438596491227869e-01 5.037671298245614082e+01
2.346666835087719392e+02 3.324126315789473485e-01 5.020367719298245390e+01
2.343598708771929751e+02 3.090694736842105050e-01 4.985943017543859668e+01
2.340816112280701873e+02 3.431803508771930078e-01 4.972117894736842203e+01
2.340412463157894649e+02 3.333838596491228157e-01 4.967349333333333306e+01
2.340887859649122902e+02 3.592421052631579181e-01 4.972616421052631352e+01
2.343020631578947359e+02 3.723621052631578832e-01 4.993695438596490987e+01
2.346439803508772002e+02 3.558512280701754404e-01 5.033388912280701533e+01
2.349865880701754293e+02 3.996519298245613805e-01 5.065342315789473560e+01
2.351881038596491180e+02 4.040926315789473700e-01 5.086456701754386245e+01
2.353667480701754471e+02 4.102512280701754444e-01 5.100707929824561404e+01
2.355248224561403561e+02 4.216084210526315768e-01 5.123109052631578919e+01
2.357253894736842028e+02 4.553487719298245362e-01 5.134850245614035202e+01
2.359123536842105295e+02 4.651396491228070307e-01 5.146105824561403352e+01
2.359900182456140385e+02 4.823073684210526513e-01 5.160223438596491263e+01
2.360478821052631702e+02 4.677501754385964827e-01 5.167654175438596553e+01
2.360790231578947385e+02 4.983635087719298085e-01 5.148884771929824211e+01
2.361069754385964927e+02 5.704364912280701638e-01 5.148334035087719229e+01
2.361206119298245483e+02 5.854989473684210077e-01 5.143561543859649277e+01
2.361174063157894807e+02 6.058947368421052637e-01 5.129416421052631847e+01
2.357313571929824434e+02 5.160140350877192583e-01 5.092080842105263372e+01
2.346348294736842206e+02 3.756070175438596670e-01 4.993265403508772238e+01
2.331199326315789335e+02 2.639943859649122593e-01 4.858484210526315650e+01
2.322378329824561263e+02 1.931115789473684119e-01 4.787924210526315960e+01
2.317460771929824546e+02 1.660631578947368292e-01 4.747836631578947220e+01
2.316457880701754277e+02 1.681235087719298305e-01 4.746823859649122568e+01
2.319433431578947307e+02 1.369992982456140485e-01 4.809162105263158082e+01
2.322688842105263234e+02 1.414287719298245594e-01 4.863693473684210744e+01
2.327203424561403438e+02 1.219256140350877260e-01 4.905552842105262812e+01
2.331422596491228205e+02 1.372294736842105400e-01 4.946578526315789759e+01
2.334584421052631455e+02 1.349221052631578988e-01 4.979946666666666744e+01
2.336732407017543949e+02 1.776280701754386071e-01 4.989405754385965253e+01
2.337368028070175399e+02 1.832814035087719229e-01 4.985999157894736555e+01
2.336536870175438594e+02 1.843649122807017593e-01 4.983548070175438482e+01
2.334328870175438624e+02 1.677361403508771942e-01 4.955865824561403343e+01
2.332951691228070104e+02 1.523705263157894840e-01 4.934439298245614225e+01
2.331619592982456197e+02 1.910849122807017630e-01 4.917709473684210764e+01
2.331940266666666730e+02 1.623466666666666669e-01 4.915183157894736610e+01
2.333075985964912320e+02 1.700659649122807093e-01 4.930028350877193333e+01
2.335782961403508864e+02 2.023522807017543723e-01 4.950842947368420965e+01
2.338944224561403473e+02 1.979845614035087853e-01 4.980837614035088023e+01
2.342812800000000095e+02 2.668350877192982584e-01 4.998748070175438585e+01
2.345225992982456091e+02 3.323733333333333539e-01 5.003758035087719236e+01
2.347044940350877198e+02 3.176196491228069907e-01 5.021848140350877543e+01
2.348660884210526376e+02 3.794189473684210778e-01 5.026577964912280549e+01
2.350388378947368437e+02 4.124968421052631617e-01 5.039980350877193160e+01
2.351915171929824453e+02 3.893052631578947098e-01 5.061345684210526485e+01
2.352562133333333350e+02 3.676912280701754576e-01 5.081630315789473684e+01
2.353400982456140298e+02 3.470821052631579140e-01 5.095755228070175491e+01
2.354236687719298118e+02 3.349164912280701567e-01 5.110001403508771745e+01
2.354675424561403645e+02 3.333277192982456172e-01 5.116769684210526492e+01
2.355716435087719276e+02 3.644631578947368222e-01 5.124378947368420967e+01
2.357708350877192913e+02 3.692687719298245463e-01 5.145950877192982631e+01
2.359156940350877107e+02 3.838933333333333087e-01 5.157575859649122663e+01
2.356383775438596615e+02 3.558119298245613904e-01 5.133811087719298172e+01
2.347025459649122752e+02 2.873094736842105035e-01 5.043266807017543840e+01
2.332884435087719339e+02 1.897207017543859620e-01 4.928211649122807358e+01
2.322868491228070127e+02 1.418835087719298171e-01 4.853829052631579088e+01
2.318241291228070224e+02 1.296898245614035161e-01 4.813399017543859770e+01
2.317044996491227948e+02 1.085698245614035023e-01 4.802056421052631663e+01
2.318449964912280734e+02 1.083284210526315738e-01 4.815249964912280944e+01
2.322036154385965006e+02 1.053473684210526340e-01 4.855063578947368086e+01
2.326282442105263044e+02 1.118035087719298215e-01 4.893170526315789459e+01
2.329317670175438479e+02 1.075592982456140406e-01 4.918164771929824752e+01
2.332990259649122891e+02 1.211564912280701789e-01 4.955095578947368296e+01
2.335881150877193022e+02 1.342708771929824463e-01 4.976888701754386091e+01
2.337407887719298287e+02 1.276463157894736911e-01 4.980578807017543852e+01
2.337257207017543976e+02 1.041796491228070137e-01 4.979292631578947237e+01
2.335499677192982517e+02 1.011985964912280739e-01 4.958280421052631226e+01
2.333897094736842064e+02 9.708912280701754993e-02 4.950932210526315913e+01
2.333639129824561280e+02 9.451789473684210630e-02 4.955095578947368296e+01
2.334124070175438703e+02 1.012771929824561462e-01 4.938682385964911958e+01
2.335901249122807144e+02 1.204154385964912310e-01 4.952241403508772066e+01
2.338999298245614114e+02 1.747031578947368380e-01 4.967199999999999704e+01
2.342705066666666767e+02 1.751915789473684204e-01 4.995194385964911987e+01
2.346128505263157820e+02 2.091284210526315746e-01 5.020447438596491452e+01
2.348368954385964855e+02 2.583635087719298173e-01 5.054370245614035184e+01
2.350951129824561292e+02 2.980378947368421128e-01 5.077981192982456093e+01
2.353115901754385959e+02 2.980715789473684096e-01 5.103374035087719562e+01
2.355415803508771830e+02 2.980435087719298104e-01 5.114080561403508796e+01
2.356517782456140253e+02 3.105347368421052523e-01 5.125145824561403174e+01
2.357776898245614063e+02 3.776280701754385905e-01 5.124282947368421048e+01
2.359966428070175368e+02 4.142540350877192967e-01 5.135126456140351081e+01
2.361609712280701672e+02 4.549052631578947570e-01 5.146983298245613980e+01
2.362852322807017629e+02 4.562414035087719033e-01 5.157758315789473613e+01
2.364686147368421132e+02 4.772996491228070348e-01 5.175646877192982487e+01
2.365969571929824440e+02 5.206736842105262886e-01 5.189628070175438523e+01
2.367188098245613901e+02 6.126091228070175143e-01 5.196150456140350826e+01
2.367107312280701876e+02 6.190203508771929819e-01 5.190458947368421150e+01
2.367327270175438514e+02 6.166175438596491754e-01 5.186188912280701402e+01
2.368943719298245583e+02 6.381080701754385798e-01 5.199095017543859854e+01
2.371335859649122710e+02 6.752168421052631153e-01 5.203230877192982717e+01
2.371824224561403582e+02 6.577066666666666617e-01 5.194489263157894499e+01
2.367292350877193030e+02 5.916968421052631877e-01 5.143937122807017204e+01
2.355633852631578975e+02 5.001656140350877466e-01 5.017140210526315514e+01
2.338519522807017665e+02 3.009459649122807057e-01 4.894148491228069986e+01
2.329393908771929773e+02 2.137543859649122802e-01 4.827927017543859733e+01
2.325210049122806879e+02 1.857403508771929834e-01 4.807899508771929931e+01
2.325455270175438613e+02 1.770722807017543754e-01 4.814228771929824546e+01
2.328250610526315825e+02 1.888392982456140456e-01 4.850643649122807233e+01
2.331826470175438715e+02 1.917698245614035124e-01 4.877118877192982183e+01
2.335558512280701677e+02 1.952842105263157824e-01 4.939367298245613824e+01
2.339679157894736932e+02 1.809010526315789347e-01 4.992150456140350911e+01
2.343330526315789371e+02 1.628856140350877224e-01 5.031084912280702071e+01
2.344572350877193117e+02 1.683592982456140474e-01 5.048567017543859947e+01
2.344546975438596519e+02 1.505066666666666775e-01 5.044927438596491243e+01
2.342057936842105335e+02 1.964743859649122903e-01 5.015930385964912119e+01
2.338446259649122680e+02 1.976084210526315721e-01 4.967923087719298536e+01
2.336006063157894630e+02 1.887494736842105225e-01 4.943201122807017356e+01
2.335969010526315799e+02 1.835003508771929914e-01 4.940244210526315527e+01
2.337206400000000031e+02 2.028294736842105317e-01 4.949954245614035386e+01
2.338586666666666645e+02 1.845052631578947278e-01 4.966165333333333365e+01
2.340212098245613959e+02 2.112785964912280712e-01 4.974746385964912321e+01
2.342891059649122667e+02 2.444350877192982552e-01 5.004183017543859791e+01
2.346145684210526383e+02 2.778273684210526562e-01 5.036849964912281052e+01
2.348563649122806964e+02 2.931817543859648878e-01 5.057436070175438658e+01
2.350267621052631455e+02 2.921319298245613760e-01 5.060841543859648795e+01
2.351260014035087806e+02 2.946807017543859875e-01 5.062687438596491063e+01
2.352995985964912222e+02 2.953768421052631599e-01 5.074641964912280656e+01
2.353824954385964929e+02 3.179059649122806808e-01 5.081130666666666684e+01
2.354720561403508725e+02 3.223522807017543679e-01 5.092093192982456173e+01
2.355070315789473625e+02 3.265122807017543649e-01 5.095412210526315988e+01
2.355261417543859750e+02 3.117866666666666564e-01 5.114614456140350995e+01
2.356231635087719383e+02 3.251143859649122669e-01 5.116661894736841987e+01
2.356404547368421163e+02 3.280561403508772123e-01 5.116953263157894582e+01
2.356089094736842071e+02 3.151270175438596333e-01 5.122344421052631702e+01
2.356485445614034973e+02 3.207522807017543776e-01 5.095717614035087450e+01
2.357508884210526219e+02 3.383242105263157828e-01 5.097363087719298136e+01
2.357943466666666552e+02 3.909614035087719541e-01 5.084356491228070496e+01
2.358336729824561360e+02 3.879242105263158158e-01 5.081871719298245438e+01
2.356116715789473801e+02 3.541445614035087508e-01 5.058307368421052530e+01
2.345663326315789448e+02 3.157838596491228111e-01 4.990679017543859430e+01
2.329750175438596500e+02 2.304673684210526430e-01 4.872709614035088066e+01
2.319162891228070293e+02 1.698975438596491139e-01 4.788913403508772149e+01
2.314143270175438545e+02 1.435508771929824567e-01 4.758625122807017505e+01
2.314682498245614113e+02 1.529656140350877103e-01 4.767114105263157597e+01
2.317702343859649261e+02 1.157501754385964893e-01 4.805859368421052835e+01
2.322293950877192970e+02 1.197698245614035040e-01 4.848496842105263482e+01
2.325849150877193097e+02 1.337431578947368416e-01 4.879037754385964831e+01
2.329760168421052526e+02 1.211677192982456158e-01 4.912774175438596558e+01
2.331415129824561348e+02 1.429277192982456035e-01 4.929844210526315607e+01
2.331681010526315845e+02 1.703635087719298224e-01 4.930732912280701896e+01
2.330631466666666540e+02 1.776505263157894809e-01 4.919223578947368480e+01
2.328099873684210479e+02 1.632898245614035071e-01 4.901639859649122855e+01
2.326580771929824607e+02 1.598035087719298364e-01 4.883704701754385979e+01
2.323949136842105361e+02 1.472561403508771960e-01 4.860305403508771604e+01
2.323506414035087744e+02 1.386442105263157865e-01 4.852015157894737030e+01
2.322797192982456238e+02 1.447354385964912393e-01 4.854857543859649383e+01
2.324179592982456199e+02 1.488224561403508894e-01 4.866676771929824241e+01
2.326848954385964987e+02 1.497712280701754273e-01 4.900645052631578835e+01
2.329983719298245717e+02 1.748715789473684334e-01 4.919828771929824285e+01
2.333556378947368444e+02 2.053501754385964884e-01 4.933716771929824318e+01
2.336365866666666591e+02 2.231803508771929845e-01 4.951263999999999754e+01
2.338587059649122750e+02 2.057207017543859762e-01 4.975507087719298482e+01
2.341457459649122939e+02 2.100659649122806893e-01 4.992080280701754447e+01
2.343069529824561528e+02 2.232084210526315837e-01 5.003315087719298049e+01
2.344857038596491350e+02 2.323536842105263234e-01 5.010785122807017444e+01
2.346127663157894858e+02 2.377768421052631476e-01 5.037251929824561358e+01
2.347435845614035088e+02 1.925950877192982580e-01 5.052217824561403603e+01
2.348260266666666780e+02 1.992589473684210633e-01 5.061382736842105601e+01
2.349687578947368536e+02 2.029978947368420994e-01 5.072776421052631690e+01
2.349705207017543955e+02 2.340322807017543860e-01 5.074782877192982511e+01
2.350334315789473578e+02 3.036687719298245547e-01 5.066856421052631276e+01
2.351826133333333360e+02 3.149585964912280933e-01 5.083561543859649134e+01
2.352743522807017484e+02 3.503607017543859392e-01 5.092569824561403635e+01
2.353575073684210395e+02 3.528926315789473467e-01 5.099599719298245759e+01
2.355476715789473587e+02 3.767971929824561195e-01 5.114132210526315703e+01
2.356878540350877245e+02 3.840056140350877056e-01 5.134765473684210235e+01
2.358125249122807077e+02 3.867340350877193078e-01 5.150348350877192871e+01
2.355755845614035024e+02 3.730694736842105064e-01 5.116612491228070070e+01
2.346983803508771871e+02 3.021417543859649113e-01 5.046685192982456414e+01
2.331318119298245506e+02 1.683480701754385966e-01 4.901346245614035269e+01
2.317480140350877207e+02 1.443143859649122784e-01 4.792522105263157783e+01
2.311835115789473605e+02 1.161094736842105263e-01 4.754215859649122677e+01
2.311745066666666730e+02 1.176364912280701697e-01 4.751489122807017651e+01
2.313982147368421067e+02 1.363649122807017444e-01 4.773575298245614107e+01
2.318685417543859728e+02 1.105066666666666697e-01 4.809703859649123103e+01
2.322580715789473800e+02 1.332884210526315838e-01 4.837663438596491261e+01
2.325810694736842095e+02 1.240814035087719341e-01 4.866723929824561168e+01
2.329923312280701850e+02 1.441066666666666607e-01 4.895834385964912627e+01
2.333034722807017545e+02 1.365108771929824660e-01 4.923021473684210747e+01
2.332959831578947387e+02 1.504000000000000059e-01 4.938487578947368206e+01
2.332797754385964879e+02 1.430849122807017482e-01 4.943358315789473778e+01
2.331265291228070282e+02 1.374989473684210539e-01 4.922603228070175163e+01
2.329003957894736914e+02 1.513936842105263192e-01 4.901061052631578718e+01
2.327864926315789376e+02 1.437810526315789483e-01 4.898877192982455853e+01
2.327789192982456257e+02 1.355901754385964997e-01 4.893491087719298349e+01
2.329012659649122838e+02 1.384982456140350926e-01 4.909086877192982712e+01
2.330965726315789368e+02 1.373473684210526347e-01 4.925423157894736903e+01
2.333232617543859533e+02 1.636940350877192918e-01 4.948555789473684285e+01
2.337140154385965047e+02 1.707789473684210579e-01 4.987419508771930055e+01
2.338915929824561317e+02 1.786217543859649204e-01 5.004925192982456394e+01
2.340970329824561418e+02 2.149557894736842112e-01 5.011952280701754603e+01
2.341874021052631463e+02 1.963621052631578934e-01 5.023097263157895043e+01
2.343260743859649153e+02 1.874077192982456230e-01 5.030184421052631905e+01
2.344805108771929838e+02 2.170385964912280585e-01 5.037829614035087644e+01
2.346034357894736786e+02 2.311073684210526447e-01 5.036967859649122659e+01
2.347564182456140429e+02 2.614400000000000057e-01 5.049204771929824886e+01
2.347905066666666585e+02 2.523845614035087892e-01 5.053423719298245942e+01
2.348684182456140377e+02 2.793150877192982495e-01 5.058490947368421331e+01
2.349524378947368461e+02 2.822456140350877440e-01 5.064709052631578601e+01
2.350447831578947273e+02 3.030792982456140261e-01 5.069328842105262822e+01
2.351890975438596456e+02 3.315031578947368329e-01 5.075678877192982696e+01
2.352907452631579019e+02 3.521684210526315750e-01 5.087680000000000291e+01
2.354148322807017450e+02 3.785880701754386068e-01 5.096784280701754710e+01
2.355264842105263199e+02 3.844828070175438373e-01 5.101654456140350646e+01
2.356694231578947267e+02 4.074666666666666437e-01 5.110838456140351127e+01
2.358799943859649204e+02 3.869473684210526510e-01 5.132491228070175282e+01
2.359759887719298206e+02 3.753880701754385707e-01 5.132776982456140047e+01
2.354598175438596570e+02 3.411368421052631827e-01 5.084519859649122964e+01
2.340975887719298214e+02 2.242975438596491178e-01 4.980081403508771842e+01
2.327299087719298143e+02 1.709192982456140264e-01 4.863102315789473806e+01
2.318229277192982352e+02 1.590905263157894600e-01 4.800186947368420931e+01
2.316389782456140267e+02 1.570301754385964865e-01 4.790448280701754413e+01
2.315873459649122879e+02 1.454259649122807141e-01 4.791622736842105468e+01
2.319128028070175560e+02 1.649235087719298221e-01 4.819561543859649078e+01
2.323225150877192959e+02 1.306610526315789556e-01 4.864723087719298178e+01
2.327856449122807021e+02 1.333052631578947322e-01 4.894358456140351166e+01
2.331040280701754455e+02 1.737543859649122724e-01 4.916064000000000078e+01
2.335371901754386101e+02 1.800982456140350907e-01 4.946890666666666903e+01
2.337517810526315714e+02 2.041431578947368319e-01 4.964835368421052664e+01
2.337493557894736966e+02 1.870371929824561352e-01 4.947811368421052691e+01
2.335908603508771932e+02 1.642329824561403473e-01 4.920462035087719244e+01
2.334177852631578958e+02 1.717389473684210466e-01 4.892292491228069906e+01
2.332516996491227985e+02 1.481880701754385854e-01 4.887238175438596244e+01
2.331644968421052511e+02 1.841796491228070154e-01 4.874713824561403186e+01
2.330825600000000009e+02 1.795705263157894860e-01 4.895530105263157594e+01
2.332577291228070067e+02 2.004715789473684173e-01 4.910796350877193106e+01
2.334957922807017496e+02 2.169150877192982385e-01 4.935710315789473412e+01
2.336765136842105335e+02 2.379845614035087653e-01 4.959363929824561268e+01
2.339318399999999940e+02 2.614736842105263026e-01 4.983221333333333547e+01
2.342200196491228041e+02 2.123396491228070060e-01 5.015060210526316098e+01
2.344167298245614006e+02 1.906357894736842029e-01 5.040780350877192717e+01
2.347010414035087820e+02 1.961375438596491272e-01 5.065064982456140541e+01
2.348778554385964981e+02 2.007971929824561297e-01 5.085915508771930149e+01
2.350989192982456188e+02 1.884182456140350848e-01 5.106571789473684220e+01
2.351533249122807092e+02 2.396800000000000042e-01 5.099817543859649049e+01
2.352357333333333429e+02 2.744757894736842285e-01 5.102309614035088003e+01
2.352427452631579001e+02 3.226666666666666572e-01 5.091477333333333632e+01
2.352879775438596539e+02 3.406428070175438472e-01 5.086221473684210537e+01
2.353403621052631536e+02 3.321880701754386100e-01 5.097101473684210760e+01
2.354037108771929923e+02 3.814007017543859512e-01 5.099712000000000245e+01
2.355075705263157886e+02 3.566203508771929598e-01 5.107809684210526058e+01
2.355927242105263133e+02 3.888336842105263313e-01 5.124479999999999791e+01
2.357476098245614082e+02 4.089880701754385894e-01 5.141044210526315794e+01
2.359494343859649064e+02 4.386750877192982512e-01 5.153114385964912003e+01
2.361849431578947360e+02 4.142989473684210444e-01 5.156522666666666765e+01
2.360391298245613996e+02 4.113740350877193030e-01 5.127390877192982543e+01
2.351702343859649034e+02 3.004238596491228264e-01 5.042899087719298024e+01
2.338614736842105231e+02 2.219789473684210535e-01 4.927520561403508736e+01
2.327395817543859664e+02 1.581249122807017460e-01 4.834408421052631866e+01
2.322476968421052561e+02 1.386329824561403634e-01 4.811664842105263062e+01
2.321961263157894848e+02 1.468182456140350867e-01 4.804647859649122665e+01
2.323009122807017661e+02 1.640645614035087796e-01 4.815346526315789788e+01
2.326011845614034996e+02 1.622961403508771938e-01 4.845364210526315674e+01
2.329803845614034969e+02 1.540266666666666728e-01 4.879799017543859918e+01
2.334124912280701665e+02 1.882835087719298139e-01 4.920901614035087590e+01
2.338479214035087637e+02 2.123059649122807091e-01 4.971758035087719207e+01
2.340822512280701631e+02 2.466975438596491210e-01 4.999609263157894645e+01
2.343841122807017427e+02 2.502175438596491164e-01 5.006350035087719164e+01
2.342096112280701732e+02 2.173305263157894740e-01 5.000526596491228304e+01
2.339453305263157858e+02 1.883059649122807155e-01 4.976257684210526122e+01
2.337037642105263160e+02 1.921178947368420986e-01 4.954613333333333003e+01
2.336344364912280582e+02 2.057487719298245477e-01 4.961410807017544045e+01
2.336342512280701840e+02 1.941052631578947252e-01 4.961092491228070145e+01
2.337767522807017428e+02 1.905178947368421083e-01 4.969059368421052625e+01
2.340253249122806949e+02 2.309557894736841976e-01 4.979330245614035277e+01
2.342976673684210596e+02 2.350035087719298255e-01 4.994313543859649229e+01
2.345255354385964779e+02 2.330835087719298204e-01 5.010620631578947126e+01
2.348532996491228175e+02 2.823185964912280910e-01 5.030647578947368714e+01
2.351652491228070119e+02 2.811059649122806814e-01 5.056666385964912536e+01
2.354011452631579004e+02 3.187817543859648994e-01 5.085421473684210270e+01
2.355578778947368335e+02 3.722385964912280909e-01 5.099448140350877168e+01
2.357600449122807049e+02 3.958400000000000252e-01 5.113089684210526542e+01
2.359834666666666578e+02 3.817599999999999882e-01 5.131308912280701406e+01
2.362308828070175366e+02 4.162807017543859733e-01 5.150051929824561370e+01
2.363632392982456167e+02 4.730554385964912401e-01 5.154558877192982180e+01
2.364536084210526212e+02 4.805726315789473624e-01 5.147859087719298543e+01
2.365574512280701640e+02 4.981389473684210700e-01 5.150163649122806930e+01
2.366503747368421102e+02 5.168898245614035325e-01 5.160290245614034887e+01
2.366899480701754328e+02 4.935017543859648859e-01 5.170368561403508778e+01
2.367813614035087824e+02 5.107873684210526566e-01 5.177570245614035116e+01
2.369002610526315777e+02 5.343494736842104853e-01 5.189543298245614267e+01
2.370151578947368307e+02 5.272701754385964446e-01 5.195992701754386189e+01
2.368118512280701680e+02 5.222007017543859320e-01 5.166161403508771599e+01
2.359183270175438736e+02 4.160112280701754317e-01 5.084998736842105416e+01
2.346467368421052697e+02 2.909080701754385712e-01 4.969844771929824390e+01
2.338011845614035167e+02 2.407522807017543898e-01 4.895522245614034773e+01
2.334710512280701664e+02 2.018189473684210422e-01 4.872455859649122800e+01
2.335147564912280700e+02 2.155677192982456136e-01 4.874282105263157661e+01
2.338244659649122923e+02 2.473656140350877219e-01 4.908591719298245692e+01
2.342306638596491268e+02 2.727691228070175389e-01 4.957869473684210249e+01
2.346212603508771792e+02 2.835480701754385935e-01 4.993097543859649079e+01
2.351303410526315929e+02 3.425291228070175276e-01 5.037840842105263306e+01
2.355222175438596537e+02 3.742428070175438659e-01 5.080229052631578668e+01
2.358097628070175347e+02 3.825908771929824592e-01 5.103114666666666466e+01
2.358513571929824479e+02 3.945375438596491202e-01 5.102707087719298329e+01
2.355924940350877250e+02 4.154722807017544040e-01 5.091696842105262988e+01
2.350739199999999869e+02 3.196350877192982720e-01 5.045658385964912185e+01
2.347567607017543878e+02 3.360224561403508670e-01 5.023150035087719090e+01
2.346215185964912280e+02 2.987452631578947360e-01 5.002842947368421278e+01
2.346268014035087788e+02 3.029333333333333322e-01 5.005955368421052754e+01
2.347030287719298371e+02 3.232729824561403342e-01 5.017142456140351214e+01
2.349471494736842203e+02 3.394863157894736916e-01 5.036757333333333264e+01
2.351476884210526350e+02 3.624814035087719488e-01 5.056330666666666929e+01
2.353388070175438713e+02 3.705094736842104997e-01 5.082114807017543967e+01
2.355241431578947413e+02 3.746807017543859475e-01 5.100643368421052770e+01
2.356890049122806943e+02 3.917024561403508742e-01 5.115488561403508783e+01
2.359469192982456036e+02 4.019705263157895003e-01 5.133018385964912511e+01
2.360542708771929767e+02 4.414989473684210464e-01 5.136414315789473761e+01
2.360870400000000018e+02 4.140294736842105028e-01 5.141525894736842162e+01
2.360900884210526272e+02 4.277221052631579035e-01 5.128576561403508549e+01
2.361283143859648987e+02 3.873908771929824302e-01 5.133016140350877521e+01
2.361895915789473577e+02 4.007578947368420907e-01 5.133739228070175642e+01
2.362334203508771964e+02 4.266161403508771932e-01 5.132266666666667021e+01
2.362543382456140364e+02 4.317473684210526574e-01 5.132024701754385632e+01
2.361361571929824663e+02 4.081852631578947177e-01 5.132008982456140700e+01
2.356109698245614084e+02 3.832196491228070379e-01 5.088158877192982743e+01
2.344611985964912151e+02 3.101024561403508684e-01 4.981792561403509012e+01
2.330308098245614019e+02 2.193515789473684252e-01 4.860764631578947359e+01
2.322110091228070132e+02 1.757585964912280752e-01 4.800532771929824349e+01
2.319708070175438479e+02 1.418442105263157949e-01 4.778701473684210299e+01
2.320223943859649012e+02 1.343831578947368433e-01 4.788011228070175207e+01
2.322592561403508853e+02 1.422428070175438541e-01 4.807207859649123094e+01
2.326788715789473656e+02 1.285726315789473551e-01 4.846965333333333348e+01
2.330637754385964797e+02 1.597978947368421110e-01 4.867782736842105606e+01
2.333463859649122867e+02 1.544701754385964798e-01 4.918723929824561480e+01
2.336361936842105251e+02 2.026666666666666616e-01 4.958376421052631855e+01
2.338006231578947336e+02 2.312533333333333385e-01 4.979018105263158134e+01
2.337418554385965024e+02 2.039691228070175388e-01 4.977521403508772124e+01
2.334986442105263222e+02 1.794638596491228144e-01 4.957395087719298488e+01
2.331456617543859693e+02 1.836407017543859599e-01 4.909441684210526091e+01
2.328822063157894604e+02 1.807775438596491147e-01 4.878778385964912445e+01
2.328328645614035111e+02 1.862399999999999889e-01 4.864737684210525970e+01
2.329049319298245564e+02 1.866947368421052744e-01 4.862161403508771684e+01
2.330560617543859507e+02 2.083143859649122798e-01 4.874480280701754253e+01
2.333246428070175398e+02 2.246175438596491325e-01 4.910178807017543789e+01
2.336060519298245595e+02 2.230287719298245652e-01 4.941368140350877525e+01
2.338352673684210572e+02 2.466189473684210487e-01 4.964884771929824581e+01
2.341908210526315770e+02 2.647298245614034817e-01 4.999380210526315693e+01
2.343954189473684266e+02 2.955340350877193045e-01 5.027056280701754076e+01
2.346321852631579077e+02 2.951522807017543659e-01 5.036427789473684413e+01
2.347997080701754271e+02 3.149978947368420878e-01 5.038120421052631315e+01
2.349194554385964864e+02 3.075031578947368671e-01 5.051410526315789440e+01
2.349956771929824697e+02 3.089515789473684104e-01 5.059068631578947617e+01
2.350883536842105173e+02 3.146105263157894516e-01 5.061080701754386268e+01
2.351884631578947449e+02 3.492884210526315814e-01 5.070342736842105325e+01
2.352471522807017550e+02 3.512814035087719056e-01 5.073547228070175663e+01
2.352277557894736901e+02 3.535326315789473761e-01 5.067553122807017729e+01
2.352775635087719195e+02 3.948687719298245580e-01 5.065188491228069978e+01
2.352644435087719330e+02 3.822708771929824723e-01 5.067485754385965180e+01
2.348732687719298156e+02 3.401094736842105171e-01 5.022445473684210526e+01
2.336498638596491162e+02 2.683789473684210503e-01 4.919936561403508790e+01
2.319623578947368401e+02 1.586245614035087792e-01 4.782709333333333035e+01
2.309998203508772008e+02 1.190680701754385923e-01 4.697241824561403689e+01
2.307093726315789581e+02 1.238568421052631541e-01 4.676043789473683887e+01
2.308560954385964976e+02 1.242610526315789526e-01 4.707749614035087404e+01
2.311442357894736972e+02 1.210722807017543812e-01 4.757352982456140467e+01
2.313800589473684113e+02 1.176926315789473682e-01 4.779159578947368203e+01
2.316471242105263286e+02 1.247999999999999943e-01 4.801493894736842094e+01
2.319231550877192944e+02 1.493164912280701695e-01 4.836156070175438515e+01
2.321924884210526443e+02 1.321824561403508735e-01 4.859709754385964686e+01
2.323057571929824690e+02 1.309585964912280687e-01 4.876035929824561066e+01
2.323985235087719161e+02 1.196687719298245578e-01 4.884412631578947384e+01
2.322431438596491091e+02 1.013670175438596555e-01 4.867945543859649149e+01
2.320728926315789522e+02 9.388912280701754154e-02 4.852390736842104957e+01
2.318850919298245685e+02 9.634245614035087668e-02 4.831403228070175260e+01
2.317940435087719209e+02 9.672421052631578753e-02 4.821078456140350710e+01
2.317636996491227990e+02 9.417543859649123161e-02 4.813490526315789708e+01
2.318544336842105338e+02 1.047242105263157946e-01 4.815295438596491095e+01
2.320185824561403649e+02 9.277192982456140824e-02 4.826083929824561380e+01
2.323108266666666566e+02 1.271129824561403610e-01 4.862177684210526252e+01
2.326068884210526448e+02 1.358708771929824644e-01 4.885856561403508636e+01
2.328267284210526213e+02 1.576084210526315921e-01 4.911040561403508775e+01
2.329128477192982416e+02 1.758708771929824444e-01 4.924343017543859702e+01
2.330686652631578966e+02 1.860771929824561466e-01 4.935102315789473693e+01
2.333614540350877178e+02 1.587200000000000000e-01 4.935167438596491252e+01
2.335659621052631678e+02 1.170582456140350919e-01 4.941880701754386251e+01
2.337050835087719349e+02 1.391438596491228197e-01 4.953909333333333365e+01
2.337930835087719288e+02 1.224084210526315830e-01 4.952184701754386253e+01
2.337671410526315867e+02 1.324463157894736898e-01 4.939217403508772009e+01
2.337915284210526181e+02 1.798512280701754507e-01 4.932724210526316000e+01
2.337549249122806998e+02 1.993768421052631579e-01 4.915395929824561705e+01
2.336595873684210574e+02 2.149164912280701889e-01 4.905825684210526560e+01
2.337023719298245510e+02 2.074610526315789349e-01 4.904323929824561645e+01
2.339019340350877201e+02 2.171621052631579063e-01 4.915046736842105446e+01
2.340583691228070222e+02 2.205922807017543785e-01 4.948934175438596839e+01
2.342082021052631546e+02 2.197782456140350837e-01 4.980991999999999820e+01
2.339950203508771835e+02 2.288898245614034987e-01 4.961370947368421014e+01
2.330363508771929730e+02 1.676350877192982480e-01 4.886695298245614083e+01
2.312675312280701689e+02 1.103214035087719258e-01 4.753600000000000136e+01
2.303881992982456097e+02 7.740631578947368419e-02 4.669736982456140595e+01
2.302334596491228069e+02 7.981473684210525776e-02 4.649399578947368639e+01
2.303296785964912203e+02 8.589473684210525983e-02 4.662066526315789616e+01
2.305752814035087681e+02 8.119017543859649577e-02 4.688611929824561741e+01
2.309739733333333334e+02 1.036126315789473729e-01 4.716993684210526538e+01
2.313838764912280794e+02 9.752140350877193387e-02 4.760183578947368233e+01
2.316408757894736823e+02 9.193543859649122574e-02 4.792694456140350923e+01
2.318084322807017656e+02 9.873964912280701334e-02 4.815227508771929621e+01
2.319379817543859588e+02 1.051508771929824532e-01 4.822584140350877391e+01
2.320066975438596444e+02 1.069249122807017505e-01 4.831080982456140305e+01
2.318843228070175542e+02 1.041347368421052660e-01 4.803913543859648883e+01
2.315556098245614010e+02 1.013052631578947316e-01 4.778466807017543516e+01
2.313270792982456214e+02 9.149754385964911640e-02 4.754592561403508455e+01
2.312711915789473665e+02 9.141894736842105795e-02 4.747034947368420887e+01
2.313843985964912235e+02 1.023270175438596441e-01 4.754145684210526213e+01
2.316201431578947449e+02 7.648561403508771783e-02 4.781541614035087662e+01
2.319042245614035096e+02 1.027985964912280642e-01 4.819539087719298465e+01
2.322376701754386090e+02 9.177824561403508108e-02 4.844413192982456451e+01
2.324820828070175480e+02 1.127242105263157879e-01 4.867095017543859825e+01
2.327776449122806923e+02 1.491368421052631510e-01 4.888866245614035222e+01
2.329667592982456199e+02 1.355003508771929766e-01 4.902325894736841860e+01
2.331823943859649262e+02 1.554414035087719193e-01 4.911273543859648782e+01
2.333445389473684202e+02 1.899508771929824535e-01 4.921158736842104986e+01
2.335628070175438609e+02 1.761291228070175352e-01 4.938462877192982603e+01
2.336836491228070258e+02 2.018414035087719161e-01 4.940191438596491480e+01
2.338175045614034957e+02 2.105375438596491233e-01 4.946597052631578606e+01
2.339453754385964999e+02 2.654091228070175612e-01 4.945939649122806969e+01
2.342273515789473777e+02 2.904814035087719404e-01 4.974096842105263505e+01
2.343685277192982426e+02 3.023607017543859521e-01 4.983665403508771874e+01
2.344833852631578850e+02 3.027873684210526384e-01 4.991177543859649290e+01
2.346456364912280605e+02 3.341529824561403350e-01 5.002960842105262884e+01
2.348541249122806960e+02 3.439214035087719279e-01 5.024677052631579244e+01
2.350678007017543791e+02 3.617347368421052756e-01 5.045348491228070031e+01
2.353017712280701801e+02 3.892378947368421160e-01 5.076299789473684143e+01
2.354826610526315847e+02 4.009038596491227846e-01 5.084154947368421062e+01
2.354222259649122861e+02 3.516799999999999926e-01 5.067685052631578912e+01
2.345686905263157769e+02 3.062063157894736598e-01 4.982178245614034751e+01
2.331110119298245706e+02 1.921178947368420986e-01 4.864213333333333367e+01
2.318669249122806946e+02 1.445726315789473693e-01 4.760663017543859610e+01
2.314224505263157994e+02 1.308182456140351002e-01 4.719433543859648950e+01
2.314429810526315805e+02 1.354217543859649042e-01 4.736084771929824910e+01
2.316914357894736725e+02 1.197529824561403555e-01 4.778105824561403381e+01
2.321508603508771955e+02 1.454989473684210610e-01 4.821578105263157710e+01
2.326687382456140369e+02 1.588435087719298200e-01 4.872258245614035133e+01
2.330909698245613981e+02 1.768814035087719339e-01 4.904376701754385692e+01
2.334043340350877145e+02 1.856505263157894603e-01 4.929596070175438882e+01
2.336138835087719201e+02 1.787228070175438666e-01 4.947226947368420724e+01
2.336486287719298218e+02 1.975747368421052752e-01 4.951466666666666328e+01
2.334005782456140423e+02 1.836631578947368337e-01 4.929544421052631265e+01
2.330314947368420917e+02 1.546442105263158007e-01 4.892069614035087710e+01
2.326495719298245604e+02 1.267480701754385986e-01 4.855229192982456254e+01
2.325608252631578807e+02 1.414568421052631586e-01 4.839662596491228186e+01
2.326548042105263221e+02 1.314189473684210518e-01 4.846475789473684159e+01
2.328473824561403376e+02 1.363143859649122713e-01 4.858474666666666764e+01
2.330253754385964839e+02 1.591522807017543839e-01 4.872341894736842249e+01
2.332935129824561500e+02 1.952280701754385839e-01 4.898451087719298158e+01
2.336123059649122808e+02 2.293894736842105320e-01 4.928579368421052465e+01
2.339539368421052643e+02 2.606877192982456348e-01 4.947631719298245656e+01
2.341547396491228028e+02 2.712701754385964947e-01 4.964282385964911981e+01
2.344462821052631512e+02 2.813192982456140245e-01 4.992155508771929817e+01
2.346943101754386021e+02 3.237950877192982690e-01 5.008537263157894870e+01
2.349050835087719236e+02 3.311550877192982467e-01 5.022830035087719125e+01
2.350321740350877064e+02 3.465656140350877323e-01 5.024927999999999884e+01
2.350410329824561302e+02 3.314582456140350852e-01 5.030497122807017263e+01
2.350602947368421098e+02 3.307171929824561651e-01 5.029935157894736619e+01
2.352030147368421069e+02 2.940126315789473588e-01 5.054728421052631404e+01
2.352705010526315732e+02 3.093670175438596459e-01 5.060047157894737069e+01
2.354117726315789412e+02 3.403228070175438602e-01 5.083729964912280508e+01
2.354525080701754405e+02 3.410694736842105335e-01 5.088842666666666759e+01
2.354462484210526441e+02 3.073796491228070193e-01 5.078415157894736609e+01
2.349073178947368490e+02 3.009964912280701510e-01 5.026104701754385928e+01
2.334920645614035095e+02 2.527101754385964738e-01 4.904479438596491292e+01
2.318738414035087771e+02 1.648898245614034974e-01 4.754127719298245580e+01
2.309204154385964785e+02 1.250414035087719367e-01 4.676320561403508691e+01
2.308481178947368448e+02 1.250638596491228105e-01 4.671044491228069973e+01
2.310165557894736708e+02 1.210329824561403450e-01 4.692769122807017368e+01
2.313464757894736863e+02 1.133305263157894788e-01 4.743719859649122839e+01
2.316895719298245524e+02 1.371171929824561431e-01 4.778582456140350843e+01
2.319944870175438609e+02 1.466722807017543928e-01 4.809604491228070344e+01
2.323089571929824615e+02 1.716771929824561504e-01 4.836732631578947661e+01
2.326507733333333192e+02 1.383578947368420964e-01 4.860759017543859528e+01
2.328777207017543844e+02 1.495859649122807111e-01 4.881357473684210646e+01
2.328775635087719422e+02 1.541277192982456190e-01 4.880216701754385866e+01
2.327316828070175347e+02 1.480757894736842162e-01 4.866459508771929876e+01
2.324820715789473695e+02 1.235143859649122794e-01 4.844774175438596586e+01
2.322381866666666781e+02 1.179508771929824590e-01 4.834873263157894741e+01
2.322010666666666623e+02 1.115340350877192938e-01 4.838412350877192836e+01
2.322997333333333358e+02 9.741473684210526229e-02 4.857641543859649147e+01
2.324097010526315898e+02 8.968421052631578294e-02 4.868801122807017379e+01
2.326382708771929799e+02 1.187929824561403530e-01 4.887566596491227955e+01
2.328900996491228170e+02 1.583494736842105399e-01 4.897749333333333510e+01
2.330859508771929711e+02 1.588435087719298200e-01 4.912012350877193256e+01
2.331959354385964787e+02 2.043621052631579005e-01 4.914675649122806789e+01
2.332672168421052561e+02 2.134792982456140409e-01 4.916767438596491502e+01
2.335100294736841988e+02 2.198119298245614084e-01 4.934163087719298346e+01
2.335785712280701887e+02 2.283340350877192948e-01 4.940019649122807266e+01
2.336860800000000040e+02 2.541192982456140226e-01 4.947064701754386107e+01
2.338070287719298221e+02 2.588575438596490974e-01 4.955805754385964690e+01
2.338606652631578982e+02 2.826105263157894787e-01 4.957132912280701476e+01
2.338589585964912203e+02 2.736617543859649060e-01 4.953611228070175088e+01
2.339195564912280645e+02 2.626470175438596621e-01 4.964762385964912283e+01
2.340773557894736712e+02 2.475733333333333397e-01 4.973846456140351080e+01
2.342322582456140481e+02 2.613333333333333064e-01 4.975390315789474016e+01
2.342982175438596357e+02 2.590708771929824406e-01 4.990688000000000102e+01
2.344364350877193033e+02 2.633880701754385822e-01 5.002373052631578787e+01
2.345474638596491275e+02 3.061052631578947136e-01 5.009034666666666880e+01
2.341371564912280689e+02 5.350175438596491695e-01 4.977245192982456246e+01
2.328902456140350807e+02 4.059621052631579019e-01 4.866460631578947016e+01
2.314317754385965031e+02 2.842385964912280683e-01 4.747814736842105532e+01
2.308942428070175481e+02 2.788322807017543647e-01 4.702059789473684503e+01
2.306950624561403629e+02 2.832224561403508534e-01 4.690334315789473862e+01
2.307654624561403409e+02 2.985936842105262889e-01 4.703225263157894886e+01
2.309827480701754325e+02 3.260350877192982333e-01 4.725921122807017838e+01
2.312523845614035167e+02 3.612463157894736931e-01 4.749223859649122659e+01
2.315041908771929684e+02 3.589333333333333265e-01 4.774215859649122962e+01
2.318427845614035050e+02 3.926399999999999890e-01 4.808196491228070357e+01
2.321519214035087657e+02 3.887157894736842367e-01 4.832215578947368328e+01
2.323236042105263266e+02 3.794919298245614248e-01 4.843953964912280696e+01
2.322910933333333219e+02 3.520112280701754304e-01 4.843311157894736851e+01
2.321852238596491134e+02 3.591803508771929665e-01 4.829100350877192938e+01
2.320685192982456044e+02 3.172547368421052560e-01 4.831793964912280614e+01
2.319000533333333465e+02 3.126119298245614297e-01 4.825858807017544194e+01
2.317454203508771968e+02 2.895719298245614248e-01 4.816965614035087384e+01
2.317520224561403381e+02 2.349136842105263023e-01 4.826731789473684131e+01
2.319115845614035152e+02 1.190063157894736823e-01 4.849992982456140567e+01
2.319848196491228123e+02 1.339957894736842070e-01 4.852293614035087899e+01
2.322119915789473623e+02 1.829894736842105352e-01 4.844738245614035321e+01
2.323967607017543742e+02 2.022736842105263277e-01 4.858348350877192701e+01
2.327199719298245668e+02 2.114863157894736889e-01 4.879506526315789472e+01
2.328500996491227966e+02 2.262905263157894697e-01 4.883377403508772119e+01
2.330499424561403430e+02 2.287494736842105303e-01 4.893954245614035159e+01
2.332174091228070267e+02 2.214624561403508718e-01 4.915395929824561705e+01
2.334092912280701739e+02 2.091733333333333222e-01 4.937583719298245910e+01
2.336604407017543963e+02 2.031607017543859695e-01 4.947507649122807294e+01
2.337754554385964809e+02 2.120421052631578929e-01 4.964148771929824733e+01
2.339326933333333329e+02 2.437164912280701812e-01 4.959167438596491451e+01
2.340434133333333193e+02 2.543270175438596681e-01 4.960358736842105287e+01
2.341203256140350959e+02 2.533614035087719540e-01 4.962639719298245922e+01
2.342302933333333215e+02 2.548940350877192951e-01 4.982773333333333454e+01
2.343463859649122867e+02 2.450750877192982569e-01 4.986451649122807339e+01
2.345750905263157904e+02 2.746385964912280708e-01 5.019011368421052310e+01
2.348031494736842149e+02 2.525305263157894831e-01 5.051414456140351206e+01
2.349594161403508679e+02 2.947143859649122843e-01 5.073730807017543754e+01
2.348496673684210521e+02 2.583803508771929658e-01 5.061488280701754405e+01
2.338645614035087590e+02 2.198905263157894807e-01 4.966606035087719562e+01
2.320641178947368530e+02 1.380154385964912356e-01 4.809118315789473996e+01
2.307966989473684123e+02 9.937964912280701502e-02 4.691313964912280454e+01
2.304718091228070307e+02 1.005810526315789460e-01 4.662517333333333625e+01
2.305397221052631664e+02 1.058919298245614010e-01 4.673991859649122915e+01
2.308556463157894711e+02 1.124042105263157870e-01 4.693717894736842311e+01
2.311956491228070263e+02 1.104954385964912328e-01 4.746910315789473600e+01
2.314698835087719431e+02 1.182091228070175498e-01 4.791612631578947656e+01
2.317750849122807040e+02 1.148743859649122845e-01 4.825370385964912145e+01
2.320917894736842015e+02 1.310877192982456141e-01 4.855359438596491373e+01
2.323671803508771916e+02 1.452407017543859702e-01 4.872232421052631679e+01
2.324993235087719370e+02 1.413501754385964870e-01 4.857176701754386272e+01
2.324040814035087692e+02 1.326371929824561313e-01 4.840851087719298107e+01
2.322455410526315802e+02 1.255635087719298160e-01 4.813747649122807104e+01
2.321016364912280778e+02 9.543859649122807265e-02 4.798159157894736637e+01
2.319146498245613941e+02 1.002947368421052698e-01 4.779679999999999751e+01
2.317764098245613980e+02 1.122357894736842054e-01 4.767381333333333515e+01
2.317667256140350958e+02 1.284547368421052604e-01 4.765434947368421348e+01
2.319414512280701786e+02 1.259340350877193038e-01 4.784195368421052308e+01
2.322973361403508648e+02 1.559635087719298263e-01 4.803937122807017346e+01
2.326603284210526397e+02 1.675845614035087749e-01 4.837592140350876946e+01
2.330611929824561344e+02 2.056421052631579038e-01 4.876908912280701713e+01
