2.340245463989756161e+02 1.183171865059231775e+00 5.168161758192199784e+01
2.343852649126621657e+02 1.198984481328469132e+00 5.192167782046016100e+01
2.343840206808243352e+02 1.208390712956922908e+00 5.193523149154808038e+01
2.347202008488157787e+02 1.269756710395979704e+00 5.226480394288613240e+01
2.349245407616792818e+02 1.316284538506760748e+00 5.240187480370128981e+01
2.349561740474982514e+02 1.309072825815595920e+00 5.235057540689199840e+01
2.344088207581358176e+02 1.222753738735473883e+00 5.178663638633197053e+01
2.332698130833595087e+02 1.026422813333011108e+00 5.078416000257705321e+01
2.318945704782843222e+02 8.805497169271903068e-01 4.959460188607829423e+01
2.312099852624966729e+02 8.244988846206502409e-01 4.904710766430705604e+01
2.310250618089278589e+02 8.329991221924251121e-01 4.891812632375798131e+01
2.310310091565799269e+02 8.249297351276042578e-01 4.894292640106947800e+01
2.312460478525927670e+02 7.763845602506180832e-01 4.927030836011049075e+01
2.315672569721276091e+02 7.812084752724022252e-01 4.967145836856643371e+01
2.319199423385115892e+02 7.751403284127789117e-01 5.010681871260258191e+01
2.322085920449695209e+02 8.242774194067953308e-01 5.042804393869842983e+01
2.324358113277443465e+02 8.307119905293420814e-01 5.061885836695577723e+01
2.324564840987976311e+02 9.190484243756694704e-01 5.051433483929678658e+01
2.323449139506978156e+02 9.224670419495381024e-01 5.033263269792950467e+01
2.321283894244320436e+02 8.622365570615190267e-01 5.008512720156555531e+01
2.318790397268327297e+02 8.788263148993742391e-01 4.979503595789744708e+01
2.317453874835914291e+02 8.480426501735481848e-01 4.974098636579610400e+01
2.318182253791081848e+02 8.031818511270566452e-01 4.975180192151272962e+01
2.319621455549918210e+02 8.060246591449026221e-01 4.979526144975155688e+01
2.322304567015373777e+02 8.427637248032986417e-01 5.007050244417063567e+01
2.324944271298913634e+02 8.751298591481240230e-01 5.038100472727565915e+01
2.327637449364998758e+02 8.923759593470400597e-01 5.058509498844354368e+01
2.330280858157570378e+02 9.655963856877098905e-01 5.082289225516014142e+01
2.332137421178516945e+02 1.048992131944947781e+00 5.095257423111304718e+01
2.333488036851811671e+02 1.097646026108735295e+00 5.109683264477784803e+01
2.334747851787425645e+02 1.145635524630958413e+00 5.122122361543974733e+01
2.336149686324724257e+02 1.166292189123239398e+00 5.130831581744823922e+01
2.337053626794874788e+02 1.173197877155259139e+00 5.139845618612741873e+01
2.338154953170173940e+02 1.149307820540697245e+00 5.144424311243184889e+01
2.338137155420260456e+02 1.154582719270695002e+00 5.146019263446964942e+01
2.338572193633076495e+02 1.166223736238956921e+00 5.150405885337391965e+01
2.339119011379285382e+02 1.167661246808887610e+00 5.154957196814122256e+01
2.339078624177558652e+02 1.257870068372351380e+00 5.152861330563004572e+01
2.338968012369838902e+02 1.309266104547687437e+00 5.152529938070272664e+01
2.336329757676789711e+02 1.264489864946485964e+00 5.125025569165599393e+01
2.329234898085735210e+02 1.156692678762693882e+00 5.056748246398170465e+01
2.318920820146086612e+02 1.017544071577557219e+00 4.965533167435754791e+01
2.312066954974108626e+02 8.113519041981751556e-01 4.903864366649754913e+01
2.308149517205833661e+02 7.653435126798902033e-01 4.877524502105932669e+01
2.306321261465858186e+02 7.449163666819679230e-01 4.869986228890338253e+01
2.307181794754093005e+02 7.281776231547920641e-01 4.865861338616285536e+01
2.309257326471938256e+02 7.541977724626126589e-01 4.888774129641709720e+01
2.311801599381508083e+02 7.256770795583581402e-01 4.932738598568126775e+01
2.314701062227698571e+02 7.452546044631280786e-01 4.963740507195606000e+01
2.318546825799489284e+02 7.748101439121225509e-01 5.003993219137815629e+01
2.321221763185233442e+02 7.847035990110571291e-01 5.045517141407552231e+01
2.322125341257761306e+02 8.353708133007980985e-01 5.042063089399466946e+01
2.321539746965926554e+02 8.377505576896748796e-01 5.019965290361028565e+01
2.320444903481433130e+02 8.530719238481795363e-01 4.996966329234213333e+01
2.319101092830164248e+02 8.602635033380847673e-01 4.974028170375202507e+01
2.318166469361294446e+02 8.647089141761896691e-01 4.963942241872226901e+01
2.317129931627648602e+02 8.261699403251914209e-01 4.959395359699773564e+01
2.318440401697631614e+02 8.252397864270010208e-01 4.969446256432557618e+01
2.320550320923228185e+02 8.371022686091179610e-01 4.986747118938900059e+01
2.323377223712079171e+02 8.659410660932731485e-01 5.022789173169690713e+01
2.325925482995498328e+02 8.842622792394482234e-01 5.035268536638399439e+01
2.327107664307055472e+02 8.850998204118447621e-01 5.055091686598535716e+01
2.327464424633374449e+02 9.524695384664942921e-01 5.060832064941654096e+01
2.328384189799714932e+02 9.962270380839635120e-01 5.070222995337150707e+01
2.328901814404097479e+02 1.018776223494640476e+00 5.075696004767542036e+01
2.329864141157900690e+02 9.933399370233464420e-01 5.086450355552334202e+01
2.329958888003027937e+02 1.003930000885860929e+00 5.086604978538007771e+01
2.331029410580399883e+02 9.918460534898890790e-01 5.090364249877187319e+01
2.333062340444380141e+02 1.017584337980076192e+00 5.112751564349737521e+01
2.335096236702020462e+02 1.025685938166912337e+00 5.126127257938521353e+01
2.334380138999621579e+02 9.859268923195864121e-01 5.124753368284570598e+01
2.334026116788673733e+02 1.001993186924693857e+00 5.121221602119623384e+01
2.334362180184097895e+02 1.052539602006877573e+00 5.115775973842944779e+01
2.335877968640525637e+02 1.057399756790928791e+00 5.130633873708455184e+01
2.336045033944577369e+02 1.075878008906928196e+00 5.129941291585127061e+01
2.333443582743430511e+02 1.029785057943353177e+00 5.098091775184621355e+01
2.324051122224638277e+02 9.073027147608578868e-01 5.002908442253951904e+01
2.311478501767695093e+02 7.486893285980044110e-01 4.903357815306065248e+01
2.303395746257237988e+02 6.748326930975332427e-01 4.843687033413061016e+01
2.300596546753319842e+02 6.822537910817971785e-01 4.831148478332648466e+01
2.301053691221118811e+02 7.260596103822892777e-01 4.835299139104314037e+01
2.302337343867024231e+02 8.327454438565549122e-01 4.852280689038679640e+01
2.304785903537806178e+02 8.634244159358314130e-01 4.872131622816554142e+01
2.308492144024868651e+02 1.144818116659821472e+00 4.894073590877243873e+01
2.309086194261232379e+02 1.124841954370112695e+00 4.889746965926570255e+01
2.311394908716065402e+02 7.574835109081684559e-01 4.904658822771455817e+01
2.314241703107761055e+02 6.847100416354602315e-01 4.922330941509023461e+01
2.317217631852334989e+02 7.955715010509530893e-01 4.953623573562691007e+01
2.318694925627954433e+02 8.030328654377361097e-01 4.971906130962447889e+01
2.318404202201766964e+02 8.236371836067422070e-01 4.971978207822956364e+01
2.317287695392718092e+02 8.177462089182028215e-01 4.961814565163119539e+01
2.316706168007537769e+02 8.203836582832016999e-01 4.956705966675525588e+01
2.316986542968278115e+02 8.333252800528294646e-01 4.966129915521087668e+01
2.317559775474539663e+02 8.385518590998043420e-01 4.965499746321663821e+01
2.319158190588936463e+02 8.403557939326584680e-01 4.972539118810047398e+01
2.321445885981654556e+02 8.539980511061180390e-01 4.997056123311831044e+01
2.324708511512164364e+02 9.124246011612830998e-01 5.029609899092395153e+01
2.326793989031432091e+02 9.388715743358057031e-01 5.042375959347040038e+01
2.328615842413407222e+02 9.917574674043471150e-01 5.057365530348787530e+01
2.330373631948974378e+02 9.997503483043818084e-01 5.066983965918517185e+01
2.332003052193310850e+02 1.037653112995578830e+00 5.069368944939721189e+01
2.333835978835978722e+02 1.071223212775724187e+00 5.091665660006603389e+01
2.334865550481988805e+02 1.097408454333872907e+00 5.088803121451523026e+01
2.336210931522956002e+02 1.102711539545633945e+00 5.101008673383102376e+01
2.337520676797693682e+02 1.121834054101938483e+00 5.103315132919394870e+01
2.339248910793811831e+02 1.186413310462016701e+00 5.121032350027783764e+01
2.339722926884266201e+02 1.185930113631787908e+00 5.126913258115693139e+01
2.339672956278740230e+02 1.176318523350486922e+00 5.128933826194100476e+01
2.340561192851908174e+02 1.190226538780572163e+00 5.139020962689151162e+01
2.341372762194679922e+02 1.205213693798168784e+00 5.150180796147310502e+01
2.342590579272466584e+02 1.234370595862224418e+00 5.161932143058474765e+01
2.342876591529559676e+02 1.252107946171873154e+00 5.166053409356301529e+01
2.340467573466051476e+02 1.169344382434184482e+00 5.156743011765842510e+01
2.331821007787522149e+02 9.937506543290409722e-01 5.078517068928027811e+01
2.320962729417828427e+02 8.371224018103774478e-01 4.986675042078390874e+01
2.314887576204166635e+02 7.640670677200357419e-01 4.950297971378640938e+01
2.312491121258244675e+02 7.571694329685196845e-01 4.930071352065263568e+01
2.312320190379550979e+02 7.415903618338930414e-01 4.918779847470867139e+01
2.313086057355463652e+02 7.786918251149606007e-01 4.924176753400497830e+01
2.315563568569656923e+02 7.715324587470706597e-01 4.942466558752708039e+01
2.319072584217180975e+02 7.915891538418174944e-01 4.960332358886392257e+01
2.321115862546608355e+02 8.236734233690093943e-01 4.981519734563874380e+01
2.323863158657679264e+02 8.127491483655867599e-01 5.013782384254226088e+01
2.326872830647564285e+02 8.506720462580432685e-01 5.044373978240036394e+01
2.328344326061221068e+02 8.638512398025335326e-01 5.056162772905543079e+01
2.328689127265991772e+02 8.201299799473315000e-01 5.056587583452119361e+01
2.327611719133789165e+02 8.220547139877428799e-01 5.047976210609391501e+01
2.326852697446304887e+02 8.747151152021775955e-01 5.023342433540302920e+01
2.326464811190838589e+02 8.913048730400328079e-01 5.013281872870913958e+01
2.326264888502331303e+02 9.208845723305388864e-01 5.014274439693009100e+01
2.327330136180973454e+02 9.623267538031616830e-01 5.024643843669718990e+01
2.330141737736867071e+02 1.005528577065867735e+00 5.049141922962319029e+01
2.332895798603561275e+02 1.110905752458263951e+00 5.076837154614932501e+01
2.335299139104314179e+02 1.178839200148180444e+00 5.100033421114090970e+01
2.337216745991479740e+02 1.208463192481457282e+00 5.112555064305444574e+01
2.338874755381604587e+02 1.249840947710049610e+00 5.128602836365393358e+01
2.340505826548444475e+02 1.316787868538249029e+00 5.146414276855676917e+01
2.342124535929710873e+02 1.245673375049326292e+00 5.151292148856836661e+01
2.343495002939447431e+02 1.237833506478864143e+00 5.153469353241042938e+01
2.344941774781957520e+02 1.264763676483615651e+00 5.161746514942861808e+01
2.346265411965564169e+02 1.295337955916342487e+00 5.167192143219540412e+01
2.346880481264042828e+02 1.307232651220474606e+00 5.172116724247621988e+01
2.347270300306830109e+02 1.307558809080879181e+00 5.184142285359941127e+01
2.348304623388337120e+02 1.367801373889653949e+00 5.189885079687210379e+01
2.349060302964412585e+02 1.383171059731181485e+00 5.197907355061084189e+01
2.349460067808621773e+02 1.435456983402188857e+00 5.209429586141914825e+01
2.348243941919741076e+02 1.375298978038704156e+00 5.195778873023926536e+01
2.345807542702519868e+02 1.255462137501711428e+00 5.181548323709662895e+01
2.338188897747497492e+02 1.069797782126549190e+00 5.111177148011242366e+01
2.330454366086025004e+02 9.440619136205132822e-01 5.054976524687331363e+01
2.326088078728870130e+02 8.820597070216552593e-01 5.020952622550795752e+01
2.324877549869939628e+02 8.663316501977080808e-01 5.009427170157763953e+01
2.325754189719182250e+02 8.955610317862982006e-01 5.012075088787417343e+01
2.328476440127886065e+02 9.781192368711394414e-01 5.037916455268053539e+01
2.331194341765117883e+02 1.051202757443244540e+00 5.068504827941661972e+01
2.334472389327792712e+02 1.120203264799916276e+00 5.094169827579264620e+01
2.336801599381508083e+02 1.160679052612081597e+00 5.119182511496057941e+01
2.338764425438702403e+02 1.198738856273102948e+00 5.138609037391381662e+01
2.340610317862981447e+02 1.196620843500600051e+00 5.147183767807816679e+01
2.340006080226780512e+02 1.164661399821217191e+00 5.140209626891514461e+01
2.338792732719673495e+02 1.166602240422636161e+00 5.127498328944295736e+01
2.336368735554428042e+02 1.100927737914039195e+00 5.105280133362325046e+01
2.335120678408349590e+02 1.052438936000579917e+00 5.081004324611630807e+01
2.334999315471157217e+02 1.055994459343013281e+00 5.076858495808267691e+01
2.335749478550087304e+02 1.079324812962560332e+00 5.074249232925031805e+01
2.336829544264856224e+02 1.080959628904834435e+00 5.096891433725527776e+01
2.338022436439483727e+02 1.133801228930604976e+00 5.103751218058675931e+01
2.340359458175287841e+02 1.187967593599252636e+00 5.124051927552688568e+01
2.342097033976790499e+02 1.210597311814967769e+00 5.138727420614787178e+01
2.343747231684826886e+02 1.231076804136164826e+00 5.151522875343270869e+01
2.344592785871324736e+02 1.242295023877976634e+00 5.159727960184581264e+01
2.345863553268423800e+02 1.279154888743929908e+00 5.178010920248362936e+01
2.346280954796936555e+02 1.321168853132323351e+00 5.185404234414888691e+01
2.346477857505254860e+02 1.313961167081410641e+00 5.184830438178992296e+01
2.346491870213331481e+02 1.322308392323612969e+00 5.181414236589274935e+01
2.346736891272659875e+02 1.351630386637997061e+00 5.176852053183864655e+01
2.347829681170624951e+02 1.329661037423594427e+00 5.196465817850901914e+01
2.348315978513847710e+02 1.329298639800922999e+00 5.202920119510682895e+01
2.348609440055406594e+02 1.330824736456395430e+00 5.202837170721493720e+01
2.346590160501880575e+02 1.263257713029402485e+00 5.180432541695859783e+01
2.339374461436866284e+02 1.118830180474016167e+00 5.108740627994813366e+01
2.329845900477559439e+02 9.551512808742641525e-01 5.027026004042746621e+01
2.323394659064369989e+02 8.851159269728523515e-01 4.986975429441182683e+01
2.320108477688386301e+02 8.482198223446321128e-01 4.962885651470126191e+01
2.319686203925168968e+02 8.396269720470633802e-01 4.966179443196185872e+01
2.321210166461308120e+02 8.793860178943893047e-01 4.983422724746925780e+01
2.324085872130012262e+02 8.999782561426397098e-01 5.009213758224412771e+01
2.326588066648949393e+02 9.164230549314262841e-01 5.046713053562368856e+01
2.329544546721106713e+02 9.482496194824961977e-01 5.079567619369750275e+01
2.332931031705765292e+02 9.088489446175900266e-01 5.110371819960860762e+01
2.335419455115041103e+02 9.960619458336352761e-01 5.126427242637288373e+01
2.336755897014649008e+02 1.008713649505125876e+00 5.138536557866846977e+01
2.336018619184524709e+02 1.041136156813478042e+00 5.118866017572258187e+01
2.334536171309382837e+02 1.051540995224404584e+00 5.089660393161154417e+01
2.333552060431816813e+02 1.059417103557134032e+00 5.085624088972642909e+01
2.333281953403719058e+02 1.090498739661601046e+00 5.081770594251568696e+01
2.334006426517842101e+02 1.110378262585264064e+00 5.085369202644697140e+01
2.335710420139643873e+02 1.110136664170149778e+00 5.106315785235115356e+01
2.337814339671265031e+02 1.116071931901460035e+00 5.122142092081209341e+01
2.339389722403421104e+02 1.148570945374598251e+00 5.145346009196846637e+01
2.341634171679833685e+02 1.190858721300121603e+00 5.171107648200494822e+01
2.343555160944810893e+02 1.235308803040918724e+00 5.191639084180940955e+01
2.345005315165132629e+02 1.242786273988709222e+00 5.196491588348514057e+01
2.346459214160888394e+02 1.237044284989490484e+00 5.205689642675944384e+01
2.347091235614827838e+02 1.306499802694627732e+00 5.200984513541590815e+01
2.348091936250231413e+02 1.306890386799062664e+00 5.213204158714052028e+01
2.348786934357710550e+02 1.312467283547953167e+00 5.214954539231555941e+01
2.349134594477060318e+02 1.325541784445894100e+00 5.218723474507340399e+01
2.349737221457160672e+02 1.333719890797516294e+00 5.219842880497370885e+01
2.350667415621753662e+02 1.384999154405547106e+00 5.227790663026583928e+01
2.351913459447706032e+02 1.393000088586085594e+00 5.236282847317855271e+01
2.352162547413688856e+02 1.439286318281752131e+00 5.240884491797734057e+01
2.352289507380831708e+02 1.473077883275752287e+00 5.234020278160308948e+01
2.351668317589169988e+02 1.508451917888751881e+00 5.223514773743084305e+01
2.351217374147358896e+02 1.518892996061945944e+00 5.214032035949843902e+01
2.347491362856659691e+02 1.441750622115918867e+00 5.178453448012047744e+01
2.337746692115032943e+02 1.237289910044856667e+00 5.082297278796517759e+01
2.327588203554718120e+02 1.056864213637425109e+00 5.011454180860573615e+01
2.321377674695787334e+02 9.452054794520547976e-01 4.972011226273022544e+01
2.319345509893454960e+02 9.282815104732913269e-01 4.963374888260732831e+01
2.319088610245383393e+02 9.192054633454938006e-01 4.957990464915883422e+01
2.321038188656148975e+02 9.712377086806310844e-01 4.986524043068943968e+01
2.324502025400046819e+02 9.225596546753319638e-01 5.013941033880151110e+01
2.328685503289765109e+02 9.580987815386597939e-01 5.048544369548935862e+01
2.332066632842888509e+02 1.007553977112576771e+00 5.074404258574730164e+01
2.335582413246035856e+02 1.021272740450822614e+00 5.112897328726857182e+01
2.337329129520910271e+02 1.073417731713013357e+00 5.121200663590313695e+01
2.337781643352419678e+02 1.071335958702777535e+00 5.125507960667778207e+01
2.337715767517898371e+02 1.084644004735328959e+00 5.121889219073389654e+01
2.337078873829254348e+02 1.052660401214434716e+00 5.118536235735626860e+01
2.336584523205527830e+02 1.029185088545819138e+00 5.104967666078777455e+01
2.336827490678327877e+02 1.035249208765190554e+00 5.112823641210246706e+01
2.337765818656229726e+02 1.203168160550200039e+00 5.094739194510884062e+01
2.339453786249828795e+02 1.303705314359804524e+00 5.096370386476931458e+01
2.341690343311347817e+02 1.372464223301361752e+00 5.112463659571726282e+01
2.343428563375290992e+02 1.388727823278812723e+00 5.131835825823649344e+01
2.345442366698074466e+02 1.457140441158705890e+00 5.141962020729143745e+01
2.347077907435594000e+02 1.387600364008278797e+00 5.168527779791097743e+01
2.348483164617106809e+02 1.368965072922454951e+00 5.184452739323363346e+01
2.350304494535849074e+02 1.376027799924299133e+00 5.193615359216576621e+01
2.352264985141697480e+02 1.396656277934816837e+00 5.207153729071537640e+01
2.352475336828456989e+02 1.428966039316115433e+00 5.211188019939922356e+01
2.353584635951454800e+02 1.435122772261280710e+00 5.227841801357783424e+01
2.354010251826081230e+02 1.467082215940663348e+00 5.234348046676813482e+01
2.354408043616567170e+02 1.436528069709195998e+00 5.226382144266467122e+01
2.354892730303689348e+02 1.456234447102026985e+00 5.234539714752804684e+01
2.355550280656825635e+02 1.442020407012796657e+00 5.239322155379993973e+01
2.356073139893535711e+02 1.405418247122965481e+00 5.249018305106584847e+01
2.356924371642788572e+02 1.413906404773984660e+00 5.250403872017265883e+01
2.358319521957269274e+02 1.417747819574303625e+00 5.275135093780451712e+01
2.359315712755590937e+02 1.417985391349166013e+00 5.279119051645687932e+01
2.359088731044591043e+02 1.410902531146062344e+00 5.276838765271033083e+01
2.356300564534963371e+02 1.424786386734636423e+00 5.221550981292229210e+01
2.349415694233045713e+02 1.305815273851803626e+00 5.155280938690375336e+01
2.341499520829810024e+02 1.163550047111690855e+00 5.084959693331078512e+01
2.336169336329153623e+02 1.075374678875439916e+00 5.033715461493239474e+01
2.334647467645945653e+02 1.078954362059384886e+00 5.029561579409372740e+01
2.335398717917743738e+02 1.045815112786193435e+00 5.046759359925265898e+01
2.337963808557415746e+02 1.067651582872283011e+00 5.075879619563028911e+01
2.340884089133708699e+02 1.066185885820589041e+00 5.106918975944851269e+01
2.344912702439338545e+02 1.143577911462234198e+00 5.141203401705684684e+01
2.347041667673326799e+02 1.215308480909698563e+00 5.160404033082876651e+01
2.348678174804506682e+02 1.265927375516416653e+00 5.179979544667520486e+01
2.349489220684045563e+02 1.300713520652637900e+00 5.190444782682225622e+01
2.349069564236991994e+02 1.329632850941831146e+00 5.188544611147350594e+01
2.347200317299251822e+02 1.295289636233319719e+00 5.171153551899366363e+01
2.345160582413246004e+02 1.248210158408027404e+00 5.151532136615850277e+01
2.344065738928752580e+02 1.238751580456298962e+00 5.134950834722523894e+01
2.344567498570542625e+02 1.293884338785404209e+00 5.139795285609593378e+01
2.345195896048255122e+02 1.303705314359804524e+00 5.146729562787401591e+01
2.346768701730649980e+02 1.303218090889323832e+00 5.157606323435851436e+01
2.347918790719399453e+02 1.349979464134715368e+00 5.172720720285408191e+01
2.349678392243080225e+02 1.321044027284514311e+00 5.191202193713608892e+01
2.352085396986462342e+02 1.351892118254370834e+00 5.212605397308593780e+01
2.353628647129408193e+02 1.383823375451990412e+00 5.227314714148808861e+01
2.354850088183421519e+02 1.383787135689723113e+00 5.234641186087152676e+01
2.355408301321543263e+02 1.393978562167298874e+00 5.233022074041861060e+01
2.355406247735014915e+02 1.416237829479838561e+00 5.232750275824857056e+01
2.355715372907153835e+02 1.405744404983370055e+00 5.234722524220241269e+01
2.355977426654747831e+02 1.378347144709397343e+00 5.236462838137115483e+01
2.356013022154574799e+02 1.408389907628872617e+00 5.235161428007698703e+01
2.355410435440876711e+02 1.345638745943160020e+00 5.235211761010847908e+01
2.354866355810039238e+02 1.412243402349947274e+00 5.226713134095173530e+01
2.356064764481811551e+02 1.534278788464481069e+00 5.234195839675291495e+01
2.356120855580520583e+02 1.440933214144781926e+00 5.233194011580617655e+01
2.355682314190685531e+02 1.472143702737310100e+00 5.233017242073558606e+01
2.353005806415243342e+02 1.391888735876559258e+00 5.207269293646766783e+01
2.347461646251600484e+02 1.202837976049543789e+00 5.141595596466220286e+01
2.338053159704605548e+02 9.863939825888075053e-01 5.059018868836220406e+01
2.331529801164504363e+02 9.016573651276847956e-01 4.999413721179322323e+01
2.328484815539609940e+02 8.520974769072181543e-01 4.967223953677530801e+01
2.328153946510110757e+02 8.472131622816554408e-01 4.971903312314271517e+01
2.329808211124801574e+02 8.915384181746434100e-01 5.009088529712578719e+01
2.331966007102993501e+02 9.158673785766632269e-01 5.052629396084495284e+01
2.334856691873434613e+02 9.415049970605525731e-01 5.084049269970122253e+01
2.338063830301273356e+02 9.958928269430552538e-01 5.113874996980019461e+01
2.340807381636909668e+02 1.038216842630845571e+00 5.139614892126307666e+01
2.343409436834094492e+02 1.028271041208636438e+00 5.158354473194656009e+01
2.342955191547276854e+02 1.028105948958308202e+00 5.139590732284796104e+01
2.342645623444710168e+02 9.803902619732147716e-01 5.125151603005484446e+01
2.341581301893326383e+02 9.204376152625771690e-01 5.105616760487384198e+01
2.340245343190548795e+02 9.227931998099425659e-01 5.097226450194487057e+01
2.339137453391639099e+02 9.642152480813058757e-01 5.083364338463272958e+01
2.338655021623058019e+02 9.917292809225838335e-01 5.085375645269100175e+01
2.339653547872725881e+02 1.008218372754141390e+00 5.094167814259138538e+01
2.341304550908812701e+02 1.066165752619329554e+00 5.108373801067865116e+01
2.342935541542847488e+02 1.106246929686807823e+00 5.124422378455864191e+01
2.344580182487336231e+02 1.112423795833232587e+00 5.137464263567764533e+01
2.345959145708004030e+02 1.114324370032132583e+00 5.154485677240624142e+01
2.347521361326536464e+02 1.182225604600033897e+00 5.167618967086242776e+01
2.349115427669461269e+02 1.203832556191764658e+00 5.187223067816675126e+01
2.349976081756903739e+02 1.208877936427403599e+00 5.197069008560637116e+01
2.351018135987694677e+02 1.175927939246051990e+00 5.185294709800037083e+01
2.352327881262432356e+02 1.202894349013070574e+00 5.176490460889242939e+01
2.352922132830808550e+02 1.197095987050325050e+00 5.181449671023491277e+01
2.353601708906122951e+02 1.222302755027260268e+00 5.187512985914812447e+01
2.352656898037415658e+02 1.223844958243740511e+00 5.174266144814090040e+01
2.352140763289926042e+02 1.212264340879257274e+00 5.169604906058482641e+01
2.352780515893149129e+02 1.231153310300951098e+00 5.178235606774419608e+01
2.353922068404564527e+02 1.270992888953315081e+00 5.186262311452570373e+01
2.354675412529293794e+02 1.258884781715831958e+00 5.196662317895194860e+01
2.355165615713560783e+02 1.282581559598302334e+00 5.202498127612282985e+01
2.353082554178444639e+02 1.268850716339300799e+00 5.194675170930878494e+01
2.346783841897997149e+02 1.128208225620706662e+00 5.132329491918532938e+01
2.335606331489132117e+02 9.605590587325747443e-01 5.040811206945149081e+01
2.327234422942185574e+02 8.563012893302086592e-01 4.976029410580400025e+01
2.323607748866500629e+02 8.208950415951937751e-01 4.943461541558954053e+01
2.322868095318628150e+02 8.036328348352701489e-01 4.948369210697978104e+01
2.324230871445483331e+02 8.247928293590394144e-01 4.975083552785226715e+01
2.326245641161927438e+02 8.614553888526491621e-01 4.993375774121588506e+01
2.328466373527256223e+02 9.044075604197370222e-01 5.022368791927391385e+01
2.330020092934857132e+02 9.121467629839015157e-01 5.041424061591489192e+01
2.332008850555273796e+02 9.526144975155629302e-01 5.055194365924959499e+01
2.333583629291391901e+02 9.619321430584748533e-01 5.072416708946389008e+01
2.333977152843210661e+02 9.815459077255119791e-01 5.080863794866839100e+01
2.333579522118334921e+02 9.539110756766768784e-01 5.072281413833925257e+01
2.332423352902804936e+02 9.488536155202821343e-01 5.061230299662567234e+01
2.331734555821313677e+02 9.456604898005201987e-01 5.036197482544514514e+01
2.331410371014632688e+02 9.452014528118029002e-01 5.023051710114115309e+01
2.331938907814098059e+02 9.557029305887753123e-01 5.020581366319570549e+01
2.333339896756943972e+02 9.951801116184677554e-01 5.038967811037826294e+01
2.335390624370837429e+02 1.025122208531645374e+00 5.051253090446393657e+01
2.338328823496251232e+02 1.028057629275285212e+00 5.086850603593373421e+01
2.340545327889315672e+02 1.042702519871469669e+00 5.110187399837323596e+01
2.342516811223051718e+02 1.050095431373970101e+00 5.127311090172581487e+01
2.345046507694909508e+02 1.083403799537741685e+00 5.153431100158649514e+01
2.345621391123674186e+02 1.093844877710935526e+00 5.158129786668599337e+01
2.346505198392565319e+02 1.099276815410757502e+00 5.153072729176229672e+01
2.347101745145885161e+02 1.082880336304993918e+00 5.155369524775917256e+01
2.348930685414703703e+02 1.126589516239440147e+00 5.167488503942080769e+01
2.350182890000241684e+02 1.161053530155508939e+00 5.183014020761357443e+01
2.350370048239150265e+02 1.140340492699701169e+00 5.185344237475135287e+01
2.350296360722540214e+02 1.206808243337923692e+00 5.199196282605719688e+01
2.351002472357114641e+02 1.268661464247461179e+00 5.212477350148583355e+01
2.351324281446047166e+02 1.290067083826596850e+00 5.226006056066938754e+01
2.351864817633463076e+02 1.296743253364257997e+00 5.224502105932851492e+01
2.352207806850120448e+02 1.308380243692268019e+00 5.236508741835987024e+01
2.352951688370257557e+02 1.388816409364354465e+00 5.240593768371546446e+01
2.353848461420759861e+02 1.409211342240261677e+00 5.234316236218823803e+01
2.355124060786161238e+02 1.439737301989965523e+00 5.244588195501437156e+01
2.354869456323033319e+02 1.421275156434973708e+00 5.238544208483325804e+01
2.353314851054577161e+02 1.394292640106947534e+00 5.224063202145394058e+01
2.344923977032044036e+02 1.162027977096470321e+00 5.141432920200043810e+01
2.334367495349230524e+02 9.384568303898592756e-01 5.044028089842397122e+01
2.328145530831984331e+02 8.286302175191063712e-01 4.990037286688732365e+01
2.326575503531363438e+02 8.332528005282952011e-01 4.977256327865156038e+01
2.327106818712602490e+02 8.347748705435159566e-01 4.988193890781409578e+01
2.328305710581205119e+02 8.838072688909827113e-01 5.006569060906960544e+01
2.330799690754028575e+02 8.718964670258430028e-01 5.035281824551231011e+01
2.334128554516682357e+02 9.334154767944722320e-01 5.061425189050759599e+01
2.337643891989401936e+02 9.733798812946453660e-01 5.097775683924847101e+01
2.340459157787925051e+02 9.969196202072914126e-01 5.122552004058853470e+01
2.341852335048682221e+02 1.043668913531927256e+00 5.129918339735691291e+01
2.342577049761220280e+02 1.087196894655037660e+00 5.133440441964034306e+01
2.341895742230597648e+02 1.052531548726373778e+00 5.125358169650407092e+01
2.341225427427862655e+02 1.066681162571573527e+00 5.114586906976556691e+01
2.341083206494165267e+02 1.054279110595701230e+00 5.112096429980752532e+01
2.342221215562159387e+02 1.046040604640300131e+00 5.117314955747223593e+01
2.343788142349786199e+02 1.053888526491266298e+00 5.126237587881423252e+01
2.345747022299533739e+02 1.082735377255925169e+00 5.145350438501123591e+01
2.348574448551617593e+02 1.116381983200856798e+00 5.165740539408728438e+01
2.349895629484670678e+02 1.157433580569044773e+00 5.174651091622172316e+01
2.351823906968503479e+02 1.242234624274198174e+00 5.198192843854944556e+01
2.353486708060528372e+02 1.301482608940752073e+00 5.209165438541389648e+01
2.355243732534447929e+02 1.349145949602570616e+00 5.221938746748487858e+01
2.356042617960426071e+02 1.363468708978602395e+00 5.238953717796944431e+01
2.356470206888776033e+02 1.380300065231572004e+00 5.235366786660546268e+01
2.355868385236726112e+02 1.388872782327881250e+00 5.237314069886367918e+01
2.355391349166082762e+02 1.499391977321962166e+00 5.238790638866742455e+01
2.355309125172138920e+02 1.517523938376297510e+00 5.239766696463804863e+01
2.354837283467420548e+02 1.481775426219870573e+00 5.238238586488206039e+01
2.354711370426743429e+02 1.515430085445306219e+00 5.232537669219556875e+01
2.355272523012249053e+02 1.497193431744421099e+00 5.242570848735232403e+01
2.356450315285931651e+02 1.475646879756468799e+00 5.258470037769885863e+01
2.356406867837613675e+02 1.466562779348167478e+00 5.258700764256320070e+01
2.357091396680437754e+02 1.466409767018594934e+00 5.266317154292801206e+01
2.357612725793852064e+02 1.460973802678521061e+00 5.270346210528858677e+01
2.358218574086153865e+02 1.459793997084712469e+00 5.273158416080790545e+01
2.359737664387588154e+02 1.462652911663566258e+00 5.295296481521747722e+01
2.360244296264083061e+02 1.501993186924693857e+00 5.295463587092201863e+01
2.360376651929163359e+02 1.465491693041160337e+00 5.298584635951454658e+01
2.357915045943965140e+02 1.402430480056050754e+00 5.271559034572733538e+01
2.349876865341096561e+02 1.274230307715848109e+00 5.196860025931562888e+01
2.338958267900429178e+02 1.020040588533739134e+00 5.106529599832492039e+01
2.332488785806898477e+02 9.152553292583733846e-01 5.058880352411554782e+01
2.329776279867604103e+02 9.115186071046040839e-01 5.039720390100907821e+01
2.330045501034846609e+02 9.008923034798225205e-01 5.043845280374960538e+01
2.331815531556779604e+02 9.383239512615464406e-01 5.064275647685084181e+01
2.333801591328227687e+02 9.867845666932424376e-01 5.092243885546777449e+01
2.336913701046121048e+02 1.023749124205745265e+00 5.120613982105610518e+01
2.339524735651067431e+02 1.073228479621173737e+00 5.141899205141213969e+01
2.342049922285843024e+02 1.123315857714640043e+00 5.165209425559501710e+01
2.343703784236508625e+02 1.083371586415726506e+00 5.168665490887713077e+01
2.343379317565010069e+02 1.051621528029442754e+00 5.153616728274262471e+01
2.342187633382458216e+02 1.020185547582807883e+00 5.138737487215416877e+01
2.340230243289603891e+02 9.566089246454543282e-01 5.121604938271605079e+01
2.338757016420638877e+02 9.597577573224452818e-01 5.108213138121814012e+01
2.338317790501961042e+02 9.312129045766792679e-01 5.109644206067341798e+01
2.338400336627125000e+02 9.474120783100996590e-01 5.114065054399910082e+01
2.339486039638246666e+02 9.545875512389971895e-01 5.129753247485363232e+01
2.342202612484195470e+02 9.967585545972151850e-01 5.147310606975751313e+01
2.343506277532152637e+02 1.047268729917131713e+00 5.161586657324860994e+01
2.345608707206880581e+02 1.075632383851562013e+00 5.174488012691970340e+01
2.347237765053594671e+02 1.103069910528053699e+00 5.181243104378568631e+01
2.348308851360601750e+02 1.114300210190621199e+00 5.187381314778575359e+01
2.349136084333953534e+02 1.168792732719673433e+00 5.194568062300177758e+01
2.350221988677087666e+02 1.175239383762975764e+00 5.204295217156708730e+01
2.350979399708471362e+02 1.164794278949530026e+00 5.207994894220160376e+01
2.351418504827941547e+02 1.177715767517898415e+00 5.206294846705805668e+01
2.352031882937514524e+02 1.184468443220345835e+00 5.213303616728273937e+01
2.352690359417908894e+02 1.228588340460486483e+00 5.215492498369210495e+01
2.353424254870221262e+02 1.216939270211720769e+00 5.224980873458803643e+01
2.354166847865477905e+02 1.246321664129883322e+00 5.222690520483519094e+01
2.354525863110337980e+02 1.319030707158560967e+00 5.211959524212187489e+01
2.354807727927971541e+02 1.373068219339147911e+00 5.218125518429932441e+01
2.355957696117513365e+02 1.389766696463804463e+00 5.226671257036554152e+01
2.356066455670717517e+02 1.395786523640405008e+00 5.236458408832837819e+01
2.356448865695440986e+02 1.319739395842896679e+00 5.254614932392710358e+01
2.357463015309286334e+02 1.320379631642949692e+00 5.276484018264839904e+01
2.359039525500712671e+02 1.293566234205503651e+00 5.298969985423562434e+01
2.359399829270453210e+02 1.294395722097396284e+00 5.297744276130882213e+01
2.355494592222141819e+02 1.211668398121974910e+00 5.257683232264663076e+01
2.345326963188454954e+02 9.631804015365659222e-01 5.152212236154397829e+01
2.334938915867378455e+02 8.040636853422241659e-01 5.056170423522021906e+01
2.328633922028138272e+02 7.280085042642120419e-01 4.997245778067696165e+01
2.327111570148099702e+02 7.471390721010203739e-01 4.985610801059812047e+01
2.326420558414470179e+02 7.326995401576832379e-01 4.984974994564035455e+01
2.327072592270461371e+02 7.146078455058668677e-01 5.004756670129577145e+01
2.328941919741006359e+02 7.681218944537057114e-01 5.029470174675654448e+01
2.331395351646493168e+02 7.959540318748842269e-01 5.054663252075732771e+01
2.333321374211785155e+02 8.363291536807518911e-01 5.073994346597086036e+01
2.335007570083673443e+02 8.469554573055334545e-01 5.085289877831734628e+01
2.336556457522972039e+02 8.399531299074678437e-01 5.095437413930564929e+01
2.336638037254475648e+02 8.636056147471672384e-01 5.103182253791081990e+01
2.336455066721428864e+02 8.392082014608650553e-01 5.097033574126420064e+01
2.334910608586407648e+02 8.149154808211124257e-01 5.085090156475240519e+01
2.334792869625441938e+02 8.169892005508443411e-01 5.084871107245536592e+01
2.335161951470931569e+02 8.594018023241767334e-01 5.082982612967392555e+01
2.336222608779686425e+02 8.590756444637722700e-01 5.096470247155178868e+01
2.338242814460470527e+02 9.239407922817359786e-01 5.106819517930629360e+01
2.340064144379212792e+02 9.655883324072060958e-01 5.130625015099901276e+01
2.342380952380952408e+02 1.009684069805835360e+00 5.150018925209183607e+01
2.345086532499013572e+02 9.779098515780403345e-01 5.179480643940308937e+01
2.346882373784961260e+02 9.611388949288492967e-01 5.203299429022412426e+01
2.349438686348884175e+02 9.701505158126162431e-01 5.230361270163400889e+01
2.351086266740756798e+02 9.469973343641532315e-01 5.242082014608650553e+01
2.352360980245302926e+02 9.982323049294129502e-01 5.253826113567361489e+01
2.353173153584112356e+02 1.119756307731954559e+00 5.235862868739580733e+01
2.354420445668543209e+02 1.203272853196749592e+00 5.229767340726245095e+01
2.354973424174337424e+02 1.214410540133523453e+00 5.228038704066101161e+01
2.355643175247437000e+02 1.261490017958815546e+00 5.227967029869617477e+01
2.356316147632738307e+02 1.254117239657574601e+00 5.231833812503523262e+01
2.356736689940647409e+02 1.319360891659217438e+00 5.236617058458762841e+01
2.357775804724054467e+02 1.364986752353571253e+00 5.256614964605832085e+01
2.358346299114944600e+02 1.402019762750356335e+00 5.270719077416185172e+01
2.358847253428684212e+02 1.415464714551472492e+00 5.275422193230412660e+01
2.359820613176777613e+02 1.449135480337915727e+00 5.278569415251302388e+01
2.361399821217172814e+02 1.437732035144516196e+00 5.311290296602320637e+01
2.362881584563471904e+02 1.422527441553316674e+00 5.328339091428893681e+01
2.363626996206904778e+02 1.456480072157393391e+00 5.338284892851103081e+01
2.364871791774379233e+02 1.460007409018063473e+00 5.343723273175327648e+01
2.365237491242057501e+02 1.504042746812914277e+00 5.342148856836832493e+01
2.363105224163062701e+02 1.434188591722838302e+00 5.307406602079357327e+01
2.355258349238562232e+02 1.296276163095036793e+00 5.213579038921504605e+01
2.343621842107382349e+02 1.036251842187915218e+00 5.101227722612806303e+01
2.337615302843613279e+02 9.197530864197530631e-01 5.054749422177123819e+01
2.335454486885232654e+02 8.926215844024063539e-01 5.032081450879015705e+01
2.336643352419607993e+02 8.986937579022814537e-01 5.048879788681919933e+01
2.340207452505778178e+02 9.532305734741046699e-01 5.086053731487521645e+01
2.342890483438428646e+02 1.014246253211245508e+00 5.123619063725608669e+01
2.345240189091026366e+02 1.028782424520628513e+00 5.142423473702012160e+01
2.347829318773002285e+02 1.077106134183759778e+00 5.169901266781022997e+01
2.350284119736174659e+02 1.134832048835092921e+00 5.196247573949248277e+01
2.351204730496967841e+02 1.155460526845610625e+00 5.210017475618693084e+01
2.348909706618991322e+02 1.155259194833015313e+00 5.189458255820508725e+01
2.346424625321124608e+02 1.098688925933979155e+00 5.166154478026624020e+01
2.344470416274069180e+02 1.050437695795382265e+00 5.148096204488898309e+01
2.342769321833248739e+02 1.038156443027067111e+00 5.126165913684939568e+01
2.341645567071746541e+02 1.030638705676757416e+00 5.101141149847390466e+01
2.342346081676370773e+02 1.045670153737124908e+00 5.100752176399056026e+01
2.343726776352347088e+02 1.016030054842840258e+00 5.110841728878258294e+01
2.345693467984183371e+02 1.047755953387612404e+00 5.132374187625329398e+01
2.348349158029523380e+02 1.098777512019521119e+00 5.163187649489019293e+01
2.349899857456935024e+02 1.126355971104829656e+00 5.176806552149017904e+01
2.351554726067663523e+02 1.114815620142865171e+00 5.193263833522585315e+01
2.353814758441851325e+02 1.157252381757708948e+00 5.214468926417175965e+01
2.355346532660079220e+02 1.184975799892086012e+00 5.227165325795462536e+01
2.356209683264477803e+02 1.260543757499617445e+00 5.229987195283998602e+01
2.356221481320415876e+02 1.300290723426187567e+00 5.225074694176672807e+01
2.356283169449075103e+02 1.298494841873837347e+00 5.222996545142663649e+01
2.356691470770618366e+02 1.340871203884902441e+00 5.228832757523777275e+01
2.356229131936894419e+02 1.336550618894606801e+00 5.227340484646421004e+01
2.355532563439717251e+02 1.288983917598833795e+00 5.233028516666264096e+01
2.355162233335749420e+02 1.274258494197611391e+00 5.238596152142575590e+01
2.355208298100231161e+02 1.274004815861741191e+00 5.241323798249216992e+01
2.355918798772680134e+02 1.294721879957800859e+00 5.252763080540858454e+01
2.358059441263398526e+02 1.338729031270888159e+00 5.269363307643368444e+01
2.359072221819558308e+02 1.408438227311895607e+00 5.267949956914949183e+01
2.359756992260797404e+02 1.470118302690601064e+00 5.265975292535414098e+01
2.359885683683248487e+02 1.518876889500938132e+00 5.255172219403574019e+01
2.357311774701424554e+02 1.478058837267360870e+00 5.228686187818608033e+01
2.347612524461839598e+02 1.298281429940486342e+00 5.133717877477390346e+01
2.337440425857473087e+02 1.029164955344559651e+00 5.051590120235477599e+01
2.331354440981533855e+02 8.874312451176986638e-01 5.016303061051919343e+01
2.329080355632867168e+02 8.862796260056533537e-01 4.991250110732607226e+01
2.329173612621101199e+02 8.634566290578467029e-01 5.006219951197120110e+01
2.330185547582807999e+02 8.863521055301877283e-01 5.014196725536147170e+01
2.332818406577919461e+02 9.065255731922398086e-01 5.049191853301442023e+01
2.335323218413020641e+02 9.255876881447657745e-01 5.079542251536162922e+01
2.337666038510787416e+02 9.625119792547494058e-01 5.106551343689852018e+01
2.340086009035780705e+02 9.928970065956367330e-01 5.128169569874287959e+01
2.341840255127926298e+02 9.832330699910608596e-01 5.142681984006184592e+01
2.341539304035498787e+02 9.685680461936169161e-01 5.143847696359112120e+01
2.340027904616945591e+02 9.860839312894107422e-01 5.125596546753320126e+01
2.338293711193254580e+02 9.603255135979641421e-01 5.105835407053063335e+01
2.336874843967690367e+02 9.614529728684979570e-01 5.096126372077665678e+01
2.336131204045967991e+02 9.554049592101342414e-01 5.089288734265903003e+01
2.336623863480788827e+02 9.556827973875158255e-01 5.088515619337537288e+01
2.338214547445901985e+02 9.816626802928172246e-01 5.102798917639100296e+01
2.340240269623831182e+02 1.025251061019706311e+00 5.123470883364338135e+01
2.343853534987477190e+02 1.045372182358483837e+00 5.147766825316292483e+01
2.345511745709614786e+02 1.118830180474016167e+00 5.166808404403533928e+01
2.347421259049874038e+02 1.145035555233424374e+00 5.178425261530284018e+01
2.349322477511214231e+02 1.168796759359925330e+00 5.185139281486313223e+01
2.350269140634437406e+02 1.201408518760116895e+00 5.196079663050743846e+01
2.351086870736794765e+02 1.221751105312749219e+00 5.206302497322284495e+01
2.351850563326971155e+02 1.193000893914135885e+00 5.208821160799851668e+01
2.352638737889879508e+02 1.259557230637900371e+00 5.208513525484605822e+01
2.353010678649947920e+02 1.254954780829971028e+00 5.207828996641782027e+01
2.353639720390100933e+02 1.242665474781152080e+00 5.214347321881568575e+01
2.353699314665829263e+02 1.229156096736005344e+00 5.203388417771979135e+01
2.354076651123835404e+02 1.264469731745226477e+00 5.209879361858052960e+01
2.354191289571807033e+02 1.269301700047514414e+00 5.229922769039968244e+01
2.355556240084398496e+02 1.268138001014713412e+00 5.253973488600581732e+01
2.356040926771520390e+02 1.289954337899543280e+00 5.258917397501872415e+01
2.357206759923655000e+02 1.311951873595709195e+00 5.279163747352483682e+01
2.358326165913684918e+02 1.336244594235461713e+00 5.280554548895492673e+01
2.359205664677506320e+02 1.381818108606540862e+00 5.259725946864455182e+01
2.358162966184275149e+02 1.362969405587366012e+00 5.246283411047490119e+01
2.352483269309753382e+02 1.294287002810594833e+00 5.177515643497378761e+01
2.341865622961513509e+02 1.098998977233375918e+00 5.076551665821072135e+01
2.332499939600396317e+02 9.719987436882413512e-01 4.994891401512406048e+01
2.327649569552156947e+02 8.897747497443083686e-01 4.969649601765279101e+01
2.325497894067148366e+02 8.651719778051589760e-01 4.969739395842896812e+01
2.326039436914627174e+02 8.758345211922076157e-01 4.975831299880005787e+01
2.328260733009591377e+02 9.030666892158520920e-01 5.004205020415066230e+01
2.330265234793393176e+02 9.456363299590088145e-01 5.024459423546181824e+01
2.332447593277121314e+02 9.484791379768549024e-01 5.046049865912879540e+01
2.334689384970967865e+02 9.319135399805110742e-01 5.072670789946284486e+01
2.337198142913515824e+02 9.302787240382369705e-01 5.095628679342529921e+01
2.338615238417369255e+02 9.654514266386412524e-01 5.104196564470537112e+01
2.338159382474451036e+02 9.292921971765198963e-01 5.094682016219307030e+01
2.337505899027969178e+02 9.235904745798201310e-01 5.085711869730134538e+01
2.335978674913226030e+02 9.119373776908022977e-01 5.056131365111578191e+01
2.334704001675082452e+02 9.430552535575366102e-01 5.048866903433113151e+01
2.334491395069781561e+02 9.305283757338551620e-01 5.031428329830156088e+01
2.335362518421879088e+02 9.450564937627342621e-01 5.036150773517592683e+01
2.337488665007690827e+02 8.777914683546342856e-01 5.089985745693508079e+01
2.339230428515055564e+02 9.217341934236911172e-01 5.124776722798031869e+01
2.341811907580552941e+02 9.301901379526950064e-01 5.153159301941646220e+01
2.344120098572153381e+02 9.992309117118858275e-01 5.175138717756678375e+01
2.346607515321366293e+02 1.013014101294162250e+00 5.205860372222625188e+01
2.347965620545529362e+02 1.070627270018442045e+00 5.201459254427290801e+01
2.349261514177800336e+02 1.110797033171462500e+00 5.200973641612910825e+01
2.350588936403243849e+02 1.165909658299308260e+00 5.202349544586987662e+01
2.351437228705113114e+02 1.193931047812326396e+00 5.209556425309850169e+01
2.352066914707706076e+02 1.209626891514258284e+00 5.212736665780806078e+01
2.352575398838716865e+02 1.190588936403243814e+00 5.214792265629404255e+01
2.353568569656849832e+02 1.190041313328984662e+00 5.233927262770489364e+01
2.354609899092395153e+02 1.180401536565920173e+00 5.238987541575060902e+01
2.356105272482745931e+02 1.234165237209377208e+00 5.255191547276783126e+01
2.357236275196701456e+02 1.250867740974285880e+00 5.270006764755623152e+01
2.358276396640171413e+02 1.239999838934390031e+00 5.263987340243048152e+01
2.359419640340492776e+02 1.296445281985616926e+00 5.262821225226095834e+01
2.360858077037681255e+02 1.366617541655593460e+00 5.274612435875754102e+01
2.362220490766913770e+02 1.391341112802300106e+00 5.284861845972957184e+01
2.363354835592278391e+02 1.376970033743245336e+00 5.301307047425768815e+01
