2.266111460127672501e+02 0.000000000000000000e+00 4.372486911878947780e+01
2.265598878643563978e+02 0.000000000000000000e+00 4.368456783868679594e+01
2.265239909480866061e+02 0.000000000000000000e+00 4.365327794102746140e+01
2.260916337352653045e+02 2.026547775863815905e-05 4.345423041848211909e+01
2.253472016752795071e+02 0.000000000000000000e+00 4.307228020400580704e+01
2.248066268112270620e+02 0.000000000000000000e+00 4.276473131354071455e+01
2.244556354916067278e+02 0.000000000000000000e+00 4.264749552470699712e+01
2.244482115715877910e+02 0.000000000000000000e+00 4.260068902624379206e+01
2.244349039078596206e+02 0.000000000000000000e+00 4.252934103421488032e+01
2.245158915121423888e+02 1.351031850575877270e-05 4.249185665552065672e+01
2.246438680041881923e+02 1.351031850575877270e-05 4.259674401324011228e+01
2.248752659843955826e+02 4.053095551727631810e-05 4.278488195359205548e+01
2.251354206775424700e+02 1.148377072989495781e-04 4.308641875232208918e+01
2.251554564798865101e+02 4.728611477015570784e-05 4.317882933090147901e+01
2.250659573749451283e+02 2.094099368392609802e-04 4.313708920187793439e+01
2.247944472590941416e+02 0.000000000000000000e+00 4.295601715810450116e+01
2.246558111257472774e+02 6.755159252879387028e-05 4.278842841219982063e+01
2.245995609146485492e+02 2.702063701151754540e-05 4.258809065423717044e+01
2.245770864998142429e+02 0.000000000000000000e+00 4.250510352281555271e+01
2.245616644712399079e+02 8.781707028743203271e-05 4.242487249636910462e+01
2.246897017597189858e+02 0.000000000000000000e+00 4.253229303880839041e+01
2.249468166312020685e+02 3.377579626439693514e-05 4.272835478096396145e+01
2.251141824568514096e+02 2.026547775863815905e-05 4.287884621879960889e+01
2.252779883135744967e+02 1.351031850575877270e-05 4.301690140845070687e+01
2.255358800283716789e+02 4.053095551727631810e-05 4.328738474009524850e+01
2.258633093525179731e+02 4.053095551727631810e-05 4.357479650082751022e+01
2.259621846185023912e+02 9.457222954031141568e-05 4.370015199108318882e+01
2.259443374877562860e+02 1.351031850575877270e-05 4.364261154456715985e+01
2.258319383929476203e+02 6.755159252879386350e-06 4.345677035836119728e+01
2.257486607896781265e+02 1.351031850575877406e-04 4.343270848110244486e+01
2.256606815955686045e+02 4.053095551727631810e-05 4.334025737156753166e+01
2.255370284054446586e+02 1.351031850575877270e-05 4.323247880568784751e+01
2.254343634951193849e+02 6.079643327591448054e-05 4.316772384908973947e+01
2.254600466105988517e+02 6.755159252879387028e-05 4.319890566420103539e+01
2.256486641672577491e+02 1.621238220691052724e-04 4.334974837031783323e+01
2.257385483162765638e+02 3.377579626439693514e-05 4.341665146755834570e+01
2.257802276488668269e+02 2.702063701151754540e-05 4.338652345729050808e+01
2.259382510892694427e+02 0.000000000000000000e+00 4.346286351200729570e+01
2.264216097544499746e+02 2.702063701151754540e-05 4.380098625325091888e+01
2.266855270713006973e+02 4.053095551727631810e-05 4.402708818860404705e+01
2.267254365521667125e+02 6.755159252879386350e-06 4.399723038470632019e+01
2.267826189752423431e+02 7.971087918397676232e-04 4.411642516972337802e+01
2.271536325868882500e+02 2.364305738507785392e-04 4.449938865808761790e+01
2.274961259161684666e+02 1.188908028506772052e-03 4.469762556152261368e+01
2.275139392711183177e+02 4.931266254601952273e-04 4.470614381734049658e+01
2.272606545749316069e+02 5.471678994832302910e-04 4.449007329347789153e+01
2.256412875333535908e+02 0.000000000000000000e+00 4.318138278109906736e+01
2.241655892187658310e+02 3.377579626439693514e-05 4.220097274293241441e+01
2.237123382983753856e+02 1.351031850575877270e-05 4.170431992434221513e+01
2.236158408484480162e+02 0.000000000000000000e+00 4.168010267842064565e+01
2.236265072449083107e+02 8.106191103455263620e-05 4.174114905258891639e+01
2.237106427534029081e+02 0.000000000000000000e+00 4.179203566724085306e+01
2.238594116256290647e+02 7.430675178167325324e-05 4.186821359813557564e+01
2.240792515283547743e+02 0.000000000000000000e+00 4.210991319620359974e+01
2.244110581956969668e+02 1.351031850575877270e-05 4.231779646705171416e+01
2.246423886243118204e+02 6.079643327591448054e-05 4.255539568345323431e+01
2.247635288951937014e+02 9.457222954031141568e-05 4.268761441550984870e+01
2.248275002533184761e+02 6.755159252879386350e-06 4.284873847400952229e+01
2.244742324450298838e+02 6.755159252879386350e-06 4.261165940487047266e+01
2.241004965042050969e+02 0.000000000000000000e+00 4.228688485831053612e+01
2.238136521768500700e+02 1.351031850575877270e-05 4.203990948086600810e+01
2.239428918836761682e+02 3.377579626439693514e-05 4.210513729861181531e+01
2.238353970344850836e+02 0.000000000000000000e+00 4.209801060560002384e+01
2.238345864153747300e+02 1.351031850575877270e-05 4.216391393927111864e+01
2.239226872023508008e+02 9.457222954031141568e-05 4.222938494275002341e+01
2.240674164893437421e+02 0.000000000000000000e+00 4.235530786638295098e+01
2.242022832438274804e+02 2.702063701151754540e-05 4.245222413618400736e+01
2.244646536292092946e+02 6.755159252879386350e-06 4.257784307765055587e+01
2.247205458168676273e+02 6.755159252879386350e-06 4.282444016617692029e+01
2.249007329347789437e+02 8.106191103455263620e-05 4.289921977910628925e+01
2.249510994021684098e+02 6.755159252879387028e-05 4.286730840679569354e+01
2.250285135272063997e+02 2.026547775863815905e-05 4.294877562738541599e+01
2.249660350592765212e+02 0.000000000000000000e+00 4.283955145742560688e+01
2.248752997601918366e+02 0.000000000000000000e+00 4.282317695139663272e+01
2.248038234201371210e+02 1.351031850575877270e-05 4.279343398520619957e+01
2.247625629074205449e+02 0.000000000000000000e+00 4.283605904009186816e+01
2.247642584523930225e+02 3.377579626439693514e-05 4.285321038943492766e+01
2.246619718309859195e+02 6.755159252879386350e-06 4.264658357820785284e+01
2.246898030871077765e+02 3.512682811497281309e-04 4.255618603708582270e+01
2.247412571351369479e+02 3.938257844428682056e-03 4.248538521295639470e+01
2.247138109230925238e+02 2.627756949370081436e-03 4.247615766541696303e+01
2.247160739014422290e+02 3.607255041037592345e-03 4.248162258925253809e+01
2.248365926976728417e+02 3.870706251899888335e-03 4.250991995136285340e+01
2.249424190225284690e+02 4.667815043739656500e-03 4.244267234100043851e+01
2.248275948255480046e+02 5.708109568683081801e-03 4.234852568649306193e+01
2.241640220218191644e+02 3.107373256324517680e-03 4.180686999696018091e+01
2.228755632114027208e+02 9.187016583915966249e-04 4.082136656871685432e+01
2.223712567973790044e+02 1.060560002702063721e-03 4.061530043570777337e+01
2.220368493937244523e+02 6.552504475293005268e-04 4.047115884756983206e+01
2.219082379167088845e+02 2.837166886209342470e-04 4.042517647853548368e+01
2.218024723882865601e+02 4.188198736785219605e-04 4.042957408720910450e+01
2.219951160198601769e+02 7.835984733340088573e-04 4.058157868071739927e+01
2.221236329246461878e+02 1.229438984024048458e-03 4.073691356773736061e+01
2.222370993346168007e+02 1.107846117472219456e-03 4.081787415138311559e+01
2.222628635120073000e+02 3.715337589083662797e-04 4.088934373627858321e+01
2.225985881717161590e+02 1.351031850575877270e-05 4.129005302800013766e+01
2.225675684804269281e+02 0.000000000000000000e+00 4.126138413213091383e+01
2.225552605802681683e+02 0.000000000000000000e+00 4.115397710001013110e+01
2.225706623433647451e+02 0.000000000000000000e+00 4.099067788023102565e+01
2.225684804269260724e+02 0.000000000000000000e+00 4.089382916202249163e+01
2.225188367615766651e+02 0.000000000000000000e+00 4.086266761238896095e+01
2.224421049076231895e+02 0.000000000000000000e+00 4.071099402168405845e+01
2.225016516364373160e+02 1.351031850575877270e-05 4.088016347485392288e+01
2.226225284561083413e+02 0.000000000000000000e+00 4.107825176478535667e+01
2.227078326071537049e+02 0.000000000000000000e+00 4.122101530043570961e+01
2.227534974837031712e+02 0.000000000000000000e+00 4.128995845577059498e+01
2.229818353767689985e+02 0.000000000000000000e+00 4.148427736683892419e+01
2.232398554395919916e+02 1.351031850575877270e-05 4.159702097476947813e+01
2.233965210929847558e+02 0.000000000000000000e+00 4.165365622994561789e+01
2.234168338568581760e+02 8.106191103455263620e-05 4.170887965683790810e+01
2.234790961596919772e+02 0.000000000000000000e+00 4.170677880231026791e+01
2.235714121660418243e+02 7.430675178167325324e-05 4.169418718546289426e+01
2.236581011247340030e+02 0.000000000000000000e+00 4.194079778430776173e+01
2.238658357820785625e+02 1.351031850575877270e-05 4.219592663897051210e+01
2.241155064680649787e+02 6.755159252879387028e-05 4.246409295099132208e+01
2.241168169689600518e+02 0.000000000000000000e+00 4.249698382139359154e+01
2.240775627385415589e+02 1.351031850575877406e-04 4.250417806599790538e+01
2.243154186509947010e+02 1.351031850575877270e-05 4.248809403181680011e+01
2.246446380923430297e+02 1.351031850575877270e-05 4.249664606343094420e+01
2.247459519708177140e+02 6.755159252879386350e-06 4.256988550005066685e+01
2.249789711892457831e+02 1.351031850575877270e-05 4.269752423413382303e+01
2.252161718512514028e+02 1.351031850575877270e-05 4.283228966122876358e+01
2.252937751207484780e+02 1.351031850575877270e-05 4.300237106089775807e+01
2.251443307325970125e+02 3.377579626439693514e-05 4.303973384672544000e+01
2.243266727463099812e+02 0.000000000000000000e+00 4.246187050359711890e+01
2.232930523187084191e+02 0.000000000000000000e+00 4.178746917958591212e+01
2.226640997061505800e+02 0.000000000000000000e+00 4.126912554463471139e+01
2.223180058769885363e+02 0.000000000000000000e+00 4.104348971527003442e+01
2.222996858850947319e+02 0.000000000000000000e+00 4.109377512074847516e+01
2.224670854865403555e+02 1.351031850575877270e-05 4.123338399702772961e+01
2.226483736954098731e+02 0.000000000000000000e+00 4.132547708312223733e+01
2.226686459283277486e+02 0.000000000000000000e+00 4.130604248995170025e+01
2.227201337521532025e+02 0.000000000000000000e+00 4.104041611780997556e+01
2.228925051508089439e+02 0.000000000000000000e+00 4.100383693045563405e+01
2.230064376667679937e+02 0.000000000000000000e+00 4.104126726787583834e+01
2.229615293680548405e+02 2.026547775863815905e-05 4.097217549903739098e+01
2.228126591684398932e+02 2.702063701151754540e-05 4.075919208295335494e+01
2.227001992771979531e+02 0.000000000000000000e+00 4.079610227311108872e+01
2.225954200020265432e+02 0.000000000000000000e+00 4.069053939946634557e+01
2.224858310534670807e+02 0.000000000000000000e+00 4.065613537339142880e+01
2.224321342925659337e+02 0.000000000000000000e+00 4.061199040767385782e+01
2.226403418110581924e+02 0.000000000000000000e+00 4.077780254669503535e+01
2.228495153173236076e+02 0.000000000000000000e+00 4.112340324923160040e+01
2.230813726483601727e+02 0.000000000000000000e+00 4.140316816968960012e+01
2.232067146282973624e+02 0.000000000000000000e+00 4.152002566960516106e+01
2.234151923531597390e+02 1.351031850575877270e-05 4.171673590704900647e+01
2.236271152092410546e+02 0.000000000000000000e+00 4.183012801026784189e+01
2.237624750903502502e+02 1.351031850575877270e-05 4.194858648292633774e+01
2.238648089978721316e+02 0.000000000000000000e+00 4.189140405985071425e+01
2.239659134664099724e+02 0.000000000000000000e+00 4.193935893538689896e+01
2.241320093221197567e+02 6.755159252879386350e-06 4.200373560306684340e+01
2.242198263924072137e+02 2.026547775863815905e-05 4.210581956969635797e+01
2.241452089032999027e+02 6.755159252879386350e-06 4.198837437092579705e+01
2.240623771405410878e+02 2.702063701151754540e-05 4.195912453136082831e+01
2.240959840578241540e+02 4.053095551727631810e-05 4.200668760766035348e+01
2.242236633228628477e+02 0.000000000000000000e+00 4.211773567061843693e+01
2.242923362718276223e+02 0.000000000000000000e+00 4.218774614111527654e+01
2.244454419562941325e+02 0.000000000000000000e+00 4.225184584726584802e+01
2.247936771709393042e+02 0.000000000000000000e+00 4.252801702300131836e+01
2.249878609788225674e+02 0.000000000000000000e+00 4.270231364204411051e+01
2.249355963116830424e+02 6.755159252879386350e-06 4.259730469145809906e+01
2.242675313270510458e+02 0.000000000000000000e+00 4.214070321207822190e+01
2.232718748944506331e+02 0.000000000000000000e+00 4.130687337453980490e+01
2.226604384098355069e+02 0.000000000000000000e+00 4.076058364575944637e+01
2.223285574357415442e+02 0.000000000000000000e+00 4.043139122504813088e+01
2.221933259026581595e+02 0.000000000000000000e+00 4.034578309183638822e+01
2.223581788090654356e+02 0.000000000000000000e+00 4.051427027392170999e+01
2.225174316884520636e+02 0.000000000000000000e+00 4.063697774175026467e+01
2.227279900023642938e+02 0.000000000000000000e+00 4.080938291620225300e+01
2.228339919613604820e+02 0.000000000000000000e+00 4.086061404397608499e+01
2.230221501671902047e+02 0.000000000000000000e+00 4.112360590400918881e+01
2.230588104164555716e+02 0.000000000000000000e+00 4.110841355084946258e+01
2.230060728881683474e+02 0.000000000000000000e+00 4.116161718512513801e+01
2.227875907724524609e+02 0.000000000000000000e+00 4.093244165231195097e+01
2.225579018475360442e+02 0.000000000000000000e+00 4.078584118620596399e+01
2.223672374776235472e+02 0.000000000000000000e+00 4.064312493667038240e+01
2.223602256223190352e+02 0.000000000000000000e+00 4.068275070084776956e+01
2.222717533015840843e+02 0.000000000000000000e+00 4.079505522342689261e+01
2.223696423143175593e+02 1.351031850575877270e-05 4.105302800013510023e+01
2.225473570439422986e+02 0.000000000000000000e+00 4.126888235890161383e+01
2.227662174485763558e+02 4.053095551727631810e-05 4.153262404161178267e+01
2.228265680413415737e+02 0.000000000000000000e+00 4.156722396730502567e+01
2.229588408146722145e+02 0.000000000000000000e+00 4.136939912858445467e+01
2.232946330259735817e+02 0.000000000000000000e+00 4.151996487317188667e+01
2.234502921606376731e+02 0.000000000000000000e+00 4.147486067484040717e+01
2.234425912790894131e+02 0.000000000000000000e+00 4.137473570439423298e+01
2.234451312189684984e+02 1.351031850575877270e-05 4.129957780254669331e+01
2.234855878677339831e+02 1.756341405748640654e-04 4.141204444894788139e+01
2.234576012429492948e+02 0.000000000000000000e+00 4.147333400884925680e+01
2.233906170837977641e+02 0.000000000000000000e+00 4.138754348633769098e+01
2.234677339818286157e+02 6.755159252879386350e-06 4.156306954436450951e+01
2.235565305502077251e+02 0.000000000000000000e+00 4.166472793596108914e+01
2.237621778633431404e+02 0.000000000000000000e+00 4.173177289154591563e+01
2.237552065389941447e+02 0.000000000000000000e+00 4.183170871753301867e+01
2.235666430236092879e+02 0.000000000000000000e+00 4.157064883304624203e+01
2.227904211841794222e+02 1.351031850575877270e-05 4.098817171614820865e+01
2.221020569459925014e+02 0.000000000000000000e+00 4.053223224237511602e+01
2.216358698956327942e+02 0.000000000000000000e+00 4.030932549734860260e+01
2.212536021886716071e+02 0.000000000000000000e+00 4.019472422062349892e+01
2.211132434897152734e+02 0.000000000000000000e+00 4.018884723207349907e+01
2.211151619549430904e+02 0.000000000000000000e+00 4.027412436248184235e+01
2.212564731313540847e+02 0.000000000000000000e+00 4.037701219306244838e+01
2.214180903164792085e+02 0.000000000000000000e+00 4.042406187725875810e+01
2.215395548350052479e+02 0.000000000000000000e+00 4.049407910291485280e+01
2.215584152396392881e+02 0.000000000000000000e+00 4.040518120714695982e+01
2.216621609754450049e+02 0.000000000000000000e+00 4.046569392373424989e+01
2.216145100820751850e+02 0.000000000000000000e+00 4.041250379977707752e+01
2.215416151585773719e+02 0.000000000000000000e+00 4.037573546796365775e+01
2.213140811294626360e+02 0.000000000000000000e+00 4.026144492856418822e+01
2.211383659269767179e+02 0.000000000000000000e+00 4.008964771844496511e+01
2.210483331644543625e+02 0.000000000000000000e+00 4.010911608741176337e+01
2.211518965109602561e+02 0.000000000000000000e+00 4.013568412875333280e+01
2.212411321646907822e+02 0.000000000000000000e+00 4.021598946195156543e+01
2.213472624717127815e+02 0.000000000000000000e+00 4.024924511095348834e+01
2.215269564629986121e+02 0.000000000000000000e+00 4.044224676596751067e+01
2.217804640794406623e+02 0.000000000000000000e+00 4.054058837437092677e+01
2.218883304623906554e+02 0.000000000000000000e+00 4.063062113689330346e+01
2.219267065221062580e+02 0.000000000000000000e+00 4.049082311615496366e+01
2.220230013172560461e+02 0.000000000000000000e+00 4.050097612051204266e+01
2.221972236295470680e+02 0.000000000000000000e+00 4.053862262302833841e+01
2.222452528118350301e+02 0.000000000000000000e+00 4.048539196811564977e+01
2.222246765967507542e+02 0.000000000000000000e+00 4.045750667071975926e+01
2.222280609315364472e+02 0.000000000000000000e+00 4.053596784544195941e+01
2.223195663187759692e+02 0.000000000000000000e+00 4.071787077380349018e+01
2.224306886884858443e+02 0.000000000000000000e+00 4.075302462255547908e+01
2.225497551254770769e+02 0.000000000000000000e+00 4.085491944472590831e+01
2.227375688181848830e+02 0.000000000000000000e+00 4.094093288749282067e+01
2.227903874083831397e+02 0.000000000000000000e+00 4.104417198635457709e+01
2.229026243793697404e+02 0.000000000000000000e+00 4.121516533252271586e+01
2.231564967744114654e+02 0.000000000000000000e+00 4.128856689296450355e+01
2.234572567298274066e+02 0.000000000000000000e+00 4.153875772621339735e+01
2.235882933090147731e+02 0.000000000000000000e+00 4.161049751747897574e+01
2.236891951227750326e+02 0.000000000000000000e+00 4.165896578511838300e+01
2.238932482183267609e+02 0.000000000000000000e+00 4.181975208565541635e+01
2.240143952443678756e+02 0.000000000000000000e+00 4.192062012361941470e+01
2.238036612963150560e+02 0.000000000000000000e+00 4.177980882899313997e+01
2.230610396190090228e+02 0.000000000000000000e+00 4.109991556050933781e+01
2.221647583341777192e+02 0.000000000000000000e+00 4.040546492383558075e+01
2.215135880028371673e+02 0.000000000000000000e+00 3.998471307461073110e+01
2.213996014456040768e+02 0.000000000000000000e+00 3.986043165467626181e+01
2.212729016786570639e+02 0.000000000000000000e+00 3.991536460972067601e+01
2.214320059445401512e+02 0.000000000000000000e+00 4.008314250008444191e+01
2.216178133549498455e+02 0.000000000000000000e+00 4.024142939169790623e+01
2.217859357584354996e+02 0.000000000000000000e+00 4.036531901239571596e+01
2.219198770561015976e+02 0.000000000000000000e+00 4.059381902928361541e+01
2.220813523828824145e+02 0.000000000000000000e+00 4.075438916472455730e+01
2.222784611747221959e+02 0.000000000000000000e+00 4.089162022494680571e+01
2.223618806363359965e+02 0.000000000000000000e+00 4.086457932245753000e+01
2.223268146046543166e+02 0.000000000000000000e+00 4.075205863478231549e+01
2.223426757185800682e+02 0.000000000000000000e+00 4.076515013341439442e+01
2.222298915796939980e+02 0.000000000000000000e+00 4.052969230249603072e+01
2.222002431857331146e+02 0.000000000000000000e+00 4.046091802614246546e+01
2.222577903874083916e+02 0.000000000000000000e+00 4.057062856756848390e+01
2.223303475529435502e+02 0.000000000000000000e+00 4.057124328706048999e+01
2.224265140000675558e+02 0.000000000000000000e+00 4.076411659404870136e+01
2.226952274799878353e+02 0.000000000000000000e+00 4.099947309757827441e+01
2.229850238119363723e+02 0.000000000000000000e+00 4.113106359982436544e+01
2.230719627115209107e+02 1.351031850575877270e-05 4.120134427669132293e+01
2.231197757287127956e+02 0.000000000000000000e+00 4.131058871212889017e+01
2.231349748370317911e+02 0.000000000000000000e+00 4.133523153308339459e+01
2.231630965650015241e+02 0.000000000000000000e+00 4.136408281825244160e+01
2.232177458033573032e+02 1.351031850575877270e-05 4.141243624818454805e+01
2.232687472557165620e+02 0.000000000000000000e+00 4.154891748572972432e+01
2.232895058601006610e+02 0.000000000000000000e+00 4.167439456885195881e+01
2.232915729388320472e+02 0.000000000000000000e+00 4.168432465295369127e+01
2.233737426959840491e+02 0.000000000000000000e+00 4.173409666632890946e+01
2.235124396257641877e+02 1.351031850575877270e-05 4.189836862904042647e+01
2.235690275948255419e+02 2.026547775863815905e-05 4.178103826797716636e+01
2.236357415476069832e+02 0.000000000000000000e+00 4.178446988887763069e+01
2.238653899415678836e+02 0.000000000000000000e+00 4.198328773600837849e+01
2.240635795588881081e+02 0.000000000000000000e+00 4.202604113891985094e+01
2.241678994832303147e+02 0.000000000000000000e+00 4.217898469956428897e+01
2.245186138413212973e+02 4.728611477015570784e-05 4.236975039686560507e+01
2.249225926301212439e+02 0.000000000000000000e+00 4.267787347586719449e+01
2.250810889316715588e+02 0.000000000000000000e+00 4.279958793528557237e+01
2.251020501908332392e+02 6.755159252879386350e-06 4.273425879015097451e+01
2.252258857702570367e+02 0.000000000000000000e+00 4.286844327355017725e+01
2.254703617387779957e+02 7.430675178167325324e-05 4.305362245414935529e+01
2.256537035160604034e+02 6.755159252879386350e-06 4.334445232546357119e+01
2.257792008646603961e+02 2.702063701151754540e-05 4.341432769277535897e+01
2.256626270814334418e+02 3.377579626439693514e-05 4.331743844361130868e+01
2.247415003208700739e+02 1.351031850575877270e-05 4.258986050596142547e+01
2.233711081838754353e+02 0.000000000000000000e+00 4.146035059276522361e+01
2.227763434322964144e+02 0.000000000000000000e+00 4.103023609281589046e+01
2.225718580065525032e+02 0.000000000000000000e+00 4.086484952882764077e+01
2.226009794980916752e+02 0.000000000000000000e+00 4.091887053737291779e+01
2.227000236430573921e+02 0.000000000000000000e+00 4.106109366028304208e+01
2.229151416894653153e+02 1.351031850575877270e-05 4.119473097578275400e+01
2.231751680345864202e+02 0.000000000000000000e+00 4.131723578883372028e+01
2.233600905191339905e+02 0.000000000000000000e+00 4.139014422265005066e+01
2.236283649137028533e+02 0.000000000000000000e+00 4.166505218360522633e+01
2.237882662883777414e+02 0.000000000000000000e+00 4.189195122775019087e+01
2.237777147296247620e+02 0.000000000000000000e+00 4.177845104198331683e+01
2.234846218799608266e+02 0.000000000000000000e+00 4.141084878576012329e+01
2.231916100922079238e+02 0.000000000000000000e+00 4.115653055020771944e+01
2.231507346235687521e+02 0.000000000000000000e+00 4.108479751410139613e+01
2.231177964670517042e+02 0.000000000000000000e+00 4.111238558449015557e+01
2.231151416894653323e+02 1.351031850575877270e-05 4.113546796365724134e+01
2.232451447292870057e+02 6.755159252879386350e-06 4.133311716823724424e+01
2.234516296821697665e+02 6.755159252879387028e-05 4.152067416489343543e+01
2.237790117202013107e+02 8.106191103455263620e-05 4.161580031749248576e+01
2.238720032424764383e+02 6.755159252879386350e-06 4.175923936906812628e+01
2.240120984902219163e+02 5.404127402303509080e-05 4.193152970581281380e+01
2.241706555882055056e+02 0.000000000000000000e+00 4.213692707805586224e+01
2.243602999290708340e+02 0.000000000000000000e+00 4.225148782382544965e+01
2.244788259533218593e+02 2.702063701151754540e-05 4.221242949302529723e+01
2.245281521261863702e+02 0.000000000000000000e+00 4.223488364238186676e+01
2.245837133110413220e+02 6.755159252879386350e-06 4.242318370655588211e+01
2.247444185496673015e+02 1.351031850575877270e-05 4.257645827000371241e+01
2.248660384368561438e+02 1.351031850575877270e-05 4.270960245887796702e+01
2.249211605363596505e+02 1.351031850575877270e-05 4.271597932921268637e+01
2.250252102543317392e+02 0.000000000000000000e+00 4.284105110277975115e+01
2.250994764751578998e+02 6.755159252879387028e-05 4.289213361705002114e+01
2.251221265241327956e+02 1.351031850575877270e-05 4.283873408315601239e+01
2.251238896206978097e+02 1.080825480460701816e-04 4.279676427871787325e+01
2.252288242645320224e+02 6.755159252879387028e-05 4.281426014118282808e+01
2.255440402607491421e+02 1.351031850575877270e-05 4.309143108048772319e+01
2.258171040632282995e+02 1.351031850575877270e-05 4.340435032255885517e+01
2.259681831999189399e+02 4.053095551727631810e-05 4.356869659202215672e+01
2.261188637822136798e+02 6.079643327591448054e-05 4.370767723849089492e+01
2.264273111088593851e+02 1.351031850575877270e-05 4.394080453946701681e+01
2.266199277197959816e+02 2.837166886209342470e-04 4.410548856689296571e+01
2.265289289695004697e+02 2.026547775863815905e-05 4.398996183335022181e+01
2.253425068395987410e+02 0.000000000000000000e+00 4.316880467457020387e+01
2.239286249873340751e+02 0.000000000000000000e+00 4.194333772418684703e+01
2.234506636943965816e+02 0.000000000000000000e+00 4.155393656905461341e+01
2.232443949066099265e+02 0.000000000000000000e+00 4.141169318066673100e+01
2.232717735670618424e+02 6.755159252879386350e-06 4.130722464282095530e+01
2.234273516398149013e+02 0.000000000000000000e+00 4.133830513054345346e+01
2.234925051508089382e+02 1.351031850575877270e-05 4.129253892660519654e+01
2.236218934711385771e+02 4.728611477015570784e-05 4.135442969568007499e+01
2.237710541426014004e+02 0.000000000000000000e+00 4.148223055358530331e+01
2.240780558651670162e+02 0.000000000000000000e+00 4.165038673286722570e+01
2.241442834464822624e+02 0.000000000000000000e+00 4.167303002668288059e+01
2.241575775998919084e+02 6.755159252879386350e-06 4.165614212855068388e+01
2.241299625088661571e+02 0.000000000000000000e+00 4.164313169182963748e+01
2.239944810348903843e+02 0.000000000000000000e+00 4.146886209342385143e+01
2.238536900057418961e+02 0.000000000000000000e+00 4.147368527713040720e+01
2.237933461681359120e+02 0.000000000000000000e+00 4.156219812882088860e+01
2.238130104367210436e+02 1.351031850575877270e-05 4.166803120883574962e+01
2.239284088222379978e+02 0.000000000000000000e+00 4.183374202046812940e+01
2.241524977201337663e+02 5.404127402303509080e-05 4.207571858006552645e+01
2.242668220353294828e+02 0.000000000000000000e+00 4.212728746580200578e+01
2.244494004796163154e+02 4.728611477015570784e-05 4.228547978518593453e+01
2.246827844766440307e+02 6.755159252879386350e-06 4.261662444692133533e+01
2.249988583780862541e+02 6.755159252879386350e-06 4.284811024419900605e+01
2.251297395886107893e+02 3.377579626439693514e-05 4.297084473266457394e+01
2.251838754348633813e+02 2.702063701151754540e-05 4.304405714864727628e+01
2.252373898064646767e+02 6.755159252879386350e-06 4.311455399061032523e+01
2.253615834093288868e+02 0.000000000000000000e+00 4.322233255649001649e+01
2.254508933698111832e+02 0.000000000000000000e+00 4.327019285979667274e+01
2.253620630256358197e+02 4.728611477015570784e-05 4.322567636032019323e+01
2.253175465261593615e+02 8.106191103455263620e-05 4.310808254804607031e+01
2.254207315837470844e+02 0.000000000000000000e+00 4.309283615361232478e+01
2.254262910798122164e+02 6.755159252879386350e-06 4.307400952477454581e+01
2.253926301212551095e+02 2.702063701151754540e-05 4.293819704799540915e+01
2.255250582632485532e+02 1.148377072989495781e-04 4.304940047961630967e+01
2.258221434120309254e+02 0.000000000000000000e+00 4.330214476306279181e+01
2.258824467186813933e+02 5.404127402303509080e-05 4.344907623197217106e+01
2.258001688789813102e+02 1.013273887931907986e-04 4.341451683723443722e+01
2.257297328334515498e+02 0.000000000000000000e+00 4.345448711453372681e+01
2.257634275678049107e+02 7.430675178167325324e-05 4.337734319586584064e+01
2.258092072820616636e+02 1.351031850575877270e-05 4.356998007228020242e+01
2.256854054784341486e+02 2.026547775863815905e-05 4.360170905529097496e+01
2.257380011483770659e+02 1.283480258047083576e-04 4.368627013881852150e+01
2.258398554395919859e+02 1.621238220691052724e-04 4.380025669605161198e+01
2.255175938122741286e+02 0.000000000000000000e+00 4.357062181240922882e+01
2.244802107609687027e+02 5.404127402303509080e-05 4.267108454081805036e+01
2.239788225757422140e+02 0.000000000000000000e+00 4.217419529165400149e+01
2.238053433309690377e+02 0.000000000000000000e+00 4.203426216773060276e+01
2.237115276792650320e+02 0.000000000000000000e+00 4.196054986996318092e+01
2.237721687438781260e+02 0.000000000000000000e+00 4.196925727024014918e+01
2.240096261019353392e+02 6.755159252879387028e-05 4.220151315567264305e+01
2.243688924916404801e+02 0.000000000000000000e+00 4.246596413010436777e+01
2.246116999358259818e+02 0.000000000000000000e+00 4.267322592630121392e+01
2.248224068632418096e+02 0.000000000000000000e+00 4.289824028101462261e+01
2.250286891613469891e+02 4.728611477015570784e-05 4.299115749653797991e+01
2.251425473705542686e+02 5.404127402303509080e-05 4.300563380281690229e+01
2.251278076130644763e+02 4.728611477015570784e-05 4.288341946161380491e+01
2.250159827067923004e+02 2.702063701151754540e-05 4.276843314081129677e+01
2.247439321782011064e+02 2.702063701151754540e-05 4.252710507650218119e+01
2.245826797716756289e+02 0.000000000000000000e+00 4.231664808997872029e+01
2.245176613638666652e+02 0.000000000000000000e+00 4.239702772992873037e+01
2.246097004086871323e+02 2.702063701151754540e-05 4.259343398520620383e+01
2.246424764413821151e+02 2.026547775863815905e-05 4.259206944303711850e+01
2.246461512480156841e+02 0.000000000000000000e+00 4.260547167899483156e+01
2.248530617759313657e+02 0.000000000000000000e+00 4.283329617995744343e+01
2.252169959806802524e+02 2.026547775863815905e-05 4.288154828250075923e+01
2.254451785050832484e+02 1.351031850575877270e-05 4.299398790826493411e+01
2.257260580268179808e+02 4.728611477015570784e-05 4.304988009592326392e+01
2.258270206370115147e+02 2.702063701151754540e-05 4.308399365015030469e+01
2.260236160367480522e+02 1.756341405748640654e-04 4.327606309318742461e+01
2.261035498361873977e+02 6.755159252879386350e-06 4.341015975951633266e+01
2.262479008342621682e+02 2.026547775863815905e-05 4.360239132637551762e+01
2.263508697267538139e+02 1.621238220691052724e-04 4.369537609349140439e+01
2.265438038301753068e+02 1.013273887931907986e-04 4.394083831526328510e+01
2.266995305164319348e+02 4.728611477015570784e-05 4.405335900293849249e+01
2.266622690579930293e+02 2.161650960921403632e-04 4.406274867429999631e+01
2.267421690816360922e+02 2.161650960921403632e-04 4.414541831323673193e+01
2.268548789137703920e+02 2.431857331036579222e-04 4.430945384537440646e+01
2.270509271456074600e+02 1.688789813219846554e-04 4.449164049042456526e+01
2.270770425912790813e+02 9.997635694261493289e-04 4.444760360725504000e+01
2.271119127233424422e+02 1.756341405748640654e-04 4.433204985307528290e+01
2.272114027088188664e+02 3.107373256324517789e-04 4.428622285270375158e+01
2.273415746276218385e+02 2.837166886209342470e-04 4.430437396561623586e+01
2.274503259364339556e+02 1.351031850575877406e-04 4.431912047826527612e+01
2.276802648022427036e+02 4.863714662073158443e-04 4.451642516972337660e+01
2.278292025534501875e+02 5.336575809774715250e-04 4.472112000540412424e+01
2.275394129766609126e+02 6.755159252879386214e-04 4.458767858952274565e+01
2.261039213699463062e+02 4.728611477015570784e-05 4.345526395784780505e+01
2.245732428141993466e+02 6.755159252879386350e-06 4.226232985442631929e+01
2.239617117573546921e+02 0.000000000000000000e+00 4.185673658256493468e+01
2.236863309352517888e+02 0.000000000000000000e+00 4.152848988414901754e+01
2.237525382510892769e+02 0.000000000000000000e+00 4.148562839868949936e+01
2.240581686763265452e+02 2.026547775863815905e-05 4.169189043131692074e+01
2.243901172020130446e+02 1.351031850575877270e-05 4.193644070658965717e+01
2.246592427466477488e+02 2.026547775863815905e-05 4.219255581450332926e+01
2.250374033167831840e+02 2.026547775863815905e-05 4.260081737426959592e+01
2.254458877968048114e+02 0.000000000000000000e+00 4.311283142500084153e+01
2.256582902691930883e+02 2.026547775863815905e-05 4.327447563076299275e+01
2.254698145708784978e+02 0.000000000000000000e+00 4.315215996217110472e+01
2.252128888438545005e+02 1.351031850575877270e-05 4.280944371263552739e+01
2.248305198095045228e+02 0.000000000000000000e+00 4.267619144121322705e+01
2.244939980410038061e+02 0.000000000000000000e+00 4.239419731820177617e+01
2.242826966595737588e+02 4.053095551727631810e-05 4.230120579592664143e+01
2.241390684635390187e+02 0.000000000000000000e+00 4.220614719492012057e+01
2.241596716992603149e+02 0.000000000000000000e+00 4.222113013814300331e+01
2.243823757895092399e+02 0.000000000000000000e+00 4.225736481237544950e+01
2.246300942344715850e+02 2.702063701151754540e-05 4.242545344006484953e+01
2.249079677103387667e+02 1.351031850575877270e-05 4.251789779444050055e+01
2.251829837538419952e+02 2.026547775863815905e-05 4.269715270037491450e+01
2.255084540818049845e+02 0.000000000000000000e+00 4.288796568379099483e+01
2.255884824534738300e+02 5.404127402303509080e-05 4.303581585435876633e+01
2.256102610869051261e+02 1.418583443104671235e-04 4.311477015570642379e+01
2.257350423886243220e+02 1.621238220691052724e-04 4.328572972607829428e+01
2.259632249130273181e+02 8.106191103455263620e-05 4.347316512986793668e+01
2.259708987739385861e+02 1.486135035633465065e-04 4.351854628972878203e+01
2.261014354713412331e+02 5.404127402303509080e-05 4.370329989529503223e+01
2.260880332353835342e+02 1.351031850575877406e-04 4.377816057013544082e+01
2.261525450062485163e+02 3.377579626439693514e-05 4.385065693923733932e+01
2.262274259465666830e+02 4.728611477015570784e-05 4.388358834059513214e+01
2.262701658391596595e+02 9.457222954031141568e-05 4.400791704664437276e+01
2.262375992164015202e+02 4.728611477015570784e-05 4.391681021380079386e+01
2.260041071368257519e+02 8.781707028743203271e-05 4.365279832472050714e+01
2.248219542675718685e+02 2.026547775863815905e-05 4.282702063701151474e+01
2.238077414125037876e+02 0.000000000000000000e+00 4.200581619211673257e+01
2.232852365994528441e+02 0.000000000000000000e+00 4.151727631978923938e+01
2.230388421657040681e+02 1.351031850575877270e-05 4.125966832168068521e+01
2.230068632418009145e+02 1.351031850575877270e-05 4.124230756240078222e+01
2.232241699598068010e+02 0.000000000000000000e+00 4.146337014895126316e+01
2.234558178809065510e+02 0.000000000000000000e+00 4.164019319755463044e+01
2.237157834295943530e+02 0.000000000000000000e+00 4.183402573715675032e+01
2.241211064950856269e+02 0.000000000000000000e+00 4.205560847096970178e+01
2.246394636403553307e+02 2.364305738507785392e-04 4.235644948829668976e+01
2.249446820008781742e+02 6.079643327591448054e-05 4.258202452122808523e+01
2.251347992028912017e+02 1.148377072989495781e-04 4.266574796500827205e+01
2.251514101394940326e+02 4.053095551727631810e-05 4.258636808862768675e+01
2.249051102779748135e+02 1.351031850575877406e-04 4.248718208531766294e+01
2.243022596007700997e+02 0.000000000000000000e+00 4.215515925287938614e+01
2.239450197588408287e+02 1.351031850575877270e-05 4.197929543688992737e+01
2.239423379606174080e+02 4.053095551727631810e-05 4.204032830073968796e+01
2.240236025264295563e+02 2.026547775863815905e-05 4.211520248589860671e+01
2.241649272131590465e+02 6.755159252879386350e-06 4.234211504036207430e+01
2.244173607592798874e+02 1.080825480460701816e-04 4.258102475765866046e+01
2.247604552977336425e+02 6.079643327591448054e-05 4.297651231127773741e+01
2.250422062350120029e+02 2.702063701151754540e-05 4.325704731989056739e+01
2.251731414868105503e+02 1.891444590806228314e-04 4.331780322221096213e+01
2.254308035261931309e+02 7.430675178167325324e-05 4.338780018238929870e+01
2.256997196608909917e+02 1.553686628162258894e-04 4.343316107677238591e+01
2.259167899483230428e+02 5.944540142533860259e-04 4.348356807511736832e+01
2.260571824230756306e+02 1.013273887931907986e-04 4.353787280035126628e+01
2.261001384807646843e+02 2.229202553450197462e-04 4.360466105988448504e+01
2.262659776404228751e+02 4.728611477015570784e-05 4.370344850879859422e+01
2.263548282500759967e+02 2.026547775863815905e-05 4.375372715911777277e+01
2.263883000641740182e+02 6.755159252879387028e-05 4.388252778059242587e+01
2.263946971999864957e+02 5.404127402303509080e-05 4.397059479177221419e+01
2.264245414935656981e+02 8.781707028743203271e-05 4.407296247509034970e+01
2.263290910933225177e+02 1.553686628162258894e-04 4.383487013206336513e+01
2.263135947579964125e+02 1.553686628162258894e-04 4.367197622183942940e+01
2.259252203870706239e+02 4.728611477015570784e-05 4.336250211098726481e+01
2.243695409869287687e+02 4.728611477015570784e-05 4.202931063599824313e+01
2.232647549565980967e+02 0.000000000000000000e+00 4.121877934272300337e+01
2.228262505488566774e+02 1.351031850575877270e-05 4.092626068159557207e+01
2.227482487249637018e+02 0.000000000000000000e+00 4.095030229337656635e+01
2.228726720032424851e+02 0.000000000000000000e+00 4.106438342283919241e+01
2.229655149120140436e+02 0.000000000000000000e+00 4.109660553247542936e+01
2.231864153747424666e+02 0.000000000000000000e+00 4.128649981423311743e+01
2.234550342824332176e+02 2.702063701151754540e-05 4.154125713513695928e+01
2.237107575911102231e+02 0.000000000000000000e+00 4.175646975377444647e+01
2.238485155537541686e+02 0.000000000000000000e+00 4.183661296315060696e+01
2.240026953085418882e+02 0.000000000000000000e+00 4.193504914378356574e+01
2.240772047151011463e+02 6.755159252879386350e-06 4.205098118688147935e+01
2.239369338332151074e+02 2.702063701151754540e-05 4.196387340831559953e+01
2.237097510723815219e+02 2.026547775863815905e-05 4.180335731414868405e+01
2.235533286047218553e+02 0.000000000000000000e+00 4.170089505860100587e+01
2.234993346168135986e+02 0.000000000000000000e+00 4.165392643631573577e+01
2.235209241057857810e+02 0.000000000000000000e+00 4.173809572060661566e+01
2.235476002296754245e+02 0.000000000000000000e+00 4.168868848583105091e+01
2.236877765393319066e+02 2.702063701151754540e-05 4.186543722768264075e+01
2.238225487215861165e+02 0.000000000000000000e+00 4.202818927956226247e+01
2.241117438443611434e+02 0.000000000000000000e+00 4.227948795892863387e+01
2.243995136285337821e+02 0.000000000000000000e+00 4.242775019421083016e+01
2.246779207619819658e+02 2.702063701151754540e-05 4.263355287600905541e+01
2.249440132401121275e+02 4.053095551727631810e-05 4.284087546863917595e+01
2.252677339818286271e+02 9.457222954031141568e-05 4.313380619448103204e+01
2.255664876549464566e+02 6.079643327591448054e-05 4.326415374742459363e+01
2.255907994730975759e+02 0.000000000000000000e+00 4.322988482453473580e+01
2.257446144492856490e+02 6.755159252879386350e-06 4.336909514641807561e+01
2.258852433546120722e+02 2.702063701151754540e-05 4.349610565069071555e+01
2.260054851893133332e+02 2.026547775863815905e-05 4.369632857094605782e+01
2.260541223359340677e+02 1.958996183335022143e-04 4.373273887931907922e+01
2.261425000844394901e+02 1.756341405748640654e-04 4.385653392778734627e+01
2.261338940115513196e+02 1.215928665518289611e-04 4.376889924679974087e+01
2.262129023541729964e+02 1.283480258047083576e-04 4.367585368325057971e+01
2.263240044584051134e+02 1.688789813219846554e-04 4.377832269395751297e+01
2.263511399331239318e+02 2.026547775863815905e-05 4.377100685648664324e+01
2.263721282129226324e+02 1.013273887931907986e-04 4.376366399837876031e+01
2.256122335934069554e+02 9.457222954031141568e-05 4.314480359374472584e+01
2.238094504677947896e+02 0.000000000000000000e+00 4.181267267875840332e+01
2.231893336035396942e+02 0.000000000000000000e+00 4.134895126152598976e+01
2.229426216773060503e+02 0.000000000000000000e+00 4.118486844327355101e+01
2.229169588273043416e+02 0.000000000000000000e+00 4.113106359982436544e+01
2.228867970412402428e+02 6.755159252879386350e-06 4.120032424764414003e+01
2.230637754585064272e+02 0.000000000000000000e+00 4.147323943661972123e+01
2.232578849596379200e+02 0.000000000000000000e+00 4.176777113520451223e+01
2.235429053939946584e+02 1.351031850575877270e-05 4.197739048198061340e+01
2.238781977235113345e+02 0.000000000000000000e+00 4.228782382544668650e+01
2.241628398689499022e+02 6.755159252879386350e-06 4.239894619515654739e+01
2.240959502820278999e+02 0.000000000000000000e+00 4.225512209950349529e+01
2.239466342419022453e+02 0.000000000000000000e+00 4.200596480562029456e+01
2.236801972506501954e+02 0.000000000000000000e+00 4.173555578072753036e+01
2.233729388320329576e+02 0.000000000000000000e+00 4.150788664842773557e+01
2.232060661330090738e+02 0.000000000000000000e+00 4.125830377951159988e+01
2.232824264532036409e+02 0.000000000000000000e+00 4.137862667612388634e+01
2.233991488499341358e+02 1.351031850575877270e-05 4.138205154186510271e+01
2.235430134765427113e+02 0.000000000000000000e+00 4.150983888945182088e+01
2.238280676866957037e+02 0.000000000000000000e+00 4.179198838112608172e+01
2.242316344107812256e+02 2.026547775863815905e-05 4.229337656635254916e+01
2.244578579390009168e+02 2.026547775863815905e-05 4.253830513054344920e+01
2.247162292701050319e+02 0.000000000000000000e+00 4.288922889857128240e+01
2.250985780389772799e+02 6.755159252879386350e-06 4.315193028675651021e+01
2.251828486506569504e+02 4.053095551727631810e-05 4.324525281183503722e+01
2.251785253487350928e+02 3.377579626439693514e-05 4.322714898503732428e+01
2.251632451785050932e+02 6.755159252879387028e-05 4.319403519437970829e+01
2.252469956429222862e+02 1.351031850575877270e-05 4.322598709764582736e+01
2.252956125240652625e+02 1.351031850575877270e-05 4.338592900327625301e+01
2.252741108521633464e+02 1.823892998277434484e-04 4.333212415982706744e+01
2.252277164184145590e+02 2.026547775863815905e-05 4.312915864491505147e+01
2.252854460093896591e+02 6.755159252879387028e-05 4.297454655993514905e+01
2.252836288715506328e+02 5.404127402303509080e-05 4.296766305265646935e+01
2.255603134393893470e+02 6.079643327591448054e-05 4.311470260411389432e+01
2.257079204242239996e+02 4.053095551727631810e-05 4.320640389097172829e+01
2.257829364677272395e+02 1.080825480460701816e-04 4.322151518222042199e+01
2.252499408923565341e+02 2.702063701151754540e-05 4.288664842773668084e+01
2.239360556625122456e+02 0.000000000000000000e+00 4.197161482081940420e+01
2.231368189955078094e+02 0.000000000000000000e+00 4.123382308237916760e+01
2.226923768027831159e+02 0.000000000000000000e+00 4.095884081467220739e+01
2.225530448880332415e+02 0.000000000000000000e+00 4.089849022190698236e+01
2.227026311345289855e+02 0.000000000000000000e+00 4.110307697503968427e+01
2.229828621609754578e+02 0.000000000000000000e+00 4.133276589995609385e+01
2.232096058364575981e+02 0.000000000000000000e+00 4.150921065964129753e+01
2.235445333873745994e+02 1.351031850575877270e-05 4.174046002634511865e+01
2.238339784510419861e+02 0.000000000000000000e+00 4.196029992907082828e+01
2.240236363022258388e+02 0.000000000000000000e+00 4.203047252338974005e+01
2.240709764582699961e+02 6.755159252879386350e-06 4.202128550680582464e+01
2.239157631641165835e+02 0.000000000000000000e+00 4.195275441618536405e+01
2.235877461411152751e+02 4.728611477015570784e-05 4.163761272672002889e+01
2.233544094302023097e+02 0.000000000000000000e+00 4.144950856216435398e+01
2.233200729557199224e+02 0.000000000000000000e+00 4.135741547606984625e+01
2.232782720302631105e+02 0.000000000000000000e+00 4.132950315803694963e+01
2.233807005100145204e+02 0.000000000000000000e+00 4.138499679129935771e+01
2.236070186104637401e+02 0.000000000000000000e+00 4.162004255750329662e+01
2.237956631877596578e+02 0.000000000000000000e+00 4.181973857533691330e+01
2.239962441314553985e+02 0.000000000000000000e+00 4.205363596446786545e+01
2.243440807917046698e+02 1.351031850575877270e-05 4.224438815145067139e+01
2.246128685783767480e+02 6.755159252879386350e-06 4.245778363224913221e+01
2.247734657344547031e+02 0.000000000000000000e+00 4.258645590569797434e+01
2.249409599081298268e+02 0.000000000000000000e+00 4.292265342655453253e+01
2.250520620123619437e+02 0.000000000000000000e+00 4.314839058330800015e+01
2.252200830884588072e+02 0.000000000000000000e+00 4.345964805620292282e+01
2.252218056540683051e+02 2.026547775863815905e-05 4.342266355929341159e+01
2.253381767825176496e+02 8.106191103455263620e-05 4.351667511061572924e+01
2.253550917012868524e+02 6.755159252879386350e-06 4.317855236937210606e+01
2.253855844901543435e+02 0.000000000000000000e+00 4.294016279933799751e+01
2.254120444489478814e+02 8.106191103455263620e-05 4.280591751950552037e+01
2.255254230418481995e+02 4.728611477015570784e-05 4.279820312763873602e+01
2.255759246124227388e+02 2.702063701151754540e-05 4.275791535785456432e+01
2.256108217651231200e+02 0.000000000000000000e+00 4.304040260749147251e+01
2.257093390076670971e+02 1.621238220691052724e-04 4.318326071537136812e+01
2.258563650488060262e+02 1.351031850575877270e-05 4.342752051879622854e+01
2.259601513155672592e+02 0.000000000000000000e+00 4.362181240922754455e+01
2.260900124970446257e+02 4.053095551727631810e-05 4.379075894214206244e+01
2.257911304759009568e+02 4.728611477015570784e-05 4.350199614955922556e+01
2.242656601479379788e+02 1.351031850575877270e-05 4.230043570777181117e+01
2.230702198804336831e+02 0.000000000000000000e+00 4.124853581923193957e+01
2.226011416219137402e+02 0.000000000000000000e+00 4.085223764650251610e+01
2.224183132367345479e+02 0.000000000000000000e+00 4.069794305400749579e+01
2.224774884317897659e+02 0.000000000000000000e+00 4.090467794778261634e+01
