1.630199202694002736e+02 1.735744688753528351e+02 1.693325533600752806e+02
1.629723357103947023e+02 1.735495654434704988e+02 1.693059909374535721e+02
1.630534653097608100e+02 1.736412432526122984e+02 1.694147786361610599e+02
1.630489835586589322e+02 1.736569170009409220e+02 1.694282238894666364e+02
1.628789803397216929e+02 1.738139082850492798e+02 1.693570420442727595e+02
1.625722899024414403e+02 1.742080547714554655e+02 1.690895483583420003e+02
1.621596778586638834e+02 1.746972651413856283e+02 1.683672497895310300e+02
1.620957819541425238e+02 1.749100245134452507e+02 1.680684209874709154e+02
1.620389800921111316e+02 1.749843819640469462e+02 1.676716745902045318e+02
1.618982320606150722e+02 1.749541425246372626e+02 1.672848759471103790e+02
1.616336044668944680e+02 1.747217043034715118e+02 1.669746632496409688e+02
1.615128943198137961e+02 1.745633325905016591e+02 1.668120326350715459e+02
1.615652701431189087e+02 1.744403258554944784e+02 1.667782895062645423e+02
1.615935906007032088e+02 1.743366203634923011e+02 1.667158854553558172e+02
1.617110570494726005e+02 1.743551911553508660e+02 1.667250718070618518e+02
1.619620846332887538e+02 1.745552109641955099e+02 1.669483917694250579e+02
1.621608663893428286e+02 1.747308411330659226e+02 1.671012417669489309e+02
1.621090414995295532e+02 1.747705578665874384e+02 1.670753912246818231e+02
1.618751795176546295e+02 1.746456692913385780e+02 1.668514336651314807e+02
1.614794792749962937e+02 1.743088756004555933e+02 1.664602151735749942e+02
1.609598499480017892e+02 1.739703486356658289e+02 1.661027460010894856e+02
1.609233645322636619e+02 1.739900708166196068e+02 1.661222948546526084e+02
1.613021220224830472e+02 1.742406898430149056e+02 1.664602708859505640e+02
1.615825719308671182e+02 1.745210902292873811e+02 1.668219370573961271e+02
1.617724087555093320e+02 1.746915886693408595e+02 1.669878794631803203e+02
1.618512789085326631e+02 1.747397055910464019e+02 1.670291375724260945e+02
1.616788181548061232e+02 1.745563499727628312e+02 1.668259731094933898e+02
1.612148826325954474e+02 1.741003379884118374e+02 1.663107574406972731e+02
1.609544148962511656e+02 1.738993463081265816e+02 1.660933739414648755e+02
1.611726278908532777e+02 1.741384823948893086e+02 1.663482580597236620e+02
1.616446417075223962e+02 1.746779205665329471e+02 1.668508517803199140e+02
1.618552530579903816e+02 1.749496917248551426e+02 1.671440907740306159e+02
1.619876256623582549e+02 1.752338248402911915e+02 1.673904632793542362e+02
1.621386557222799922e+02 1.754455937701183643e+02 1.675587270341207216e+02
1.620871774872480557e+02 1.755549881146932023e+02 1.675903716634477405e+02
1.620903469023919286e+02 1.756498724805625784e+02 1.675390172336948353e+02
1.620916035259743353e+02 1.757821893725548534e+02 1.676150770068835811e+02
1.619796092705392994e+02 1.756506834051403985e+02 1.675212573664140905e+02
1.616778834249492434e+02 1.753485861437131632e+02 1.673435596493834510e+02
1.616225734165304857e+02 1.752179530035160724e+02 1.673427734858614429e+02
1.615927177734858731e+02 1.751951790224335070e+02 1.673005868370227347e+02
1.614765327093547285e+02 1.750248662902986325e+02 1.671740516515624222e+02
1.614347669984648235e+02 1.748362675184469879e+02 1.670206631010746321e+02
1.615423661664933377e+02 1.748423711187045058e+02 1.670607883920170309e+02
1.616323045114643548e+02 1.748662717278264722e+02 1.671763049076412528e+02
1.617123012925271155e+02 1.748919922745505744e+02 1.672493685930768095e+02
1.619346493834497096e+02 1.750509520625959397e+02 1.673878509879661181e+02
1.621886482939632685e+02 1.752334162828703086e+02 1.675780901797652689e+02
1.621743364037042454e+02 1.751239971772396302e+02 1.675214616451245604e+02
1.618371527261922438e+02 1.746786572079433597e+02 1.670829309661764057e+02
1.617374832862873291e+02 1.745725251324716396e+02 1.669254939830634328e+02
1.618250817114841880e+02 1.747353228841677719e+02 1.670447370375872822e+02
1.619920517010845344e+02 1.748933788936760152e+02 1.671689942059129521e+02
1.622390927549150774e+02 1.750722032387461127e+02 1.672640766602287954e+02
1.625640135195364735e+02 1.754001696132323218e+02 1.675198150349130799e+02
1.627901686227900768e+02 1.756379871737730980e+02 1.677006078839201564e+02
1.626368976873174006e+02 1.755244329718219092e+02 1.675967600158470816e+02
1.624573552716287850e+02 1.753549683058485584e+02 1.674759260634873499e+02
1.625021975437032609e+02 1.754118444510473864e+02 1.675508282573168799e+02
1.624968739167038052e+02 1.754483670083692459e+02 1.676375414747684829e+02
1.621972218095379503e+02 1.753284801663942858e+02 1.674139800921111316e+02
1.622622938642103634e+02 1.754075174565443547e+02 1.674571386123904233e+02
1.622515413757242584e+02 1.754763470014361531e+02 1.675189112563759579e+02
1.620095577675432139e+02 1.752863616104590676e+02 1.673713910761154864e+02
1.617469110582875373e+02 1.750674429257663576e+02 1.671209763284306575e+02
1.616675890159956452e+02 1.750360087654137544e+02 1.670787958698558953e+02
1.617470843856781926e+02 1.751492782152230916e+02 1.671900101520328690e+02
1.617897476848412737e+02 1.752264336651314807e+02 1.671817894815035004e+02
1.618345094834843678e+02 1.752046625068092851e+02 1.671301317288169059e+02
1.618853005992175440e+02 1.751841417818055788e+02 1.671224619917793177e+02
1.618833692368642687e+02 1.751560875055712359e+02 1.671317969098202241e+02
1.617886581983855763e+02 1.750206197692269541e+02 1.669608465804981847e+02
1.615640816124399635e+02 1.748191947704650033e+02 1.667817560540781585e+02
1.612687255484573825e+02 1.745669229435943066e+02 1.665219321051849590e+02
1.608873681473777992e+02 1.742377123260535825e+02 1.661234152924280636e+02
1.605466869707324236e+02 1.739709429010052872e+02 1.659046575545981170e+02
1.603323986034764630e+02 1.738137287673946503e+02 1.657349886099143248e+02
1.602607153469024013e+02 1.737770576437379191e+02 1.656718974397068394e+02
1.605687614519883084e+02 1.739681325211707019e+02 1.658093646313078864e+02
1.609110706680532985e+02 1.741537042539493996e+02 1.660295027979992994e+02
1.611033774080126761e+02 1.742156440350616435e+02 1.660997127717525927e+02
1.612042415688605104e+02 1.742523770613578904e+02 1.661582850492744967e+02
1.613765599465161245e+02 1.743892623681473708e+02 1.663016082305749421e+02
1.614772569702372209e+02 1.744744094488189035e+02 1.663654112811370283e+02
1.615340897835883709e+02 1.744729299757341607e+02 1.663676954885356452e+02
1.615965309760808282e+02 1.745473802802951582e+02 1.664583642846531006e+02
1.617330572475610495e+02 1.746639986629029977e+02 1.665925382558312151e+02
1.616267332739068081e+02 1.745796625068092851e+02 1.664546439360174190e+02
1.614179790026246621e+02 1.745677586292279386e+02 1.663833135244886705e+02
1.615902788094884386e+02 1.748486604268805991e+02 1.666250433318476780e+02
1.617652713811716865e+02 1.751664500074283239e+02 1.669502364680830055e+02
1.617308411330659226e+02 1.752163806764720562e+02 1.669948930322389060e+02
1.616543789927202397e+02 1.752025392462734601e+02 1.669203622542465268e+02
1.617363752290397656e+02 1.753186809785569267e+02 1.670540348140444848e+02
1.616849031842717750e+02 1.753559277967612502e+02 1.670931387114346478e+02
1.615555142871291991e+02 1.752496409646907409e+02 1.669530530381815367e+02
1.615912630614569423e+02 1.753339956915762912e+02 1.669925654929926111e+02
1.616908334571386092e+02 1.753270440251572211e+02 1.669594909126925302e+02
1.615579532511266336e+02 1.749945649482494048e+02 1.667862749467637400e+02
1.614442257217847896e+02 1.747086490367949239e+02 1.665391596097657612e+02
1.615566161541128167e+02 1.747165230525429536e+02 1.665987347100480349e+02
1.616078715396424457e+02 1.746900039617689231e+02 1.666687837369385363e+02
1.614451109295300455e+02 1.745068154806120901e+02 1.664165614321794635e+02
1.614004976972218230e+02 1.744295424156886156e+02 1.663446615163670685e+02
1.614688134502055163e+02 1.744481379686029925e+02 1.663570915663843834e+02
1.614122406279403776e+02 1.743234970039122516e+02 1.662423797850740357e+02
1.612090885455355931e+02 1.740968466795424092e+02 1.659949549348784217e+02
1.612106423017877432e+02 1.740820581389590416e+02 1.660333283811221747e+02
1.611125451889268447e+02 1.741494144010300715e+02 1.660998180062397864e+02
1.610501597088099857e+02 1.742344562472143821e+02 1.662056839003615210e+02
1.610759297776457117e+02 1.743355742088842533e+02 1.663712301292527229e+02
1.612011526271480193e+02 1.745121267270836540e+02 1.665422361709503321e+02
1.613072785123557651e+02 1.745564985390977029e+02 1.665652391917991508e+02
1.612336267518446959e+02 1.744392425593027269e+02 1.664068303372455659e+02
1.613930012875748901e+02 1.746243190709651856e+02 1.665932439459218415e+02
1.617447382756400600e+02 1.749760312979745436e+02 1.668637894319813881e+02
1.619160600207992786e+02 1.751842222552369606e+02 1.670614321794681416e+02
1.618453424454018830e+02 1.752314911107809507e+02 1.671469321051849590e+02
1.617662927747239223e+02 1.752791685237458523e+02 1.671756177883424925e+02
1.616522495419204688e+02 1.752634514435695507e+02 1.671515314713019222e+02
1.610963328876343326e+02 1.749791140494230604e+02 1.668318105284009221e+02
1.611735440499182914e+02 1.750794767988907097e+02 1.668955764373792761e+02
1.615342073986034848e+02 1.753229213093646308e+02 1.671271108800079332e+02
1.618322376566136711e+02 1.754797392660823050e+02 1.673393936017431827e+02
1.620005014113801849e+02 1.755447741791709859e+02 1.673806579012529028e+02
1.621064601594611929e+02 1.755961100381320250e+02 1.674987495666815107e+02
1.621821113752290273e+02 1.756668585648492069e+02 1.676159003119892930e+02
1.621825137423859644e+02 1.756662457287178825e+02 1.676031545585103686e+02
1.621167669489427112e+02 1.756118147377804064e+02 1.675276271480215939e+02
1.621094933887980858e+02 1.755552171544594557e+02 1.675145347397613023e+02
1.620206754816025239e+02 1.754048927846283448e+02 1.673554449561729314e+02
1.616536113999900977e+02 1.748846072896548378e+02 1.668797046006041569e+02
1.613950502649433076e+02 1.746182959441390494e+02 1.666349353736443391e+02
1.613658136482939653e+02 1.746052035358787577e+02 1.666619063536869305e+02
1.613000297132669800e+02 1.745642549398306471e+02 1.666301193482890142e+02
1.612349081364829431e+02 1.745035408309810236e+02 1.666143217946813309e+02
1.613478061704551010e+02 1.746633610657158329e+02 1.667965012628138481e+02
1.614896746397266440e+02 1.748807012331005808e+02 1.670431337592234797e+02
1.614617503590353067e+02 1.748445315208240345e+02 1.670188493537364423e+02
1.612631481206358615e+02 1.746001956123409116e+02 1.667392784628336528e+02
1.611112761848165178e+02 1.744914326746892357e+02 1.666759025404843158e+02
1.608980092111127647e+02 1.742937156440350748e+02 1.664875451889268447e+02
1.606061939781112358e+02 1.740038565344426331e+02 1.662133598276630551e+02
1.605236653790917671e+02 1.740672943594314859e+02 1.662522842073986169e+02
1.604778698063685454e+02 1.741438926855841203e+02 1.662650980537810028e+02
1.604590452136879151e+02 1.741578269697419898e+02 1.663117912147774007e+02
1.605956767196553301e+02 1.743664636260090219e+02 1.664651364334175128e+02
1.608667855197345489e+02 1.746972713316495742e+02 1.667619224483732125e+02
1.611299398306343846e+02 1.749296724112316213e+02 1.669874894765512749e+02
1.613405449908383957e+02 1.751304474322785154e+02 1.672250841875897720e+02
1.615653258554944784e+02 1.753300215421185442e+02 1.675458141435150878e+02
1.616243871638686755e+02 1.753894542663299205e+02 1.676244119249244875e+02
1.615196974198979945e+02 1.754002748477195155e+02 1.674941935324122255e+02
1.614898293963254616e+02 1.755318736690932440e+02 1.675312051205863497e+02
1.614833358094389268e+02 1.756659238349923271e+02 1.676065963452681729e+02
1.614760065369187316e+02 1.757298568810974189e+02 1.675788144406477613e+02
1.614402949041747206e+02 1.757116265537562469e+02 1.675920554152428963e+02
1.614624498588619872e+02 1.756955256772148743e+02 1.676425370177784373e+02
1.613897328282077979e+02 1.755863108502946659e+02 1.675875241420294230e+02
1.612564997771505091e+02 1.753163720101024978e+02 1.674061308374189139e+02
1.612077762095775881e+02 1.751660538305353327e+02 1.673266045164165803e+02
1.611014150943396146e+02 1.749822648937750671e+02 1.672259384440152417e+02
1.610915911454464435e+02 1.747929728123607163e+02 1.669898727281731396e+02
1.611893168424701628e+02 1.747919018966968849e+02 1.669488622294854565e+02
1.615290447184667926e+02 1.750048779279948405e+02 1.672304016243252534e+02
1.617440697271331658e+02 1.751909325013618570e+02 1.673845639578071598e+02
1.618223579953449303e+02 1.752554783835982732e+02 1.674730537810132205e+02
1.619014324270787029e+02 1.753713725053236203e+02 1.676104900212945097e+02
1.618133140197097930e+02 1.753127940375377705e+02 1.675322017530827452e+02
1.613411268756499908e+02 1.747484957658594453e+02 1.670377791809042662e+02
1.609755546476501706e+02 1.744194708562372966e+02 1.667173215965928819e+02
1.609575471698113347e+02 1.744746322983212110e+02 1.667394517902243365e+02
1.610853327885901081e+02 1.746039778636161088e+02 1.668963316495815263e+02
1.613302258208290141e+02 1.748325533600752806e+02 1.670523077304016226e+02
1.617086428465309780e+02 1.751742497400089178e+02 1.673800141138018205e+02
1.618555006685485012e+02 1.753906118456891079e+02 1.675865460803248652e+02
1.618332033377903372e+02 1.754192232456792055e+02 1.675871774872480557e+02
1.618521950675976768e+02 1.754489860347645163e+02 1.676156774624870138e+02
1.619177871044421408e+02 1.755846766206111056e+02 1.677422064576833520e+02
1.619662816322488084e+02 1.756890568513841515e+02 1.678057804684791847e+02
1.619284715000247559e+02 1.757464034566433781e+02 1.678627556579012605e+02
1.618984672906452715e+02 1.757728296934581351e+02 1.679394715990689804e+02
1.619011848165205834e+02 1.757761662457287173e+02 1.678690449660773538e+02
1.619431486158569840e+02 1.758371960580399218e+02 1.679213588867429223e+02
1.621549484970039146e+02 1.760442913385826671e+02 1.681031731293022347e+02
1.623609976229386405e+02 1.762230785420690324e+02 1.682873830040113035e+02
1.623679430990937362e+02 1.762246013470014248e+02 1.682954427276779086e+02
1.624250420937948718e+02 1.760743512603377496e+02 1.682570135690585857e+02
1.624254692220076208e+02 1.759052889615213076e+02 1.682268112712326058e+02
1.623439991581240918e+02 1.756446726588421825e+02 1.680253243698311394e+02
1.622212338434110848e+02 1.753486047145050293e+02 1.677900943396226410e+02
1.620288218689644850e+02 1.750678452929232947e+02 1.675532115089387446e+02
1.618287711088000833e+02 1.747428007230228388e+02 1.673030443718120068e+02
1.616782115089387446e+02 1.745268224137077198e+02 1.670838966473530434e+02
1.616216943990491757e+02 1.744509669192294439e+02 1.670005137919080767e+02
1.617063895904521473e+02 1.745613640865646516e+02 1.670480426385381065e+02
1.618796550784925330e+02 1.747881629772693373e+02 1.672776395285494857e+02
1.619367788342494805e+02 1.748273102065072067e+02 1.672846716683999375e+02
1.618510065369187316e+02 1.747955665329569683e+02 1.672310639825682301e+02
1.617799423067399687e+02 1.746808485613826463e+02 1.671326387857178304e+02
1.615768087951270218e+02 1.744244044966077354e+02 1.668067151983360645e+02
1.614056851384142988e+02 1.743010944386668655e+02 1.666745159213588749e+02
1.614461323230822529e+02 1.743713539345317542e+02 1.667811494082107799e+02
1.615427623433863289e+02 1.745678700539791066e+02 1.669861833308572159e+02
1.617481057792304284e+02 1.748763185262219508e+02 1.672194572376566271e+02
1.620279738028029612e+02 1.752069962363195259e+02 1.674925159708809872e+02
1.622167273312533951e+02 1.754441328678254877e+02 1.677262108156291731e+02
1.623165577180211017e+02 1.755916035259743353e+02 1.678636284851185962e+02
1.624028066656762235e+02 1.757284145495964083e+02 1.678710877531817971e+02
1.624665787649185233e+02 1.758357908681226149e+02 1.679410501163769709e+02
1.624717043034715118e+02 1.758675840637844772e+02 1.679999319070965100e+02
1.624680582380032661e+02 1.758997177239637608e+02 1.680160699252216148e+02
1.625655301342049199e+02 1.759710419452285350e+02 1.680243029762789035e+02
1.625995208735700430e+02 1.759866599811815888e+02 1.680556442826722048e+02
1.625122814836824716e+02 1.759141781805576272e+02 1.679039271034516787e+02
1.624698038924379659e+02 1.758895780716089803e+02 1.678429034814044485e+02
1.625391472292378410e+02 1.759690982023473396e+02 1.679490169860842741e+02
1.625041289060565646e+02 1.759707262417669540e+02 1.679421767444163720e+02
1.624669811320754604e+02 1.758615733174862612e+02 1.678382236418560751e+02
1.624358750557123869e+02 1.757822079433466911e+02 1.678132335462784113e+02
1.623879252711335539e+02 1.756807247561035865e+02 1.677545622245332595e+02
1.622144926459664305e+02 1.754138191452483397e+02 1.675012504333184893e+02
1.621019784083593436e+02 1.752072128955578592e+02 1.673328257316892120e+02
1.621962561283613127e+02 1.753216708760461415e+02 1.673941464864061857e+02
1.622268917446639875e+02 1.753705058683702305e+02 1.674564267320358510e+02
1.621566012974793125e+02 1.752893205566285246e+02 1.673061580745803099e+02
1.622749220026742023e+02 1.753751299955430056e+02 1.674386421036992942e+02
1.624648393007477978e+02 1.755511315802505692e+02 1.676292279502798124e+02
1.625566347249046828e+02 1.755637659089783540e+02 1.676577341157826879e+02
1.623840254048432712e+02 1.753976192244837193e+02 1.674305019066013074e+02
1.622737829941068810e+02 1.752432030901797759e+02 1.672321596592878734e+02
1.619865237953746373e+02 1.749566372010102384e+02 1.669902627148021566e+02
1.616434593671074254e+02 1.746954080621997605e+02 1.667214319318575804e+02
1.616701394047442193e+02 1.747607896300698371e+02 1.667851297479324444e+02
1.618638203833011460e+02 1.750495530629426071e+02 1.670356621106323871e+02
1.620068526221958223e+02 1.752706321497548743e+02 1.672031582726687589e+02
1.619882013569058472e+02 1.752665899073936373e+02 1.671592012083395105e+02
1.619612056158074722e+02 1.752636371514881262e+02 1.671479039766255710e+02
1.618282944584757104e+02 1.751754939830634328e+02 1.670836799881146817e+02
1.616912667756153041e+02 1.750749393354132621e+02 1.670203907294607006e+02
1.615588260783439694e+02 1.751261761501510534e+02 1.669676558708463290e+02
1.616751782796018517e+02 1.752387894319813881e+02 1.671312521665923896e+02
1.616666233348190076e+02 1.752927809141781665e+02 1.671008579705838599e+02
1.616908891695141790e+02 1.752952074976477093e+02 1.670723579953449303e+02
1.617020068835735174e+02 1.752776766701332178e+02 1.670249158124102280e+02
1.616877507056900924e+02 1.752803570544247975e+02 1.669966448769375518e+02
1.616314440647749109e+02 1.752694869509235787e+02 1.669462313673055007e+02
1.615846580498192395e+02 1.753143416035259747e+02 1.670205269152676806e+02
1.616963180310008283e+02 1.754256301688704127e+02 1.672151364334175128e+02
1.617924342593968277e+02 1.755415800029713296e+02 1.673563673055019194e+02
1.617548779279948405e+02 1.755360644777893242e+02 1.673345590055959917e+02
1.617308968454414924e+02 1.754616203634923011e+02 1.672902738572772705e+02
1.616648714901203334e+02 1.753726415094339757e+02 1.673461471797157571e+02
1.616848103303124731e+02 1.752959874709057715e+02 1.673606138265735694e+02
1.617689174466399322e+02 1.752669365621750046e+02 1.674503912246818231e+02
1.618836911305897956e+02 1.753301577279255241e+02 1.676216201158817398e+02
1.619531335116129469e+02 1.753828863962759499e+02 1.677246137275293449e+02
1.618951616896944472e+02 1.752625167137126709e+02 1.676048383103055528e+02
1.617574778388550385e+02 1.750355197345614897e+02 1.673733843411083058e+02
1.616646300698261882e+02 1.749133301143960750e+02 1.672451035012132934e+02
1.616547380280295272e+02 1.748362860892388539e+02 1.671676632991630811e+02
1.617041425246372626e+02 1.748107141088495950e+02 1.671928267221314286e+02
1.617009916802852558e+02 1.748848920417966610e+02 1.671600864160847948e+02
1.616923810231268135e+02 1.749434581290546191e+02 1.671357029663744811e+02
1.614757713068885323e+02 1.748585772297330720e+02 1.669418981825384947e+02
1.613449338879809716e+02 1.747972936165998021e+02 1.668310924577824039e+02
1.612851235576684985e+02 1.748015153766156686e+02 1.668586143713168042e+02
1.613530121824394712e+02 1.749445538057742908e+02 1.669395025503887382e+02
1.614232469172485480e+02 1.751030864656069070e+02 1.669770279304709675e+02
1.615345911949685558e+02 1.752399593918684673e+02 1.671077848759471181e+02
1.615893626504234248e+02 1.753209528054276234e+02 1.671963799336403724e+02
1.614971091467340045e+02 1.753366822661318167e+02 1.671053397216857377e+02
1.614269486950923636e+02 1.753349861338087408e+02 1.671241457435745019e+02
1.614882508790174711e+02 1.754642078938245788e+02 1.672540855742088866e+02
1.615560590303570621e+02 1.756230624473827504e+02 1.673988263259545306e+02
1.616071348982320615e+02 1.756995679195760829e+02 1.674448756994998178e+02
1.616967637300054434e+02 1.758533278859010522e+02 1.676696256128361426e+02
1.618936884068736788e+02 1.760931387114346478e+02 1.677993487842321656e+02
1.620516268013668082e+02 1.762190858218194478e+02 1.679331451493091549e+02
1.621167236170950332e+02 1.761910315455851048e+02 1.679443619075917411e+02
1.621834484722428442e+02 1.762251213291734757e+02 1.679732518694597161e+02
1.621255509334918088e+02 1.761734140543752858e+02 1.679013395731194009e+02
1.621756301688704127e+02 1.761333135244886705e+02 1.679115782696974293e+02
1.623396288317733820e+02 1.763016453721586743e+02 1.681762801465854409e+02
1.625250829495369658e+02 1.763814193037190989e+02 1.683636656267023284e+02
1.624436252661813569e+02 1.762596753825582994e+02 1.682960988956569111e+02
1.623613814193037115e+02 1.761726526519090896e+02 1.682150435794582393e+02
1.622797999306690429e+02 1.760682909919279098e+02 1.680881493586886677e+02
1.620836428465309780e+02 1.757737829941068810e+02 1.677823255583618050e+02
1.618765042341405547e+02 1.755637473381864879e+02 1.675166765710889933e+02
1.620497511513891027e+02 1.757106980141633130e+02 1.676608540088149368e+02
1.623108131530728429e+02 1.759801044916555384e+02 1.679221140989451726e+02
1.624376578517307905e+02 1.760750569504283760e+02 1.681318340514039562e+02
1.625318984301490559e+02 1.761785334026643000e+02 1.682983769127915537e+02
1.626569789035804376e+02 1.762709540434804012e+02 1.684236554746694310e+02
1.623921222700936084e+02 1.760051317288169059e+02 1.681647662556331397e+02
1.617880948843658757e+02 1.753988015648987187e+02 1.674891298964987811e+02
1.616354553558163616e+02 1.752954612984697746e+02 1.674134477294111889e+02
1.617049596394790285e+02 1.754419972267617425e+02 1.674878547021245083e+02
1.617806541870945409e+02 1.755826895458822321e+02 1.675955157727925382e+02
1.618606881097410053e+02 1.757879896498786820e+02 1.678491989798444877e+02
1.621129908879314598e+02 1.760728036943495169e+02 1.681005855989699285e+02
1.622558683702273186e+02 1.762709726142722673e+02 1.682702050215421252e+02
1.623023386817213805e+02 1.763470076264052011e+02 1.683316557718021045e+02
1.622854578319219456e+02 1.763352770762145383e+02 1.683367132174516030e+02
1.622999678106274359e+02 1.763864334175209194e+02 1.683536250185707956e+02
1.622213886000099023e+02 1.763557916109542987e+02 1.682762095775763953e+02
1.620954724409448886e+02 1.763053471500024898e+02 1.681911986827118426e+02
1.619831624820482432e+02 1.762837616995988697e+02 1.681538899618679750e+02
1.620057817065319625e+02 1.763135863913237245e+02 1.681669514188085088e+02
1.620368011191997368e+02 1.763210580399148171e+02 1.681867045510820446e+02
1.620607883920170309e+02 1.762858663893428286e+02 1.681919972267617425e+02
1.620311246471549680e+02 1.762216114495122099e+02 1.681278165700985596e+02
1.618323243203090271e+02 1.760098363294210912e+02 1.679594971029564761e+02
1.617369509235873863e+02 1.758482766305155280e+02 1.678593943445748664e+02
1.617011031050363954e+02 1.757210357549645892e+02 1.678086651314812059e+02
1.616411937305006745e+02 1.756129166047640240e+02 1.676760325360273498e+02
1.616879178428168302e+02 1.755329879166047533e+02 1.676220781954142467e+02
1.617623310057940955e+02 1.754733199623632061e+02 1.676024983905313661e+02
1.617635319170009325e+02 1.754480513049076364e+02 1.675443718120140772e+02
1.617491024117268239e+02 1.753809302728668342e+02 1.675006252166592446e+02
1.617128088941712463e+02 1.753252240875550854e+02 1.674049546872678604e+02
1.617076400237706082e+02 1.752868754023671443e+02 1.672926694894270270e+02
1.618270625959490872e+02 1.753332776209577446e+02 1.673433801317288214e+02
1.619126863269449927e+02 1.754165738127073837e+02 1.674156081315307176e+02
1.620169179913831385e+02 1.754990652701431202e+02 1.674975300846828077e+02
1.621266094686277484e+02 1.756426051106819273e+02 1.675883536373991092e+02
1.620994961125142311e+02 1.757752005645520796e+02 1.677620772049720301e+02
1.619444300004952311e+02 1.757406712722230395e+02 1.677674874956668134e+02
1.618443643836973251e+02 1.757312558807507514e+02 1.677575768830782863e+02
1.619087740801267898e+02 1.758529378992720353e+02 1.678283254097954682e+02
1.620144295052741086e+02 1.759809525578170621e+02 1.679353426930124442e+02
1.620560528400930878e+02 1.760733112959936477e+02 1.681226600802258133e+02
1.621547937404050970e+02 1.762256846431931763e+02 1.682966003070370959e+02
1.622887820036646360e+02 1.763673983558659017e+02 1.685143056999950488e+02
1.622518446986579477e+02 1.764041994750656102e+02 1.684945773287772965e+02
1.620921544594661441e+02 1.762784566433912801e+02 1.683724248501956140e+02
1.620204835834200026e+02 1.763284120734908242e+02 1.684962672708364266e+02
1.622423612142821696e+02 1.765998860991432764e+02 1.687994602089833052e+02
1.625347583320952936e+02 1.769373235774773434e+02 1.692107599168028571e+02
1.628521269746941869e+02 1.771788738671816930e+02 1.695619521616401641e+02
1.629372183429901497e+02 1.772655004209379399e+02 1.696684618432129810e+02
1.628646251176150201e+02 1.771663881047887799e+02 1.695942591492101315e+02
1.625365720794334550e+02 1.767658099341356035e+02 1.692348586143713192e+02
1.620668362798989790e+02 1.761612501857079280e+02 1.687298383103055528e+02
1.616887287673946503e+02 1.757104194522854357e+02 1.682985192888624795e+02
1.617731887287673942e+02 1.757064576833556089e+02 1.683510127271826775e+02
1.619570395681671755e+02 1.758769375526172496e+02 1.685122072005150358e+02
1.620881245976328557e+02 1.760226811271232634e+02 1.685667062843559734e+02
1.621566508195909364e+02 1.760699376021393618e+02 1.686191625810924677e+02
1.622841269251721030e+02 1.761648529193284674e+02 1.686965965928787341e+02
1.621763853810726630e+02 1.760517629871737597e+02 1.685888302877234821e+02
1.616621539642450216e+02 1.755535519734561376e+02 1.681046340315951113e+02
1.614282857921061805e+02 1.753701220720051595e+02 1.678083184766998386e+02
1.614489736542366245e+02 1.754750222849502279e+02 1.679029180904273630e+02
1.615972057148516683e+02 1.756071596592878734e+02 1.680632087852225993e+02
1.616543047095528038e+02 1.756962499380973668e+02 1.681362786609221018e+02
1.618137659089783540e+02 1.757733311048383200e+02 1.682298259297776326e+02
1.618392821769920147e+02 1.757203053038181508e+02 1.681537971079086731e+02
1.617236851879364110e+02 1.755108886742930849e+02 1.679476241766948874e+02
1.617065443470509649e+02 1.754316223443767626e+02 1.678156167979002760e+02
1.620167694250482953e+02 1.757718825830733351e+02 1.681388166691427841e+02
1.620504568414797291e+02 1.759907084138067717e+02 1.683108936265042246e+02
1.620006994998266805e+02 1.760138971425741659e+02 1.683333147625414767e+02
1.619995357302035472e+02 1.761515686128856544e+02 1.685078306839003517e+02
1.620142561778834249e+02 1.763870833952359760e+02 1.686926595850046908e+02
1.619194460951814847e+02 1.763843101569850944e+02 1.686696565641559005e+02
1.617349762293864330e+02 1.763785408309810236e+02 1.686215705937701159e+02
1.618008220670529340e+02 1.765235230030208413e+02 1.687512256722626773e+02
1.618309500817114781e+02 1.766307321844203386e+02 1.688842853959292825e+02
1.617476786510176794e+02 1.765122752934184973e+02 1.688582615262714910e+02
1.617124127172782551e+02 1.764854033575991821e+02 1.688577105927796822e+02
1.617807532313177887e+02 1.764598004258901653e+02 1.688837839845490976e+02
1.615408495518248913e+02 1.760213626009013126e+02 1.686303360075273474e+02
1.613090922596939549e+02 1.756014955677709963e+02 1.683155053731491080e+02
1.613267778438072639e+02 1.755638649532016018e+02 1.682621762491952779e+02
1.612637795275590520e+02 1.754815282523646829e+02 1.682152726192244927e+02
1.610860570494726005e+02 1.752109270539295665e+02 1.679953325409795468e+02
1.610151661466844928e+02 1.751162902986183383e+02 1.678961645124548170e+02
1.610427066310107591e+02 1.751380366958847219e+02 1.679141967513494649e+02
1.610304065765364214e+02 1.750710642301787630e+02 1.678227108403902434e+02
1.610130862179963458e+02 1.749916679047194634e+02 1.677479200713118530e+02
1.611173302629624118e+02 1.751392685584113167e+02 1.678826697370375882e+02
1.610625402367157051e+02 1.751327378299410782e+02 1.679011476749368512e+02
1.606351025107710484e+02 1.747072809884613491e+02 1.674472403803298164e+02
1.604875885207745227e+02 1.745803681968999115e+02 1.672960865151290193e+02
1.606400299608775413e+02 1.747438035457831802e+02 1.674267134650621642e+02
1.608208104293566976e+02 1.748750619026395157e+02 1.674587790323379295e+02
1.610508158767889881e+02 1.749989167038082485e+02 1.674582590501659070e+02
1.613222403803298164e+02 1.753410340216906889e+02 1.677547169811320771e+02
1.616007341653048002e+02 1.757011897687317514e+02 1.680764930916654407e+02
1.616285594017728897e+02 1.756821423265488136e+02 1.680742088842668238e+02
1.616340996880107070e+02 1.756674280691328818e+02 1.680789568167186587e+02
1.617584868518793542e+02 1.758194238102312568e+02 1.681872740553657195e+02
1.618098289011043391e+02 1.758892376070915589e+02 1.682638971425741659e+02
1.617714492645966402e+02 1.758322624176694831e+02 1.682012516713712671e+02
1.618018496508691157e+02 1.759010176793938456e+02 1.682579730599712775e+02
1.619564453028277171e+02 1.760686624077650606e+02 1.684321794681325173e+02
1.619436995493487927e+02 1.761532028425692147e+02 1.684298828802060086e+02
1.617128460357549784e+02 1.758907294607041933e+02 1.681859060070321448e+02
1.613664388649532100e+02 1.755570989947011356e+02 1.678165700985489934e+02
1.612113108502946659e+02 1.753914970534343638e+02 1.676453721586688346e+02
1.612524946763730043e+02 1.752949351260337778e+02 1.674098759471103790e+02
1.612389194275243938e+02 1.751964789778636202e+02 1.673732481553013542e+02
1.613824468875352807e+02 1.752322958450948249e+02 1.674222874263358563e+02
1.616074877432773746e+02 1.754419848462338507e+02 1.676316050116377028e+02
1.617421136037240501e+02 1.754625117615015029e+02 1.677130193631456336e+02
1.614138129549843939e+02 1.751837827464963198e+02 1.674158681226167573e+02
1.610310998860991560e+02 1.748779527559055111e+02 1.671269994552567653e+02
1.609399915812410313e+02 1.747915738127073837e+02 1.670602560293170882e+02
1.609747065814886469e+02 1.748372084385678136e+02 1.670865770316446230e+02
1.610213378398455006e+02 1.749350703213985128e+02 1.671485353835487615e+02
1.612875377606101210e+02 1.751348115683652793e+02 1.673735576684989894e+02
1.617305501906601251e+02 1.755033427425345280e+02 1.677363442777200078e+02
1.619234016738473656e+02 1.756214405982271103e+02 1.678360694300004923e+02
1.618829668697073316e+02 1.755191031545585076e+02 1.677262293864210392e+02
1.619153914722923844e+02 1.755203288268211850e+02 1.676864507502599793e+02
1.620614136086762755e+02 1.756405994651611877e+02 1.678281149408210808e+02
1.622029973258059670e+02 1.758558720843856804e+02 1.679750222849502279e+02
1.624451480711137492e+02 1.761513829049670790e+02 1.682735539543405991e+02
1.628855667805675296e+02 1.767198162729658861e+02 1.686760634873471076e+02
1.630291932848016643e+02 1.769149952953993932e+02 1.688396226415094361e+02
1.630984685286980778e+02 1.769315047293616487e+02 1.689803582924776038e+02
1.630304065765364214e+02 1.768765413757242584e+02 1.690133214480265451e+02
1.629799311642648547e+02 1.768065542514732726e+02 1.689769598375674775e+02
1.628118531174169163e+02 1.765582751448521890e+02 1.687653518546030682e+02
1.626464059327489622e+02 1.763545968900113792e+02 1.686226600802258133e+02
1.627431535680681520e+02 1.764495864903679490e+02 1.687363937998316317e+02
1.628379141286584399e+02 1.765290942405784165e+02 1.688707225276085637e+02
1.627764943297182185e+02 1.763833878076561064e+02 1.688380998365770438e+02
1.626829284900708217e+02 1.761921891249442922e+02 1.686943433367998750e+02
1.626916753330361871e+02 1.760961967018273526e+02 1.686013717624919650e+02
1.624944040013866129e+02 1.758141682761352911e+02 1.682995592532065530e+02
1.622919204674887226e+02 1.754924107363937935e+02 1.680218021096419534e+02
1.621991160303075219e+02 1.753868295944139106e+02 1.679157257465458315e+02
1.622341714950725589e+02 1.752866154112811330e+02 1.678562187391670477e+02
1.621278041895706394e+02 1.751504853166939029e+02 1.677110260981528143e+02
1.621582293368989269e+02 1.751884378249888528e+02 1.677295411776358094e+02
1.621454093002525667e+02 1.753329000148566195e+02 1.677846902391918036e+02
1.619094735799534419e+02 1.752179468132521265e+02 1.675702471153369970e+02
1.615803805774278317e+02 1.750170170356063863e+02 1.673184333679988072e+02
1.616090724508493111e+02 1.750558609419105665e+02 1.673212499380973668e+02
1.617327724954191979e+02 1.751816161541128167e+02 1.674742670727479776e+02
1.616900968157282250e+02 1.751390642797008752e+02 1.674227269350765255e+02
1.618482332986678500e+02 1.753001473282820655e+02 1.676056244738275609e+02
1.621189149705343482e+02 1.756037612043777472e+02 1.678406254642698059e+02
1.622225399891051438e+02 1.757200391224681937e+02 1.679544520378348977e+02
1.622231837765562261e+02 1.757247437230723506e+02 1.679424924478779815e+02
1.623173067399594061e+02 1.759126615658891808e+02 1.680282956965284882e+02
1.624297343138711369e+02 1.760669353241222268e+02 1.681332949536968329e+02
1.623813326400237713e+02 1.760189298271678240e+02 1.680583246669638129e+02
1.624451418808498033e+02 1.761287203486356532e+02 1.681451616896944472e+02
1.624907579359183956e+02 1.762334162828703086e+02 1.682222242856435344e+02
1.624818996682018621e+02 1.761498786708265243e+02 1.681673599762293918e+02
1.624269301243004975e+02 1.760856732531075011e+02 1.681130589808349498e+02
1.624713328876343326e+02 1.761298531669390286e+02 1.681413918189471701e+02
1.624567486257614064e+02 1.761235143366513114e+02 1.681454526321002447e+02
1.623654546129847063e+02 1.759498898133016382e+02 1.679754432228990311e+02
1.624607227752191250e+02 1.759155586094190937e+02 1.680089325508839693e+02
1.627291078591591145e+02 1.760085858961026020e+02 1.681108490566037688e+02
1.626338273163967756e+02 1.758447915119100742e+02 1.679410377358490507e+02
1.623491246966770802e+02 1.754332380032684569e+02 1.675712808894171246e+02
1.620960852770762131e+02 1.753571163274401954e+02 1.674558386569603385e+02
1.619593856782053081e+02 1.752802889615213076e+02 1.673899061555984815e+02
1.618581191502005652e+02 1.752385727727430265e+02 1.674009557767543299e+02
1.619294557519932596e+02 1.753642598920417868e+02 1.674681077601148900e+02
1.621703993958302306e+02 1.756023064923488448e+02 1.677063524488684152e+02
1.622900943396226410e+02 1.757566916753330304e+02 1.678192133412568694e+02
1.621235700490268812e+02 1.755842494923983566e+02 1.676905239439409740e+02
1.619953696825632505e+02 1.753757490219383044e+02 1.675912940127767001e+02
1.618759347298568798e+02 1.752457163373446178e+02 1.674812930223344836e+02
1.618973592333977081e+02 1.751964975486554863e+02 1.674097397613034275e+02
1.621186859307680947e+02 1.753823416530480870e+02 1.675321460407071754e+02
1.623356484920516891e+02 1.755780839895013230e+02 1.677777571435645996e+02
1.625000495221116239e+02 1.756921210320408022e+02 1.679111573317486261e+02
1.626269375526172496e+02 1.757748601000346582e+02 1.679655449908383957e+02
1.626016317535779763e+02 1.757796142227504674e+02 1.679966696379933637e+02
1.624367355024018309e+02 1.756710246124894752e+02 1.678410340216906889e+02
1.623097855692566611e+02 1.755287228247412372e+02 1.675820581389590416e+02
1.622856744911603073e+02 1.755941724855147754e+02 1.676277732382508816e+02
1.621973084732333064e+02 1.757553731491110796e+02 1.676133684940325850e+02
1.621816966275441985e+02 1.758155796563165438e+02 1.676673104541177679e+02
1.623765351854603125e+02 1.759442319120487355e+02 1.677735539543405991e+02
1.625313598771851673e+02 1.761759892041796718e+02 1.680051874411925041e+02
1.625732184420343742e+02 1.762798494527806668e+02 1.681216510672014977e+02
1.625368073094636827e+02 1.763138092408260320e+02 1.681374114792254773e+02
1.626186364086564708e+02 1.764579371564403516e+02 1.682624981429208049e+02
1.626626429950973147e+02 1.765010028227603698e+02 1.683639503788441516e+02
1.624455690090625524e+02 1.763142363690387810e+02 1.682569145248353379e+02
1.623076499281929443e+02 1.760905449908383957e+02 1.681738907046996587e+02
1.621933281335116135e+02 1.759967996335363694e+02 1.680997808646560827e+02
1.622257836874164241e+02 1.759850814638736267e+02 1.681051973456148119e+02
1.623232060615064540e+02 1.758932550883969554e+02 1.680558609419105665e+02
1.624816087257960646e+02 1.759541239538453965e+02 1.681628348932798360e+02
1.625714913583915120e+02 1.760196417075223962e+02 1.682316953894914207e+02
1.625493116426484335e+02 1.759800054474322906e+02 1.682275417223790441e+02
1.624390568513841515e+02 1.757527051453473916e+02 1.680989142277026644e+02
1.623966597335710276e+02 1.757199153171891339e+02 1.680379958401426279e+02
1.621854293567077718e+02 1.756029750408557391e+02 1.678762628138463811e+02
1.618556492348833729e+02 1.753385641063734965e+02 1.675560156985093840e+02
1.618666802852473552e+02 1.753554882880206094e+02 1.676056739959391848e+02
1.619864928440548795e+02 1.755049398306343846e+02 1.677370004456990102e+02
1.620093782498885844e+02 1.755375315703461467e+02 1.677130131728816878e+02
1.619822215619273891e+02 1.754830386767691834e+02 1.676635467736344367e+02
1.620200502649433076e+02 1.755010090130243157e+02 1.676308559896993984e+02
1.619750284752141738e+02 1.754981057792304284e+02 1.676163893428415861e+02
1.618648789184370855e+02 1.754200960728965413e+02 1.675375872827217449e+02
1.619921816966275401e+02 1.755942715297380232e+02 1.677124312880701211e+02
1.622667818055761870e+02 1.759484041499529496e+02 1.680088954093002656e+02
1.623140506611201772e+02 1.760114457980488396e+02 1.680864717971574294e+02
1.621956990046055580e+02 1.759148838706482536e+02 1.679839424553063054e+02
1.621540632892586586e+02 1.759138315257762599e+02 1.679234883375427216e+02
1.621242633585896158e+02 1.759507874015748143e+02 1.679406353686921136e+02
1.620165589560738795e+02 1.758976811271232634e+02 1.678295139404744134e+02
1.620563809240825890e+02 1.759838557916109494e+02 1.678584162828703086e+02
1.620927549150695768e+02 1.760387758134006901e+02 1.679361659981181560e+02
1.618240046055563823e+02 1.757911219234388227e+02 1.676670937948794062e+02
1.613999591442579060e+02 1.753042824246025759e+02 1.671775553409597421e+02
1.613932488981330096e+02 1.752784318823354681e+02 1.671259533006487459e+02
1.616238733719605705e+02 1.754242249789531058e+02 1.673217142078938195e+02
1.616274389639974345e+02 1.753576920219878161e+02 1.672694188580201171e+02
1.613024005843609245e+02 1.748669774179170986e+02 1.668502141831327776e+02
1.611245790620511968e+02 1.745864470361016174e+02 1.666269808844649276e+02
1.610439013519536502e+02 1.744494379240330773e+02 1.665371663447729418e+02
1.609688196404694622e+02 1.743145335017085245e+02 1.664379426038726422e+02
1.611283675035903400e+02 1.744220583865696028e+02 1.665711447036101731e+02
1.614873223394245656e+02 1.747789332937156530e+02 1.669632298321200494e+02
1.618400064378745071e+02 1.751366934086069307e+02 1.673120759669192239e+02
1.618650336750359031e+02 1.752204291090972106e+02 1.673652317634823987e+02
1.617596072896548378e+02 1.752150126281384530e+02 1.674152057643737805e+02
1.615458822364185494e+02 1.750555885702966350e+02 1.672311444559996119e+02
1.610494911603030630e+02 1.746300883969692563e+02 1.668101260337740825e+02
1.605791549051651543e+02 1.740655858465804897e+02 1.661975127519437478e+02
1.603295510820581455e+02 1.738666679047194634e+02 1.659574419353241126e+02
1.604201455950081652e+02 1.740064626355667770e+02 1.660279057098994713e+02
1.605817610062892982e+02 1.742218838211261414e+02 1.662548655474669488e+02
1.607440821076610575e+02 1.744186475511315848e+02 1.663712796513643468e+02
1.608980030208488188e+02 1.745987904224236047e+02 1.665831166740949811e+02
1.609444857128708009e+02 1.747041053830535304e+02 1.667018521269746998e+02
1.610940858218194478e+02 1.748557854206903244e+02 1.668613318971920876e+02
1.612629190808696080e+02 1.753268768880305117e+02 1.672692083890457013e+02
1.614042428069132882e+02 1.754977900757688190e+02 1.674064217798246830e+02
1.614474818006239900e+02 1.755528153320457534e+02 1.674071708017629874e+02
1.615096134799187837e+02 1.756020712623186171e+02 1.673558968454414924e+02
1.614960815629178512e+02 1.756214963106026801e+02 1.673077737334720041e+02
1.613242336453226358e+02 1.754396944485712879e+02 1.671201282622691053e+02
1.612192591492101315e+02 1.752473381865002864e+02 1.669643688406873707e+02
1.611191440103006016e+02 1.750977752191353431e+02 1.668083927598672744e+02
1.609736356658247871e+02 1.748824159362155228e+02 1.667331067696726450e+02
1.609500755212202137e+02 1.748104231664438259e+02 1.667635504877927985e+02
1.610860632397365464e+02 1.748609852424107487e+02 1.669390568513841515e+02
1.611199858861981795e+02 1.748097050958252794e+02 1.668663336304660163e+02
1.608881357401079697e+02 1.744524897241618362e+02 1.665482159659287902e+02
1.606527819046204115e+02 1.741363405635616175e+02 1.663223703758728220e+02
1.606127927994849642e+02 1.740369744465903921e+02 1.662622010102510899e+02
1.604084645669291262e+02 1.737403865200812163e+02 1.660317251027583723e+02
1.601243871638686755e+02 1.735010523448719937e+02 1.657586168474223882e+02
1.602927190115386509e+02 1.736488820383301004e+02 1.658273349675630186e+02
1.604899532016045214e+02 1.738251436141237036e+02 1.659591999702867327e+02
1.603886866735997501e+02 1.736297355519239431e+02 1.658459738523250735e+02
1.603832578121131007e+02 1.736544904174714077e+02 1.658468095379587055e+02
1.605805662853464071e+02 1.738003701777843730e+02 1.660286671123656674e+02
1.603887300054474281e+02 1.736195030456098607e+02 1.657863430396672015e+02
1.601217191601049876e+02 1.734209317585301733e+02 1.656399432971821852e+02
1.604023919179913946e+02 1.737495171594116812e+02 1.660218392512256855e+02
1.610425518744119131e+02 1.743776432427078760e+02 1.666247585797058264e+02
1.611133932550883969e+02 1.744517778438072639e+02 1.667502476105581195e+02
1.611961942257217970e+02 1.744560367454068341e+02 1.667285074035556818e+02
1.614208946169464696e+02 1.746655586094190937e+02 1.669018781260832895e+02
1.615495963947902851e+02 1.747714306938047741e+02 1.670060664586737857e+02
1.613771294507997709e+02 1.745955962462239484e+02 1.668190400138661857e+02
1.612900200564552051e+02 1.745709342346357573e+02 1.667525813400683319e+02
1.613791969989600261e+02 1.747568773832516342e+02 1.668924936859307593e+02
1.613730067350071806e+02 1.747700007428316837e+02 1.669281991284108244e+02
1.613562930223344836e+02 1.747526432427078760e+02 1.668738981330163824e+02
1.615709032833159995e+02 1.749013890952310248e+02 1.670182612786609297e+02
1.616558894171247402e+02 1.749918474223740930e+02 1.670976514138562834e+02
1.614033885504877901e+02 1.747781223691378329e+02 1.669050475412271624e+02
1.612623867181696653e+02 1.746039159609765647e+02 1.667627086118952207e+02
1.613221599068984347e+02 1.746097100480364475e+02 1.668733162482048158e+02
1.612138117169316160e+02 1.744307928490070765e+02 1.667177239637498189e+02
1.608710196602783071e+02 1.740322884167781012e+02 1.663155301342049199e+02
1.607592173030257925e+02 1.738125773782994088e+02 1.661379376516614741e+02
1.607730958748080923e+02 1.737383561135046932e+02 1.661000408557420940e+02
1.606378509879661181e+02 1.736036807309463654e+02 1.659538020601198411e+02
1.605937886891497044e+02 1.735775206754815940e+02 1.659217983954835915e+02
1.607545127024216356e+02 1.736934024166790493e+02 1.660602126974694102e+02
1.606949747437230656e+02 1.736513210023275349e+02 1.659991147922547441e+02
1.602209243302134496e+02 1.731354739266082277e+02 1.654539258653989009e+02
1.601459230921606434e+02 1.730198150349130799e+02 1.653695154261377809e+02
1.602792056653295560e+02 1.731528004754122776e+02 1.654660030703709310e+02
1.601059030357054382e+02 1.729963848858515405e+02 1.652856930619521734e+02
1.598863529440895377e+02 1.728595862427573877e+02 1.650787958698558953e+02
1.599356893477937831e+02 1.729862514237607058e+02 1.651615101767939393e+02
1.599235811915019951e+02 1.730711323230822529e+02 1.650995580151537752e+02
1.596267951765463238e+02 1.728562806418065634e+02 1.648585091368295821e+02
1.595224025652453861e+02 1.727304201951171194e+02 1.647159102164116291e+02
1.596067263408111785e+02 1.728261340563561532e+02 1.648334138067647245e+02
