1.680308219178082254e+02 1.777950833260622971e+02 1.753814806735886975e+02
1.681219090829770550e+02 1.778820870779164238e+02 1.754604833784137554e+02
1.682040834133147200e+02 1.778878631882034824e+02 1.755613297268999133e+02
1.680921821830555700e+02 1.778320652648110922e+02 1.754806648634499595e+02
1.679289154524037997e+02 1.779064566791728339e+02 1.752318820347264534e+02
1.675787583980455508e+02 1.780600776546549184e+02 1.744937134630486071e+02
1.668812450920513015e+02 1.783407207049995691e+02 1.733090698891894306e+02
1.665563650641305173e+02 1.784314806735886805e+02 1.729371869819387371e+02
1.663967149463397561e+02 1.786960780036646099e+02 1.726763327807346684e+02
1.664240773056452269e+02 1.790178169444202183e+02 1.726866678300322917e+02
1.665166695750806980e+02 1.791871913445598068e+02 1.728087688683361023e+02
1.666027746269959096e+02 1.792287714859087373e+02 1.728838583020678925e+02
1.667433121019108171e+02 1.792063039874356605e+02 1.729766076258616181e+02
1.666816464531890745e+02 1.789222580926620765e+02 1.728135546636419235e+02
1.663214073815548488e+02 1.783287409475613003e+02 1.722819082104528263e+02
1.662941060989442406e+02 1.781762673414187361e+02 1.721813148939883149e+02
1.664944071197975859e+02 1.782515094668877111e+02 1.723043189948521103e+02
1.666191257307390288e+02 1.783320565395689812e+02 1.723810487741034763e+02
1.667188683360963353e+02 1.784091222406421764e+02 1.724717869295872958e+02
1.669240162289503644e+02 1.785749585550998972e+02 1.726623549428496744e+02
1.670678431201465912e+02 1.787127781170927392e+02 1.728153258877933922e+02
1.670653127999302114e+02 1.786686632929063876e+02 1.727935215077218345e+02
1.671088779338626580e+02 1.787858563825146234e+02 1.729020373440363016e+02
1.674043015443678541e+02 1.790839324666259529e+02 1.731918942500654452e+02
1.675103786755082353e+02 1.791977488875316169e+02 1.732563737893726454e+02
1.672489878719134424e+02 1.789534464706395624e+02 1.729847264636593707e+02
1.670550780909170214e+02 1.787826629438966961e+02 1.728042971817467901e+02
1.670481764243957912e+02 1.788473082628042903e+02 1.728457071808742569e+02
1.671460823662856683e+02 1.790002268562952565e+02 1.729762891545240393e+02
1.674209580315853714e+02 1.793549559375272793e+02 1.733058022860134315e+02
1.681247665997731531e+02 1.800925835441933600e+02 1.740295916586685223e+02
1.685248931157839536e+02 1.805999083849576721e+02 1.745034290201553233e+02
1.685785271791292246e+02 1.806960169269697190e+02 1.745848006282174367e+02
1.684783788500130868e+02 1.805791466713201316e+02 1.744845301457115454e+02
1.682493368815984525e+02 1.803060814937614396e+02 1.742479146671320223e+02
1.679286973213506542e+02 1.800145057150335788e+02 1.739533374051129897e+02
1.677589302853154152e+02 1.798518453887095347e+02 1.737864933251897810e+02
1.678660762586161752e+02 1.800291990227728718e+02 1.738653695140040156e+02
1.679777419073379292e+02 1.802646147805601515e+02 1.739845737719221574e+02
1.679108193002355733e+02 1.803255605968065538e+02 1.739482505889538402e+02
1.678296483727423549e+02 1.803021856731524224e+02 1.738701247709624056e+02
1.679155789198150330e+02 1.804285664427187896e+02 1.739840371695314616e+02
1.678974478666783057e+02 1.803882296483727430e+02 1.738632667306517874e+02
1.678379809789721548e+02 1.802056321437920019e+02 1.737762978797661617e+02
1.680349096937439981e+02 1.802949917110199749e+02 1.738962612337492430e+02
1.684411482418637149e+02 1.805067184364366142e+02 1.741719221708402472e+02
1.682917415583282548e+02 1.803203210889102195e+02 1.739768606578832646e+02
1.678200244306779609e+02 1.797709231306168647e+02 1.735815330250414377e+02
1.674823357473169949e+02 1.794806823139342100e+02 1.734232091440537431e+02
1.672247360614257161e+02 1.792799450309746021e+02 1.732771311403891445e+02
1.671738199110025391e+02 1.792505453276328353e+02 1.732664209056801212e+02
1.674463877497600492e+02 1.795629613471773780e+02 1.735603394119186760e+02
1.680923043364453235e+02 1.802556888578658061e+02 1.743141436174853993e+02
1.683057455719396103e+02 1.804596632056539534e+02 1.743598595236017843e+02
1.683490140476398267e+02 1.803808393682924702e+02 1.741211936131227560e+02
1.684052569583805905e+02 1.802745659192042638e+02 1.739634630485996070e+02
1.683587208795044035e+02 1.802003969985167089e+02 1.738314893988308256e+02
1.680581755518715568e+02 1.799191606317075411e+02 1.735540572375883528e+02
1.680319212983160355e+02 1.799672628915452322e+02 1.735886397347526326e+02
1.683275019631794862e+02 1.803593360090742408e+02 1.739243608760143047e+02
1.685610505191519053e+02 1.806868466974958665e+02 1.742193089608236676e+02
1.683128740947561255e+02 1.804429543669836846e+02 1.739998298577785647e+02
1.682011866329290513e+02 1.803300366460169357e+02 1.738731088037692984e+02
1.681902451793037301e+02 1.804095846784748289e+02 1.739679260099467797e+02
1.680205261321001728e+02 1.803170578483552902e+02 1.738639734752639470e+02
1.678614998691213600e+02 1.801301195358171299e+02 1.736105139167611924e+02
1.679297225373004210e+02 1.802551522554750818e+02 1.736912922083587887e+02
1.680948215687985225e+02 1.804881074949829838e+02 1.738556059680656176e+02
1.682353983073030292e+02 1.806465535293604319e+02 1.739969243521507849e+02
1.682740598551609708e+02 1.807366198412005929e+02 1.740603045109501750e+02
1.682906596283046952e+02 1.808183317337056053e+02 1.741253991798272409e+02
1.682843469156269123e+02 1.808475045807521155e+02 1.741229910130006147e+02
1.683022772881947446e+02 1.807749629177209556e+02 1.740715077218392821e+02
1.684041968414623511e+02 1.807861225023994507e+02 1.741288063868772440e+02
1.684739813279818463e+02 1.807566660849838627e+02 1.741878631882034654e+02
1.686117441759008670e+02 1.807697015967193011e+02 1.742389320303638556e+02
1.687376363319082202e+02 1.807511735450658819e+02 1.742893944681964911e+02
1.686748843905418482e+02 1.806900706744612251e+02 1.741667437396387754e+02
1.684501963179478139e+02 1.805437352761539103e+02 1.740157708751417829e+02
1.682850972864497123e+02 1.803262019021027811e+02 1.738901753773667167e+02
1.682499520111683182e+02 1.802589041095890536e+02 1.738287845737719124e+02
1.682668964313759830e+02 1.803023427275106769e+02 1.738707268126690622e+02
1.684054750894337360e+02 1.804310007852717774e+02 1.738962088822964915e+02
1.685706133845214083e+02 1.805896082366285782e+02 1.740198979146671263e+02
1.686533112293866168e+02 1.806671363755344260e+02 1.740859087339673579e+02
1.686722580926620765e+02 1.806851147369339401e+02 1.740739420643922983e+02
1.687086554401884655e+02 1.806903455195881634e+02 1.740668004537126023e+02
1.686619404938487037e+02 1.806805034464706523e+02 1.739803158537649495e+02
1.684640999912747645e+02 1.805893726550911822e+02 1.738512128086554469e+02
1.684547683448215594e+02 1.806155265683622702e+02 1.738496815286624155e+02
1.686354113951662157e+02 1.808468981764243892e+02 1.740373832998865851e+02
1.686761757263764139e+02 1.810345170578483476e+02 1.741672410784399290e+02
1.685752944769217265e+02 1.809747578745310079e+02 1.740401492016403324e+02
1.684386484599947664e+02 1.809528575167960867e+02 1.740315810138731365e+02
1.685115173196056162e+02 1.810941933513655044e+02 1.742071197975743928e+02
1.684340109938050887e+02 1.811922650728557755e+02 1.742851190995550041e+02
1.683434735188901357e+02 1.812406858040310738e+02 1.742829203385393839e+02
1.684731742430852535e+02 1.815098246226332890e+02 1.745226987173894031e+02
1.687082584416717452e+02 1.818167873658493932e+02 1.747785751679609234e+02
1.687224064217782029e+02 1.819139211238111784e+02 1.748386659104790226e+02
1.685299014047639901e+02 1.817828330861181314e+02 1.746593665474216834e+02
1.683591309658843045e+02 1.815719527091876841e+02 1.744880769566355525e+02
1.682632580054096536e+02 1.815228295960212961e+02 1.743931899485210693e+02
1.683955893901055845e+02 1.816988657185236775e+02 1.745563825146147678e+02
1.687744350405723708e+02 1.820160239071634294e+02 1.749403586074513441e+02
1.690089259226943454e+02 1.822043582584416583e+02 1.751178387575255329e+02
1.690328069103917699e+02 1.821945336358083978e+02 1.751354681092400369e+02
1.690553703865282387e+02 1.820948302940406620e+02 1.751026699240904065e+02
1.689785010034028403e+02 1.819033635808393683e+02 1.750326760317598769e+02
1.688355640869034175e+02 1.816368597853590359e+02 1.749675682750196302e+02
1.689767821307041231e+02 1.817142788587383393e+02 1.750388098769740850e+02
1.692214379199022858e+02 1.819079443329552532e+02 1.752992321786929608e+02
1.691832998865718594e+02 1.819644228252334131e+02 1.752833871389931062e+02
1.688243521507721709e+02 1.816201422214466561e+02 1.748328548992234630e+02
1.685480368205217587e+02 1.813699589913620116e+02 1.745637160806212478e+02
1.683468850885612085e+02 1.812326062298228635e+02 1.743754428060378814e+02
1.682620059331646587e+02 1.811713375796178411e+02 1.743124160195445427e+02
1.683025390454585022e+02 1.812208315155745595e+02 1.743712241514702157e+02
1.683867594450746026e+02 1.812657185236890314e+02 1.743815199371782683e+02
1.684046854550213652e+02 1.812522074862577313e+02 1.743668833435127965e+02
1.684544498734839806e+02 1.812986126865020537e+02 1.743991318384085218e+02
1.686538914579879531e+02 1.815285402669924224e+02 1.746062516359828862e+02
1.687012782479713735e+02 1.815918767995812004e+02 1.746337972253730015e+02
1.684059331646453188e+02 1.812781389058546324e+02 1.743727074426315369e+02
1.682106884216036917e+02 1.810856513393246701e+02 1.741425093796352712e+02
1.682139865631271221e+02 1.811414230869906703e+02 1.742143181223278816e+02
1.681528749672803542e+02 1.811413881860221693e+02 1.741162245877323187e+02
1.679251243347002855e+02 1.809636419160631817e+02 1.739775455893901039e+02
1.678502835703690721e+02 1.809253599162376815e+02 1.739961172672541636e+02
1.679729517494110382e+02 1.811011822703079872e+02 1.741837666870255532e+02
1.680713550301020973e+02 1.812651470203298061e+02 1.743116918244481326e+02
1.680344734316377355e+02 1.812808699066399072e+02 1.742965840677078688e+02
1.680814588604833659e+02 1.813738897129395298e+02 1.743420382165604963e+02
1.682722842683884608e+02 1.816314370473780571e+02 1.745210016577960062e+02
1.681790681441410129e+02 1.815866372916848377e+02 1.743781825320652672e+02
1.677691911700549667e+02 1.811909911875054604e+02 1.740612817380682316e+02
1.676622982287758532e+02 1.811147674722973591e+02 1.739320958031585462e+02
1.676800410086379998e+02 1.811598289852543360e+02 1.740114387924265031e+02
1.675906247273361771e+02 1.810766250763458629e+02 1.739541226769042908e+02
1.674227554314632300e+02 1.808577131140389156e+02 1.737228295960212847e+02
1.673599991274757883e+02 1.807424919291510435e+02 1.736122807782915913e+02
1.673042142919466073e+02 1.806271660413576399e+02 1.735834394904458691e+02
1.672080097722711685e+02 1.804885830206788171e+02 1.734849489573335575e+02
1.673373353110548862e+02 1.805227423436000436e+02 1.736113384521420357e+02
1.676280298403280824e+02 1.807729168484425486e+02 1.738422083587819600e+02
1.678166957508070709e+02 1.809211412616700159e+02 1.739843774539743606e+02
1.677298752290376171e+02 1.807805557979233981e+02 1.738985210714597258e+02
1.674774365238635312e+02 1.805567009859523466e+02 1.736414492627170318e+02
1.672296614606055414e+02 1.803375708925922822e+02 1.733271878544629487e+02
1.668199546287409589e+02 1.799276459296745543e+02 1.728681572288631116e+02
1.666337317860570693e+02 1.797427667742779818e+02 1.726891414361748502e+02
1.666761059244394119e+02 1.798464880900444882e+02 1.727627693918506111e+02
1.668287322223191609e+02 1.800258528924177597e+02 1.729084242212721279e+02
1.670989747840502559e+02 1.801276197539481814e+02 1.730135939272314829e+02
1.673710540092487520e+02 1.802382514614780575e+02 1.731817293429892572e+02
1.675958336968850801e+02 1.803933775412267551e+02 1.733505191519064681e+02
1.677359392723147948e+02 1.804710758223540665e+02 1.734300279207747906e+02
1.677650684931506930e+02 1.805923610505191448e+02 1.735829421516447155e+02
1.679076694878282865e+02 1.809015749062036491e+02 1.738361137771573226e+02
1.680091658668528112e+02 1.811395689730389904e+02 1.740338103132361880e+02
1.681088037693045862e+02 1.813654873047726994e+02 1.742210409213855655e+02
1.681276328418113621e+02 1.814709405811011322e+02 1.742910784399267072e+02
1.678388447779425974e+02 1.813367725329378004e+02 1.741536471512084461e+02
1.673827589215600824e+02 1.810457682575691365e+02 1.738851409126603187e+02
1.673402059157141650e+02 1.810759663205653851e+02 1.738498124072943085e+02
1.675247927754995203e+02 1.813782174330337682e+02 1.741407163423785107e+02
1.677466146060553172e+02 1.816207399005322429e+02 1.743909344734316278e+02
1.679541095890411100e+02 1.817943460431027063e+02 1.746157316115522065e+02
1.683982287758485370e+02 1.821802853154175068e+02 1.751240773056452440e+02
1.686352761539132814e+02 1.823293648023732771e+02 1.753452578309048135e+02
1.683280123898438205e+02 1.819142134194223956e+02 1.749829290637815120e+02
1.679616481982374978e+02 1.814797225373004039e+02 1.746089564610417995e+02
1.677921429194660163e+02 1.813858651077567288e+02 1.745059986039612738e+02
1.676953014571154483e+02 1.813376057935607832e+02 1.744832867987086615e+02
1.676442326149550581e+02 1.813248320390890740e+02 1.744954061600209343e+02
1.677425791815722960e+02 1.814654524038041927e+02 1.746319082104528491e+02
1.678266381642090437e+02 1.815905767385044953e+02 1.747468196492452535e+02
1.678607451356775186e+02 1.815310705872088022e+02 1.746821045284006573e+02
1.677539132710932677e+02 1.812123723933339079e+02 1.743487304772707489e+02
1.676190035773492752e+02 1.810213244917546547e+02 1.741741296570979785e+02
1.676373658494023289e+02 1.809790943198673858e+02 1.740921341942238882e+02
1.678375708925922822e+02 1.811632536427885896e+02 1.742975220312363547e+02
1.680689512258965124e+02 1.814321874182008685e+02 1.745730346392112438e+02
1.684079923217869350e+02 1.817564392286886061e+02 1.748887008114475066e+02
1.684831384695925180e+02 1.819026088473955269e+02 1.750279513131489466e+02
1.683484076433121004e+02 1.817649637902451900e+02 1.748721141261669914e+02
1.680920862053922065e+02 1.814972733618357950e+02 1.746057063083500509e+02
1.680955501265160024e+02 1.815580097722711912e+02 1.745431637727946850e+02
1.681073030276590146e+02 1.816220879504406298e+02 1.745635284879155336e+02
1.679733094843381878e+02 1.814997600558415627e+02 1.744124247447866765e+02
1.679681005147892847e+02 1.815321132536427911e+02 1.743676729779251389e+02
1.681230957159061177e+02 1.817584373091353314e+02 1.745381991100253174e+02
1.681929630922257957e+02 1.818885088561207510e+02 1.746765160108193129e+02
1.680808568187767094e+02 1.818245397434778852e+02 1.746185891283483045e+02
1.681395820609021996e+02 1.819242212721403007e+02 1.747073030276590089e+02
1.683700375185411531e+02 1.821956940930110704e+02 1.749756042230172000e+02
1.684450091615042311e+02 1.822270569758310899e+02 1.750078919815024960e+02
1.684047727074426177e+02 1.821728688596108441e+02 1.750112642875839697e+02
1.684986475874705434e+02 1.822294258790681454e+02 1.751320478143268531e+02
1.685618183404589558e+02 1.822249803682052232e+02 1.751875578047290674e+02
1.683851976267341399e+02 1.819532239769653472e+02 1.749579225198499159e+02
1.681741907337928694e+02 1.816157970508681672e+02 1.746515181921298279e+02
1.680732353197801103e+02 1.814813890585463696e+02 1.745015792688247132e+02
1.679722144664514474e+02 1.813181572288631003e+02 1.743239769653607993e+02
1.678281214553703933e+02 1.811435869470377895e+02 1.741868641479801170e+02
1.679320783526742957e+02 1.812295785708053302e+02 1.742563781519937152e+02
1.681243957769828228e+02 1.814285533548556089e+02 1.744336445336357997e+02
1.682656269086467091e+02 1.815288281999825415e+02 1.746389451182270420e+02
1.683922694354768339e+02 1.816358258441671865e+02 1.748252334002268640e+02
1.684360308873571341e+02 1.816483945554489026e+02 1.748786362446557803e+02
1.682040659628304695e+02 1.813527615391327004e+02 1.746878413750981451e+02
1.678001003402844447e+02 1.808352194398394488e+02 1.742791728470465102e+02
1.678031018235756164e+02 1.808715862490184065e+02 1.743414972515487307e+02
1.680646933077392760e+02 1.812206875490794857e+02 1.746274103481371469e+02
1.683944856469767046e+02 1.815770526132100144e+02 1.748519064654044257e+02
1.685846261233749317e+02 1.818240511299188427e+02 1.750644577262019084e+02
1.687624945467236728e+02 1.820415539656225405e+02 1.752768213942937052e+02
1.688122022511124669e+02 1.820930328941628034e+02 1.753052482331384567e+02
1.685083020678823971e+02 1.818272183928104084e+02 1.750218436436611000e+02
1.682045240380420523e+02 1.815417153826018648e+02 1.748127126777768012e+02
1.682479059418898828e+02 1.816170185847657308e+02 1.748278858738329973e+02
1.683499825495157438e+02 1.817989180699764518e+02 1.750363755344210688e+02
1.685489180699764518e+02 1.820429805427100689e+02 1.752573990053223838e+02
1.691127257656399934e+02 1.825895297094494367e+02 1.758173414187243679e+02
1.695609676293517225e+02 1.830280952796440204e+02 1.762416673937701717e+02
1.693646889451182176e+02 1.828037213157665235e+02 1.760691737195707276e+02
1.688242867114562387e+02 1.822244481284355686e+02 1.754881031323619140e+02
1.687766556146933112e+02 1.821099118750545358e+02 1.753682706570107257e+02
1.688312494546723599e+02 1.821017275979408510e+02 1.753838364889625723e+02
1.689447997556932251e+02 1.821429456417415622e+02 1.754378501003402846e+02
1.691495157490620329e+02 1.822400270482505960e+02 1.755865500392635852e+02
1.692671494633976010e+02 1.822729124858214789e+02 1.756491274757874521e+02
1.691245179303725763e+02 1.820378021115085971e+02 1.754820652648110979e+02
1.689158188639734703e+02 1.817386659104790283e+02 1.752557237588343071e+02
1.688288805514353044e+02 1.815815155745571872e+02 1.750700200680568912e+02
1.686472384608672996e+02 1.813666739377017620e+02 1.748820085507372823e+02
1.684559506151295807e+02 1.811500043626210754e+02 1.746634935869470269e+02
1.685749847308262872e+02 1.812825277026437618e+02 1.747667044760491990e+02
1.688736454061600227e+02 1.815316900793997092e+02 1.749783308611814050e+02
1.689271442282523310e+02 1.816160413576476742e+02 1.750095192391588910e+02
1.687327240205915757e+02 1.814532588779338766e+02 1.748312538172934296e+02
1.688748364017101551e+02 1.816002224936742095e+02 1.749490096850187513e+02
1.689781825320652615e+02 1.816943809440711846e+02 1.750885306692260599e+02
1.688709623942064297e+02 1.815636026524736053e+02 1.751099380507808974e+02
1.688470683186458530e+02 1.815495244743041496e+02 1.751336052700462460e+02
1.689571634237850049e+02 1.816742256347613704e+02 1.752896998516708891e+02
1.689668702556495816e+02 1.816977183491841856e+02 1.753154873047727165e+02
1.688047945205479436e+02 1.816140127388534893e+02 1.752110941453625230e+02
1.688235581537387588e+02 1.816710278335223734e+02 1.752352238024605242e+02
1.689302547770700755e+02 1.818050170142221305e+02 1.753623723933339136e+02
1.690142265072855707e+02 1.819424832039089210e+02 1.755422432597504496e+02
1.692616743739638707e+02 1.822804903586074374e+02 1.758037038652822730e+02
1.695275543146322264e+02 1.826756783875752603e+02 1.762427536864148010e+02
1.694868248843905292e+02 1.827341113340895333e+02 1.762418549864758859e+02
1.691693089608236562e+02 1.824927056975831192e+02 1.759346697495855381e+02
1.689159628304685441e+02 1.823596806561382095e+02 1.757766468894511718e+02
1.687913925486432163e+02 1.822089695489049745e+02 1.756160239071634237e+02
1.686144577262018913e+02 1.819041488526306694e+02 1.753475263938574358e+02
1.685254907948695688e+02 1.817016490707617038e+02 1.752113820783526705e+02
1.687169356949655423e+02 1.817196536078876079e+02 1.752373789372655040e+02
1.688861006892941248e+02 1.817785751679609234e+02 1.752943547683448173e+02
1.688877890236454107e+02 1.816279993019806227e+02 1.751960082017276079e+02
1.686720050606404300e+02 1.814259663205654078e+02 1.749927798621411625e+02
1.685389538434691588e+02 1.812433557281214576e+02 1.748761931768606530e+02
1.683689599511386348e+02 1.810670971119448609e+02 1.747414056365064141e+02
1.683559549777506277e+02 1.810268432073989970e+02 1.747587732309571606e+02
1.684655047552569442e+02 1.811182183055579742e+02 1.748412573073902934e+02
1.683472297356251772e+02 1.810976659977314398e+02 1.747993892330512153e+02
1.681130311491143914e+02 1.809680481633365332e+02 1.746666128610068824e+02
1.679988177296920071e+02 1.808401448390192741e+02 1.745682488439054225e+02
1.679568798534159271e+02 1.808075429718174689e+02 1.745916979321176257e+02
1.677421865456766454e+02 1.805644053747491569e+02 1.744278204345170593e+02
1.675918986126864922e+02 1.804115522205741229e+02 1.741992278160718968e+02
1.677661242474478627e+02 1.805083413314719394e+02 1.742246967978361454e+02
1.679749847308262929e+02 1.806454715993368723e+02 1.743115260448477386e+02
1.680123549428496688e+02 1.806751286973213553e+02 1.743529534944594843e+02
1.681007241950964044e+02 1.807577829159759233e+02 1.743645929674548540e+02
1.681383779774888865e+02 1.808312974435040701e+02 1.743965840677078916e+02
1.681394860832388076e+02 1.808663467411220722e+02 1.744457595323270311e+02
1.681956897303900291e+02 1.809788980019195606e+02 1.745574557193962164e+02
1.683512389843818085e+02 1.811936131227641624e+02 1.746409039350841965e+02
1.683849358694703824e+02 1.812684146235058051e+02 1.746925748189512149e+02
1.682518759270569717e+02 1.811643050344647179e+02 1.745758572550388408e+02
1.681930328941628261e+02 1.810862577436523964e+02 1.745326367681703061e+02
1.682983727423435880e+02 1.812174068580403059e+02 1.746533286798708673e+02
1.682721970159671798e+02 1.811844516185324210e+02 1.745547770700636931e+02
1.681450833260622915e+02 1.810590219003577488e+02 1.744516926969723443e+02
1.681858912834831301e+02 1.810706351976267285e+02 1.744217345781345330e+02
1.682448913707355302e+02 1.810683928104004963e+02 1.744594974260535594e+02
1.682143268475700211e+02 1.809928714771834848e+02 1.744328505366023876e+02
1.681919945903498785e+02 1.808870953668964319e+02 1.742886179216473295e+02
1.682351758136288140e+02 1.808094625250850811e+02 1.742423305121717192e+02
1.683277288194747427e+02 1.807949655352936134e+02 1.742461390803594838e+02
1.684890061949218989e+02 1.807916324928016820e+02 1.742676031759881425e+02
1.686082148154611389e+02 1.807820347264636496e+02 1.743344777942587882e+02
1.686106535206351964e+02 1.807653040746880606e+02 1.742920774801500841e+02
1.686221970159672026e+02 1.807919509641392608e+02 1.743059418898874355e+02
1.686743521507721937e+02 1.807616002094057990e+02 1.742484992583544283e+02
1.686420120408341461e+02 1.807028836925224766e+02 1.741511779076869288e+02
1.686430416194049258e+02 1.806731480673588806e+02 1.740860439752203206e+02
1.687311752901142938e+02 1.806582366285664421e+02 1.739532937789023777e+02
1.686187330948433782e+02 1.805904327720094216e+02 1.738836576214989975e+02
1.685160457202687496e+02 1.804950135241252838e+02 1.739021638600471249e+02
1.685453494459471244e+02 1.805919466015182024e+02 1.740291379460780092e+02
1.686015094668877055e+02 1.807741863711717940e+02 1.741375578047290844e+02
1.687080664863449897e+02 1.809085507372829511e+02 1.742975045807521042e+02
1.687250894337317959e+02 1.809785359043713413e+02 1.743821612424744671e+02
1.686516098071721501e+02 1.810600340284442780e+02 1.743830163162027702e+02
1.685707529883954408e+02 1.810461172672541750e+02 1.743306997644184548e+02
1.683830555797923410e+02 1.809456112032108877e+02 1.741609283657621461e+02
1.682748538521944113e+02 1.809187112817380694e+02 1.740970508681616025e+02
1.682912616700113517e+02 1.809687723584329433e+02 1.741524343425529935e+02
1.683289590786144174e+02 1.810893682924701125e+02 1.742345345083326151e+02
1.685113384521420414e+02 1.814020242561731209e+02 1.745483073030276557e+02
1.687398918069976332e+02 1.817526175726376323e+02 1.748582409911875004e+02
1.687722057412093193e+02 1.818619143181223308e+02 1.749372611464968088e+02
1.688319212983160185e+02 1.819958816857167676e+02 1.750809309833347811e+02
1.689836270831515606e+02 1.822074469941540826e+02 1.752789329028880445e+02
1.691194267515923570e+02 1.823288500130878731e+02 1.754367550824535442e+02
1.691572637640694552e+02 1.822604353895820566e+02 1.754573204781432594e+02
1.692892156007329163e+02 1.823120451967542124e+02 1.755691475438443376e+02
1.693865064130529561e+02 1.823275019631794862e+02 1.756228644969897914e+02
1.692351627257656332e+02 1.820687243696012558e+02 1.755162638513218667e+02
1.689726289154523897e+02 1.817999956373789416e+02 1.754006718436436643e+02
1.690044934996946040e+02 1.818119492190908204e+02 1.754825538783701120e+02
1.688119928453014609e+02 1.816085594625250792e+02 1.753104484774452487e+02
1.683338888404153124e+02 1.811508463484861693e+02 1.749861966669575111e+02
1.682963877497600436e+02 1.811855030102085209e+02 1.749551915190646412e+02
1.687392374138382252e+02 1.816304554576389592e+02 1.752697364976878021e+02
1.689096283046854410e+02 1.817994154087776053e+02 1.753506325800541106e+02
1.688836707093621783e+02 1.817669138818602335e+02 1.752758092662071476e+02
1.690217171276503052e+02 1.818788936392984965e+02 1.753538521943983994e+02
1.691590611639472854e+02 1.819320958031585462e+02 1.754427973126254301e+02
1.688009205130442467e+02 1.814882994503097393e+02 1.750184582497164172e+02
1.687615478579530475e+02 1.813871608062123642e+02 1.749349882209231168e+02
1.691818122327894685e+02 1.818743652386353631e+02 1.753288456504668034e+02
1.696831122938661451e+02 1.824927842247622323e+02 1.759201160457202775e+02
1.698501352412529570e+02 1.826886702731000867e+02 1.760320652648111093e+02
1.698060640432771891e+02 1.826505322397696602e+02 1.760250152691737071e+02
1.697455632143791888e+02 1.826754253555536138e+02 1.760138600471163102e+02
1.695814414099991154e+02 1.825710714597330195e+02 1.758462612337492317e+02
1.694563781519937038e+02 1.824873745746444342e+02 1.757853546810924001e+02
1.695053660239071576e+02 1.826339455544891450e+02 1.759149768781083765e+02
1.696754777070063653e+02 1.828899397958293207e+02 1.761962045196754332e+02
1.697178692958729584e+02 1.829592400314108716e+02 1.763429718174679408e+02
1.696659933688159754e+02 1.829120582846173875e+02 1.762966756827501911e+02
1.696346915626908753e+02 1.829398176424395785e+02 1.763140825407905083e+02
1.696379242648983450e+02 1.828849184189861319e+02 1.762185236890323665e+02
1.693473344385306802e+02 1.825305078090917164e+02 1.758098638862228427e+02
1.690978666783003348e+02 1.822442457028182616e+02 1.754935215077218515e+02
1.689961085420120526e+02 1.821273579966843954e+02 1.754232920338539259e+02
1.691047727074426348e+02 1.821427231480673470e+02 1.754861574033679403e+02
1.693690210278335257e+02 1.823460343774539751e+02 1.757492103655876576e+02
1.697138164209056868e+02 1.826733618357909563e+02 1.760266730651775617e+02
1.697178213070412767e+02 1.826528749672803542e+02 1.760443373178605668e+02
1.694294171538260230e+02 1.822375708925922595e+02 1.756675464619143270e+02
1.692142308699066291e+02 1.819478012389843684e+02 1.753928627519413794e+02
1.691776677427798745e+02 1.818823750109065429e+02 1.753129700724195175e+02
1.691764723846086724e+02 1.818686676555274460e+02 1.753305252595759498e+02
1.693579007067446014e+02 1.819784966407817706e+02 1.754284791902975371e+02
1.697353634063345282e+02 1.822934778815112224e+02 1.757864889625687113e+02
1.699281999825495291e+02 1.824767166913881908e+02 1.759645013524125261e+02
1.699728644969897857e+02 1.824633583456941039e+02 1.759738024605182716e+02
1.698979888316900713e+02 1.823360090742518196e+02 1.758615478579530702e+02
1.699143399354332189e+02 1.823781607189599470e+02 1.759086903411569551e+02
1.697691344559811455e+02 1.822473082628042960e+02 1.757810138731349809e+02
1.695147805601605455e+02 1.820018977401622919e+02 1.755118968676380860e+02
1.694636244655789312e+02 1.820321917808219041e+02 1.755048904982113243e+02
1.696176162638513176e+02 1.822569278422476202e+02 1.756984861704912362e+02
1.697218523689032281e+02 1.824094756129482562e+02 1.758231480673588578e+02
1.697315417502835828e+02 1.825193220486868597e+02 1.758769609981677036e+02
1.698150990314981357e+02 1.826892330512171725e+02 1.760236977576127799e+02
1.698582584416717509e+02 1.828116612861007013e+02 1.761172890672716278e+02
1.697104310269610039e+02 1.827135241252944695e+02 1.760371913445598011e+02
1.694667568275019676e+02 1.825775019631794862e+02 1.758806561382078257e+02
1.693886222842683935e+02 1.826505758659802723e+02 1.759322746706221210e+02
1.695339150161416910e+02 1.828758616176598935e+02 1.761207442631533127e+02
1.696166346741122197e+02 1.830382340109938184e+02 1.762413096588430221e+02
1.695970508681616025e+02 1.831198368379722581e+02 1.762732091440537374e+02
1.695604092138556780e+02 1.831660239071634351e+02 1.762870561033068668e+02
1.692559026262978819e+02 1.829296701858476695e+02 1.759934124421952788e+02
1.684033461303551178e+02 1.821347439141436269e+02 1.752248364017101494e+02
1.679989835092923727e+02 1.816485036209754753e+02 1.746801893377541148e+02
1.681072245004799015e+02 1.817061033068667655e+02 1.747193438617921686e+02
1.684813628828200081e+02 1.819682793822528595e+02 1.750051871564435828e+02
1.688077436523863639e+02 1.821848791553965725e+02 1.752300759096064837e+02
1.691298403280690934e+02 1.823982069627432168e+02 1.754787453101823473e+02
1.692762629787976607e+02 1.824553442108018544e+02 1.755383561643835719e+02
1.688782436087601297e+02 1.820114126167001132e+02 1.751415714161067854e+02
1.681846392112381068e+02 1.812842596632056598e+02 1.744987217520286151e+02
1.681677427798621522e+02 1.812782087077916344e+02 1.744863842596631969e+02
1.686136331908210479e+02 1.817059506151295807e+02 1.749299799319431088e+02
1.690688334351278286e+02 1.821923785010033896e+02 1.753584765727248964e+02
1.693522598377105055e+02 1.824787889363929878e+02 1.755983683797225297e+02
1.696777113689904866e+02 1.827920338539394436e+02 1.758899834220399612e+02
1.697744873920251223e+02 1.828288761888142346e+02 1.759042622807782834e+02
1.693590044498734812e+02 1.823509641392548701e+02 1.754710278335223848e+02
1.689121978884913915e+02 1.818011211936131133e+02 1.749289154524037997e+02
1.689699371782566857e+02 1.817189686763807686e+02 1.747914187243696063e+02
1.690914928889276609e+02 1.818262935171451034e+02 1.748883954279731370e+02
1.691029927580490266e+02 1.818801631620277419e+02 1.748985428845650461e+02
1.691472689992147309e+02 1.819420731175290200e+02 1.749568536776895655e+02
1.691299144926271651e+02 1.820426140825407799e+02 1.750121891632492748e+02
1.691028967803856631e+02 1.821030407468807368e+02 1.750633888840415295e+02
1.690673806823139387e+02 1.821583805950615158e+02 1.750866591047901579e+02
1.691535380856818733e+02 1.823198368379722467e+02 1.751616569234796259e+02
1.692629569845563253e+02 1.825043364453363495e+02 1.753082104528400578e+02
1.693798926795218449e+02 1.826307739289765379e+02 1.754203516272576451e+02
1.695804205566704468e+02 1.828364496989791519e+02 1.755971337579617852e+02
1.699173588692086128e+02 1.831819823750109038e+02 1.759499869121368079e+02
1.699144664514440137e+02 1.831746837099729532e+02 1.759622676904284049e+02
1.696484469069016541e+02 1.829688072594014443e+02 1.757452491056626798e+02
1.694285489922345391e+02 1.829491711019980755e+02 1.755062167350143909e+02
1.694054183753599148e+02 1.830095497775063222e+02 1.754778247971381120e+02
1.693469679783613913e+02 1.829875098158973969e+02 1.754210583718698331e+02
1.694218741820085370e+02 1.830431506849315042e+02 1.754938268911962211e+02
1.696858476572724896e+02 1.832562385481197111e+02 1.757425879068144070e+02
1.698275630398743488e+02 1.833301151731960488e+02 1.758823226594537914e+02
1.695804685455021286e+02 1.829633801587993958e+02 1.756106229822877651e+02
1.693106317075298932e+02 1.825868510601169135e+02 1.753104572026873882e+02
1.691839586423523372e+02 1.823310880376930356e+02 1.750676642526830165e+02
1.690996466276939145e+02 1.822101387313497867e+02 1.749541401273885413e+02
1.688721315766512419e+02 1.819640650903062635e+02 1.747791074077305780e+02
1.688740467672977843e+02 1.820445947125032831e+02 1.749631969287147797e+02
1.692966538696448708e+02 1.825213855684495172e+02 1.755220399616089253e+02
1.694984163685542171e+02 1.827398394555448817e+02 1.757364976878108394e+02
1.694953058197365010e+02 1.827349140563650565e+02 1.757791946601518305e+02
1.693531978012389914e+02 1.826267123287671268e+02 1.756123069540179813e+02
1.690992060029665822e+02 1.823971512084460471e+02 1.753175857255038750e+02
1.687859479975569457e+02 1.820955326760317519e+02 1.749453363580839493e+02
1.686598944245702683e+02 1.820580228601343720e+02 1.748904196841462237e+02
1.689142701334962169e+02 1.823599511386441065e+02 1.752213375796178241e+02
1.693188945118226911e+02 1.827260448477445323e+02 1.756345214204694116e+02
1.695284879155396425e+02 1.829184146235058108e+02 1.759577349271442301e+02
1.696273623593054651e+02 1.829796483727423322e+02 1.760444114824186386e+02
1.697650903062559848e+02 1.831176293517144984e+02 1.761432510252159602e+02
1.698209056801326255e+02 1.831944202076607553e+02 1.762089259226943625e+02
1.696781345432335684e+02 1.831402800802722197e+02 1.760710234709013093e+02
1.696226856295262166e+02 1.831712372393333794e+02 1.760412442195271012e+02
1.697645929674548597e+02 1.833851627257656389e+02 1.762114998691213543e+02
1.699638338713899373e+02 1.836530887357124300e+02 1.764355204606927714e+02
1.700335965448041122e+02 1.837792426489835123e+02 1.765497993194311164e+02
1.700990489486083277e+02 1.838386484599947721e+02 1.765750588953843589e+02
1.701792426489835179e+02 1.838941933513654874e+02 1.766485865107756865e+02
1.700594363493586911e+02 1.837256303987435615e+02 1.765082322659453666e+02
1.698851190995549985e+02 1.835243085245615475e+02 1.763078134543233659e+02
1.700396562254602486e+02 1.836481851496378965e+02 1.764504929761801009e+02
1.702536122502399394e+02 1.838682313934211550e+02 1.766489965971555591e+02
1.702928104004886052e+02 1.838322266817904165e+02 1.766183579094319782e+02
1.702536776895558717e+02 1.837563258005409637e+02 1.765657359741732932e+02
1.703726725416630359e+02 1.838219134455981134e+02 1.766292819125730773e+02
1.704867768955588474e+02 1.838207049995637306e+02 1.766508681615914895e+02
1.702667350143966587e+02 1.835430067184364304e+02 1.763836358083936773e+02
1.699827850972864383e+02 1.833007896344123537e+02 1.761535729866503743e+02
1.700326891196230576e+02 1.833129918855248093e+02 1.761830948433818946e+02
1.701810531367245574e+02 1.834315766512520725e+02 1.763018453887095234e+02
1.702968370997295153e+02 1.835573161155222124e+02 1.764297836139952835e+02
1.704154131402146390e+02 1.836569234796265562e+02 1.764984512695227181e+02
1.703949568100514682e+02 1.836374880027920824e+02 1.764915147020329869e+02
1.701781956199284593e+02 1.833961739813279905e+02 1.762050475525695958e+02
1.699646496815286696e+02 1.832095105139167686e+02 1.760387531629002638e+02
1.699797792513742252e+02 1.832958293342640275e+02 1.760764025826716761e+02
1.702208227903324200e+02 1.835123462176075293e+02 1.763363449960736489e+02
1.704936087601431041e+02 1.838475176686152963e+02 1.766484643573859046e+02
1.707443722188290849e+02 1.841227292557368571e+02 1.769255169705959361e+02
1.709231262542535603e+02 1.843443329552395085e+02 1.772038391065352130e+02
1.710655614693307598e+02 1.845190428409388232e+02 1.773758834307652137e+02
1.711101125556234308e+02 1.846685847657272461e+02 1.774642701334961998e+02
1.709792731873309606e+02 1.846276241165692227e+02 1.773882034726463530e+02
1.707418986126864979e+02 1.844328548992234573e+02 1.772162813018061343e+02
1.706034595585027489e+02 1.843965448041183208e+02 1.771423305121717249e+02
1.706128086554401762e+02 1.844985734229124716e+02 1.771951182270308038e+02
1.707448346566617090e+02 1.846423610505191562e+02 1.773264898350929286e+02
1.707210540092487463e+02 1.846821612424744785e+02 1.772696405200244385e+02
1.706835921821830482e+02 1.846824535380856958e+02 1.772515400052351424e+02
1.707339411918680696e+02 1.847771965797050768e+02 1.773400095977663398e+02
1.707288107494983080e+02 1.847916543059070023e+02 1.773404545851147418e+02
1.703992016403455239e+02 1.844979408428583838e+02 1.770456024779687709e+02
1.702959034988220992e+02 1.843538521943983994e+02 1.769172541663031097e+02
1.703585900008725105e+02 1.843462743216124125e+02 1.769453363580839493e+02
1.702430765203734495e+02 1.840646714946339841e+02 1.767809527964400900e+02
1.699097635459384037e+02 1.837093621848006251e+02 1.764075560596806440e+02
1.699133539830730228e+02 1.835795480324578932e+02 1.763844996073640914e+02
1.700550039263589497e+02 1.835433426402582597e+02 1.764407992321787049e+02
1.700138033330424889e+02 1.833900488613558935e+02 1.763038478317773183e+02
1.700258049035860779e+02 1.833221970159671912e+02 1.762755911351540021e+02
1.702188726987173766e+02 1.834984687200069686e+02 1.764233487479277471e+02
1.703639080359479863e+02 1.836755867725329381e+02 1.766051871564435771e+02
1.702582409911875061e+02 1.835981109850798418e+02 1.765023558153738747e+02
1.701264505715033692e+02 1.834181572288630946e+02 1.763323401099380590e+02
1.701389102172585410e+02 1.834608760143094059e+02 1.763520766076258610e+02
1.700825146147805640e+02 1.834450527877148716e+02 1.762719919727772435e+02
1.698197190472035629e+02 1.831661242474478684e+02 1.759962568711281676e+02
1.697192653346130271e+02 1.830689686763807629e+02 1.758797138120582986e+02
1.697534072070500031e+02 1.831409344734316278e+02 1.759520024430677836e+02
1.697705653956897436e+02 1.832072070499956453e+02 1.759721359392723059e+02
1.698505584154960388e+02 1.833526393857429468e+02 1.761702992758048936e+02
1.701460518279382370e+02 1.836618227030800199e+02 1.764209274932379401e+02
1.705317162551260708e+02 1.840800410086379770e+02 1.767388055143530323e+02
1.708730215513480459e+02 1.844849358694703767e+02 1.770288238373615002e+02
1.715596937440014074e+02 1.851691475438443319e+02 1.777143093970857706e+02
1.719927667742779818e+02 1.856893508419858563e+02 1.781644926271704037e+02
1.719600994677602444e+02 1.857053616612861049e+02 1.781769522729255755e+02
1.716339281040048945e+02 1.853184451618532478e+02 1.777889363929849083e+02
1.714107713114038916e+02 1.851118183404589388e+02 1.775830773928976498e+02
1.713152168222668195e+02 1.849965229910129949e+02 1.774587514178518575e+02
1.710455021376843092e+02 1.846876406945292786e+02 1.772278727859698222e+02
1.708654480411831287e+02 1.844797356251635847e+02 1.770419291510339406e+02
1.708960780036645986e+02 1.844773667219265292e+02 1.771575691475438532e+02
1.710065133932466495e+02 1.845599336881598447e+02 1.772317511560945889e+02
1.710046374661896778e+02 1.844950178867463535e+02 1.772294302416892151e+02
1.709163380158799441e+02 1.843760579356077187e+02 1.771828941628130281e+02
1.708863798970421328e+02 1.843009728644969982e+02 1.771656225460256451e+02
1.708797050868161591e+02 1.842484381816595373e+02 1.771057499345606914e+02
1.709007939970334178e+02 1.842770308001047113e+02 1.770992932553878347e+02
1.709725111246837059e+02 1.843577611028705974e+02 1.771683142832213491e+02
1.709804292819125635e+02 1.843335092923828711e+02 1.771846261233749260e+02
1.709277898961696280e+02 1.841390759968589066e+02 1.770724980368205195e+02
1.709313367070936351e+02 1.840926707966146125e+02 1.770661155222057346e+02
1.709997687810836737e+02 1.841116656487217540e+02 1.771658973911526118e+02
1.709456112032108877e+02 1.839991536515138364e+02 1.770674504842509407e+02
1.708973388011517329e+02 1.839270438879678977e+02 1.770017712241514687e+02
1.708703123636680914e+02 1.840199546287409476e+02 1.770790463310356984e+02
1.709245266556146987e+02 1.841476616351103814e+02 1.772525259575953100e+02
1.709417284704650513e+02 1.842656487217520294e+02 1.773680787016839702e+02
1.709606186196666897e+02 1.844083064305034441e+02 1.774903804205566757e+02
1.711213637553442197e+02 1.846885612075735139e+02 1.777565264811098587e+02
1.713087208795043921e+02 1.848950353372306097e+02 1.779391676119012402e+02
1.711683928104004906e+02 1.848243957769828114e+02 1.777892897652909880e+02
1.709625817991449139e+02 1.847061163947299463e+02 1.776231088037692984e+02
1.709366154785795402e+02 1.846873134979495603e+02 1.775978317773318338e+02
1.708482331384695954e+02 1.846299930198063066e+02 1.775137946078003779e+02
1.705518104877410224e+02 1.843813497949568045e+02 1.771575342465753522e+02
1.704738373614867726e+02 1.843634935869470439e+02 1.770461434429805365e+02
1.705948215687985225e+02 1.845015443678562121e+02 1.771331690079399834e+02
1.704416935694965503e+02 1.843636506413052984e+02 1.769978317773318111e+02
1.700705043189948640e+02 1.839186632929063876e+02 1.765882252857516903e+02
1.702678256696623293e+02 1.839190384783177592e+02 1.766711979757438371e+02
1.704887138993107101e+02 1.839535817118924967e+02 1.767370037518541039e+02
1.703400444987348408e+02 1.835633627083151680e+02 1.763737806474129570e+02
1.702122807782915856e+02 1.831844341680481705e+02 1.759841942238897161e+02
1.704999476485472485e+02 1.834328199982549563e+02 1.762652648110985183e+02
1.707926926097199214e+02 1.836907774190733846e+02 1.765173850449349970e+02
1.708381511211936186e+02 1.836854026699240876e+02 1.765027920774801373e+02
1.709162420382165521e+02 1.837040136113777180e+02 1.765335660064566810e+02
1.710585681877672073e+02 1.838197539481720639e+02 1.766255475089433844e+02
1.710664994328592741e+02 1.837180699764418534e+02 1.765936567489747802e+02
1.706638600471163159e+02 1.834386397347526270e+02 1.762482724020591434e+02
1.705747491492888912e+02 1.834508550737282917e+02 1.761744001396038755e+02
1.706009074251810489e+02 1.835610985079835871e+02 1.762895733356600658e+02
1.705551609807172042e+02 1.835509946776022900e+02 1.762660151819212899e+02
1.705435607713114052e+02 1.835853590437134528e+02 1.762757743652386466e+02
1.705762019021027811e+02 1.836918069976441927e+02 1.763147674722973477e+02
1.705939446819649277e+02 1.837804336445336446e+02 1.763598028095279631e+02
1.705607582235407165e+02 1.838042142919466073e+02 1.763165125207224548e+02
1.706222493674199541e+02 1.839211019980804451e+02 1.763816508158101328e+02
1.707529360439752111e+02 1.841210845475961833e+02 1.765050519151906485e+02
1.708518584765727155e+02 1.842348486170491242e+02 1.766426489835093037e+02
1.708503577349271438e+02 1.842099118750545301e+02 1.766075647849227721e+02
1.707399616089346353e+02 1.841521813105313754e+02 1.765378937265509194e+02
1.707518541139516515e+02 1.841887749760055897e+02 1.765248931157839536e+02
1.708422519849925720e+02 1.842986170491231235e+02 1.766683317337055996e+02
1.708493325189774055e+02 1.843184451618532478e+02 1.767314544978623019e+02
1.707251548730477282e+02 1.842025564959427584e+02 1.766130965884303237e+02
1.705549515749061982e+02 1.839136331908210593e+02 1.764338539394468057e+02
1.703815155745571985e+02 1.836560945816246431e+02 1.761788936392984795e+02
1.702381772969199858e+02 1.834731524299799332e+02 1.760874051129918882e+02
1.702430677951313100e+02 1.834227248931157703e+02 1.760557237588343185e+02
1.703284922781607236e+02 1.834728383212634242e+02 1.760866852805165479e+02
1.704644577262019141e+02 1.835712590524387053e+02 1.761600165779600502e+02
1.705590524387051801e+02 1.836306125119972137e+02 1.762662376755955052e+02
1.705828679870866438e+02 1.835108018497513171e+02 1.761960954541488604e+02
1.704534595585027432e+02 1.832876145188028829e+02 1.760397434778815011e+02
1.703095454148852639e+02 1.830842727510688519e+02 1.758131925660937043e+02
1.702605662682139496e+02 1.830057499345606971e+02 1.757667611901230202e+02
1.703162551260797386e+02 1.830796003839106447e+02 1.758361748538521852e+02
1.705239813279818577e+02 1.833024823313847094e+02 1.760054576389494798e+02
1.707303900183230212e+02 1.834883169007939898e+02 1.762166215862490048e+02
1.707594494372218890e+02 1.834526917371957211e+02 1.761906509030625614e+02
1.706335572812145642e+02 1.833097940842858407e+02 1.760323750109065486e+02
1.706439621324491895e+02 1.832852543408079669e+02 1.759887357124160303e+02
1.707202120233836524e+02 1.833990925748189511e+02 1.761214030189337620e+02
1.708452447430416328e+02 1.836336532588779278e+02 1.763385219439839489e+02
1.710002748451269383e+02 1.839163903673326956e+02 1.765922301718872802e+02
1.710762368030712821e+02 1.840759401448390236e+02 1.767519370037518627e+02
1.710386659104790112e+02 1.841233531105488055e+02 1.767154829421516524e+02
1.710044324229997414e+02 1.841741776459296887e+02 1.767282697844865140e+02
1.710241340197190425e+02 1.843512564348660590e+02 1.768948913707355359e+02
1.710809876974086023e+02 1.845791204955937417e+02 1.771138600471163045e+02
1.710292688247098738e+02 1.846589782741471026e+02 1.771733094843381764e+02
1.707953538085681942e+02 1.844874574644446454e+02 1.770167786406072707e+02
1.705744394031934519e+02 1.843411700549690124e+02 1.768348093534595478e+02
1.705909999127475771e+02 1.842802329639647496e+02 1.768115914841636993e+02
1.706287409475612833e+02 1.842070325451531403e+02 1.768024779687636396e+02
1.707218174679347271e+02 1.842044455108629393e+02 1.768536122502399337e+02
1.708750458075211611e+02 1.842081799144926322e+02 1.768883343512782460e+02
1.708676468021987489e+02 1.841001963179478196e+02 1.768076345868597912e+02
1.705818645842422256e+02 1.837907163423784880e+02 1.765758441671756316e+02
