1.548022290827272229e+02 1.660022395479043382e+02 1.635584078977203433e+02
1.547150157849754919e+02 1.658785516194861600e+02 1.634857970104477261e+02
1.547019691974953446e+02 1.658628678073709750e+02 1.634707480857446740e+02
1.547208414002406869e+02 1.658612631468787697e+02 1.634879737672893327e+02
1.545935883348159052e+02 1.657854150314827280e+02 1.632168175396368497e+02
1.544543212460537518e+02 1.658335304275024953e+02 1.629025796661608467e+02
1.542003872115535614e+02 1.660107128529816976e+02 1.623222995482531985e+02
1.541053354961366040e+02 1.662386513875080709e+02 1.620082395827882635e+02
1.539297158704411004e+02 1.664323827464113208e+02 1.614968970749829964e+02
1.538071337624055843e+02 1.665574451014250030e+02 1.612043256065442165e+02
1.538622085012122227e+02 1.666316362304432062e+02 1.611648928191442849e+02
1.538993633683916755e+02 1.666976261489892295e+02 1.611564055604974328e+02
1.538127012366350925e+02 1.666198943017110423e+02 1.609911499485462230e+02
1.537122215826836111e+02 1.665655451485183107e+02 1.607568555631137315e+02
1.537793138332199590e+02 1.665983604555840429e+02 1.607057750335757760e+02
1.538549386915040316e+02 1.666709573892871390e+02 1.606916993703451624e+02
1.538518200687213380e+02 1.667137041494427194e+02 1.607128634468805046e+02
1.539660753841592111e+02 1.668203896534282080e+02 1.608996424397816156e+02
1.541918232082744566e+02 1.670377513822754736e+02 1.612021244309559904e+02
1.543568764934679791e+02 1.672071860882912233e+02 1.613884010953551922e+02
1.544457991034831537e+02 1.673431601346519528e+02 1.615596916261141018e+02
1.545228576910330958e+02 1.674548654352641677e+02 1.616504735492648308e+02
1.546227408298885564e+02 1.676295466834109504e+02 1.617446147942720529e+02
1.545979034761830064e+02 1.676755585788289409e+02 1.617797010447735033e+02
1.544629061796870815e+02 1.676098616852423504e+02 1.616489386566200892e+02
1.543561055587532564e+02 1.675400798841853600e+02 1.615457241030471209e+02
1.542991017389635999e+02 1.674920551863673666e+02 1.614905761080006243e+02
1.542372106814574408e+02 1.674376851028203532e+02 1.614412921005354633e+02
1.541224704794795457e+02 1.672846632829260614e+02 1.612840214187291679e+02
1.539573857987546432e+02 1.670523572811469819e+02 1.610824760609073394e+02
1.539092529607730171e+02 1.669339472903912167e+02 1.610536410095407405e+02
1.538758202082570108e+02 1.668423490834248923e+02 1.610182408037256039e+02
1.538695376135907793e+02 1.667835871138785819e+02 1.609422112919261281e+02
1.538250745643869948e+02 1.667262379432438593e+02 1.609112901819196679e+02
1.538184605724451899e+02 1.666668515514625142e+02 1.608741108959935673e+02
1.537231297856382923e+02 1.665346624108279627e+02 1.608123314670434070e+02
1.537180960354420733e+02 1.665164634678108655e+02 1.607690928435630440e+02
1.538465595730207838e+02 1.666913644846772229e+02 1.608596026721085650e+02
1.539025622241989879e+02 1.668061953848568919e+02 1.609034099035459633e+02
1.536912354141593937e+02 1.666161617218704691e+02 1.606746132244954879e+02
1.535379833603683721e+02 1.664498212198908220e+02 1.604570421921057743e+02
1.535829731568206853e+02 1.665217553590427713e+02 1.605054575898697067e+02
1.536641306054104916e+02 1.666522316990215131e+02 1.606387665044564130e+02
1.537369473078331907e+02 1.667443113041354934e+02 1.607538555456717688e+02
1.538472363211413949e+02 1.668938307780859134e+02 1.608608864005023236e+02
1.539250135175204548e+02 1.670654108454118898e+02 1.610666317827429168e+02
1.539146529921685556e+02 1.670841783963860223e+02 1.610377688242373608e+02
1.537661730591457001e+02 1.671148762492805133e+02 1.610279245809568636e+02
1.539283484206303569e+02 1.673713916941377704e+02 1.613806847714230912e+02
1.543254356129977509e+02 1.679046238640922297e+02 1.619098913365775445e+02
1.545004517468124732e+02 1.681366403293042424e+02 1.620645980499886605e+02
1.542979401043029384e+02 1.680236338583363818e+02 1.619010517503008657e+02
1.540974726597247582e+02 1.678215198925575180e+02 1.616934819388484925e+02
1.541685800498840138e+02 1.678700643608393079e+02 1.617196204629096599e+02
1.542400188373188143e+02 1.679055029389705851e+02 1.617814626829225801e+02
1.542004360490468002e+02 1.678740132210070897e+02 1.617175867301554035e+02
1.542270873667870035e+02 1.678286641201402460e+02 1.617045820033837344e+02
1.543202588387141816e+02 1.678597561613730420e+02 1.617609439589764975e+02
1.543113913452985173e+02 1.677996511607625507e+02 1.616759876510909919e+02
1.541963930022849070e+02 1.675723823975720848e+02 1.615214309385519584e+02
1.540650864249210770e+02 1.672381699893604150e+02 1.612265536427537427e+02
1.540924075139971876e+02 1.672076535328693865e+02 1.611798824411769715e+02
1.540282420246629442e+02 1.671681928383304694e+02 1.610974587061552654e+02
1.539852127047250292e+02 1.671310728550747342e+02 1.610749481101634331e+02
1.539436589747614903e+02 1.670881028378071846e+02 1.610080965587009132e+02
1.539508590166221893e+02 1.671491915650672411e+02 1.610852667748068257e+02
1.540142186873179355e+02 1.672606701201751207e+02 1.611748940400816252e+02
1.541229588544119338e+02 1.674051453787521950e+02 1.612921737917080804e+02
1.541391833673451686e+02 1.675235728114698475e+02 1.613015645439799073e+02
1.540410444246768975e+02 1.675656881726056611e+02 1.613487590044128126e+02
1.539826173407984982e+02 1.676471525997244214e+02 1.613934767062599178e+02
1.540443758393944051e+02 1.677789719707672589e+02 1.614913540195001076e+02
1.544021488497026269e+02 1.680060139884534181e+02 1.617047843301414503e+02
1.546034325780963741e+02 1.680897458706155305e+02 1.618352571817277976e+02
1.546663771300995904e+02 1.681045994453455990e+02 1.618359339298484372e+02
1.547248146791551164e+02 1.681532136814748810e+02 1.618368897493590168e+02
1.548155198576735927e+02 1.682129279821394334e+02 1.619015017529171701e+02
1.547919139064761964e+02 1.682513944848516587e+02 1.619539043831650247e+02
1.547183925487939007e+02 1.682363595137180994e+02 1.619060645701428598e+02
1.547888022604782634e+02 1.682821481520241491e+02 1.619463624788516256e+02
1.548446758411386099e+02 1.683971360298606328e+02 1.620286710969249953e+02
1.548745888057488571e+02 1.684591701114541422e+02 1.621133518218129268e+02
1.548464932935656577e+02 1.685129750754364863e+02 1.621852894493572705e+02
1.548823609439589859e+02 1.685945755498578364e+02 1.623588858074756160e+02
1.548093523799556976e+02 1.685776533584497656e+02 1.623170634712992637e+02
1.545662288734236824e+02 1.683345821778033553e+02 1.621433659498020461e+02
1.544564247466555003e+02 1.681413147750859025e+02 1.619821498962203350e+02
1.543454380548724032e+02 1.680114942528735753e+02 1.618455514276245708e+02
1.540666875970209162e+02 1.677222367571904442e+02 1.615247170041686218e+02
1.538789806917482110e+02 1.674988749934592533e+02 1.613138820574538101e+02
1.538718120454188636e+02 1.674386792946470734e+02 1.612175501020354886e+02
1.538054942179896329e+02 1.673453334031011934e+02 1.611298205222123272e+02
1.537381438264175983e+02 1.672743236879284154e+02 1.610623654788690544e+02
1.537616625678056153e+02 1.672453177053355091e+02 1.610736050790993090e+02
1.536952854377060191e+02 1.671361938150803326e+02 1.609460555003226716e+02
1.535607590741806519e+02 1.669416043116529806e+02 1.607191913906476088e+02
1.535410950063663051e+02 1.669077285333054306e+02 1.606653131704254065e+02
1.535666230617619874e+02 1.669711684370257956e+02 1.607412554724155314e+02
1.535252018907086722e+02 1.669179634765318383e+02 1.606814330315874031e+02
1.533631311809952251e+02 1.668023721068145733e+02 1.605687684230722141e+02
1.532198384874330657e+02 1.666761236983935817e+02 1.604177803359321786e+02
1.530008581445241020e+02 1.665085483055134148e+02 1.602438211850068797e+02
1.527325763521880901e+02 1.664539724068163196e+02 1.601061203844208478e+02
1.527331484485374915e+02 1.664937889173774295e+02 1.600942807807022064e+02
1.528788620864074801e+02 1.667690195873231858e+02 1.602829435054854912e+02
1.529762754434618728e+02 1.669738405455845793e+02 1.604513037866499303e+02
1.529213367519578526e+02 1.669839394415083689e+02 1.604337676381839515e+02
1.528280815586137180e+02 1.668246140965935922e+02 1.603310379711510052e+02
1.527696509863429526e+02 1.667668602724434379e+02 1.603152564840493142e+02
1.526188094116826335e+02 1.666616538468246915e+02 1.602134442642108354e+02
1.524067570160291609e+02 1.665345368287024996e+02 1.600813039610695512e+02
1.523156123000715070e+02 1.664512898330804376e+02 1.600236896726143812e+02
1.522866412014023467e+02 1.664397955802068623e+02 1.599085169099820405e+02
1.522792806934924101e+02 1.664125093750544977e+02 1.598096349397380322e+02
1.523262518968133463e+02 1.664336106605271084e+02 1.598489107494810924e+02
1.524065267821324596e+02 1.664446688643538721e+02 1.598558805574450901e+02
1.524081628381560449e+02 1.663662672457398060e+02 1.598170024244327010e+02
1.526092372630073442e+02 1.662749795056948017e+02 1.597971848673538773e+02
1.528375944046186419e+02 1.661572183559206621e+02 1.597841313030889694e+02
1.529248495630788511e+02 1.660334467060854990e+02 1.597357926499572613e+02
1.528865156192768495e+02 1.659627265274798162e+02 1.597479427205972229e+02
1.531539043831650133e+02 1.662418572201001155e+02 1.599966790504595906e+02
1.531895976139396112e+02 1.665288263303856411e+02 1.601639858371269725e+02
1.529503915720440261e+02 1.665780405700033100e+02 1.600685992360420755e+02
1.527535171716114633e+02 1.665048994470897981e+02 1.599603300019186065e+02
1.526473863220134888e+02 1.664526851900301665e+02 1.598825458287548145e+02
1.525654439851394386e+02 1.664137756614863974e+02 1.598045104913400678e+02
1.525301588962726669e+02 1.664080791167390601e+02 1.597542950831109465e+02
1.525463624788516199e+02 1.664246943296182053e+02 1.597349728777492999e+02
1.525111262274780586e+02 1.663988348769469496e+02 1.596429386217361639e+02
1.524566131198437233e+02 1.663914499502904221e+02 1.595985278984180127e+02
1.525608707027366506e+02 1.665146146198524377e+02 1.596899412205884801e+02
1.529303577346379939e+02 1.668435804859330460e+02 1.600009872150419596e+02
1.532651527043761917e+02 1.671742731062389851e+02 1.603612404723283191e+02
1.534698236617654743e+02 1.674028255978232380e+02 1.606017337310100572e+02
1.536129070517851858e+02 1.675494392409258069e+02 1.607347042715364580e+02
1.537042959552090338e+02 1.676757260216629106e+02 1.609011598904644700e+02
1.537212460537561185e+02 1.676754225315263511e+02 1.608640189768545099e+02
1.536861842220012875e+02 1.676472119023947869e+02 1.608499084297001787e+02
1.538718155338112297e+02 1.678497130797271950e+02 1.610860586398758016e+02
1.541519683253972346e+02 1.680968517258821180e+02 1.613854324734446095e+02
1.542334885667939943e+02 1.681926464688748126e+02 1.615078506270385219e+02
1.542600910470409588e+02 1.681296530793783575e+02 1.613592590654596961e+02
1.543358031151343823e+02 1.681024715259972311e+02 1.612428200163954557e+02
1.544510875063227218e+02 1.680493502869202587e+02 1.611658032895540202e+02
1.543931208902377250e+02 1.678982924319327310e+02 1.610419409415171117e+02
1.542927284460956230e+02 1.677070762039314218e+02 1.608893761010238563e+02
1.541860185233635150e+02 1.676414316362304362e+02 1.609413601241867582e+02
1.542253466589922084e+02 1.675989569706800637e+02 1.610395095320321559e+02
1.541139867092250597e+02 1.675345856661957384e+02 1.610558421851289950e+02
1.540865365496310915e+02 1.675746568294001690e+02 1.611690649364240357e+02
1.543392705771545081e+02 1.678498142431060671e+02 1.614088849353775288e+02
1.545290530758899763e+02 1.680244222350129917e+02 1.615490206338408825e+02
1.545454450316571524e+02 1.680697887778417225e+02 1.615435403694207537e+02
1.546474979505694876e+02 1.681699649416566444e+02 1.615820278024872323e+02
1.547642300245931608e+02 1.682500898261036468e+02 1.616093070308548363e+02
1.547729161216053626e+02 1.682742853156123033e+02 1.616734934505433046e+02
1.548322118151849622e+02 1.683310554131128640e+02 1.617056878237664250e+02
1.549345124099558859e+02 1.683915999511625046e+02 1.618840179303367961e+02
1.549169657963127804e+02 1.683636230443200361e+02 1.619801719777440496e+02
1.548976505677358659e+02 1.683776568468421431e+02 1.620888144698515703e+02
1.549480369071913231e+02 1.684731620532677425e+02 1.621468962028849035e+02
1.550174280083023746e+02 1.686485444682817842e+02 1.622999110459944632e+02
1.550832190884830766e+02 1.688967924232117639e+02 1.625033959499764649e+02
1.551446322362339174e+02 1.690885423752463623e+02 1.626424781539427613e+02
1.550195629044355030e+02 1.690655085203983674e+02 1.626363978860342172e+02
1.548423839673486384e+02 1.689944883400484912e+02 1.625161564892819115e+02
1.549602776760330016e+02 1.690086721434426806e+02 1.624060070116686632e+02
1.551688835400205733e+02 1.691501194774388352e+02 1.624567631207158058e+02
1.554572270769016029e+02 1.693572671934139180e+02 1.626418153593916145e+02
1.556883156297420214e+02 1.695333124029790781e+02 1.628145396194163936e+02
1.557237053703800598e+02 1.695430694364502244e+02 1.627982383618509346e+02
1.556304327350740380e+02 1.694418083826068653e+02 1.627734219384996379e+02
1.555317914639038577e+02 1.692997575567299862e+02 1.627072855074738698e+02
1.554366664922470420e+02 1.691419950115989081e+02 1.626444281652800328e+02
1.550890447037482716e+02 1.686871749254356132e+02 1.622827307135506487e+02
1.547532520537910159e+02 1.683350740411281379e+02 1.619384542933389071e+02
1.549317147192716106e+02 1.682780109186681443e+02 1.619074948110163348e+02
1.552363804440723527e+02 1.683900894772644108e+02 1.620635236251373499e+02
1.554154500898260949e+02 1.684707166902133224e+02 1.622072139954302088e+02
1.556940331048436406e+02 1.685166169570753425e+02 1.622517991383670903e+02
1.556538607782603378e+02 1.684937121727451768e+02 1.622211989604590769e+02
1.554671550415990851e+02 1.683465089913313477e+02 1.620146512479723810e+02
1.550698341269425953e+02 1.680502049430519946e+02 1.616252768911447220e+02
1.549039366507944919e+02 1.678825423403624484e+02 1.614364746306664529e+02
1.550139814766365021e+02 1.680091012157047317e+02 1.615337449636335236e+02
1.551199483717928729e+02 1.681178309176216032e+02 1.615965918406502340e+02
1.551925592590654617e+02 1.681946976435909562e+02 1.616615143111297073e+02
1.553845115378577759e+02 1.684272896935447363e+02 1.619886801667451550e+02
1.556018767550974076e+02 1.686892505188983762e+02 1.622179442903737936e+02
1.554763260251513088e+02 1.686073046936319315e+02 1.621405717475101653e+02
1.552384385955732284e+02 1.684235989744126414e+02 1.619435578113826182e+02
1.552987424345490410e+02 1.685236007186088329e+02 1.620969738196152434e+02
1.554017755917185468e+02 1.686334013569846206e+02 1.621421659428252440e+02
1.551595765091657597e+02 1.683920604189559356e+02 1.619671812045418733e+02
1.550664120140233422e+02 1.683437775801021985e+02 1.618871365531194897e+02
1.550326548410165231e+02 1.683479183018505978e+02 1.618338443828161815e+02
1.547978999877906290e+02 1.682706050616573350e+02 1.617116390211571115e+02
1.546846353757870816e+02 1.682224826888528355e+02 1.616248234001360515e+02
1.546869551567160386e+02 1.682746829923429743e+02 1.616466572480072443e+02
1.546857551497392365e+02 1.683189437147890430e+02 1.617074529503078395e+02
1.546060907330856651e+02 1.682700678492316797e+02 1.617062564317234319e+02
1.547266949226448958e+02 1.682033523450717780e+02 1.616596898819179273e+02
1.548586538293827175e+02 1.682030802504665701e+02 1.617149495055203943e+02
1.549048401444194383e+02 1.681364589329007799e+02 1.616898051732858903e+02
1.547322484433049112e+02 1.678998622085012187e+02 1.614855074738806593e+02
1.546112151814836011e+02 1.676627840859540015e+02 1.612618178012662895e+02
1.542970680062093436e+02 1.673630649015401275e+02 1.608829121099541339e+02
1.538492735422880457e+02 1.670040849074703999e+02 1.604287269112029719e+02
1.535527811208204696e+02 1.667846859574764835e+02 1.601433485078401588e+02
1.536833097866848163e+02 1.669564892819144291e+02 1.602555003226762835e+02
1.540119651858441046e+02 1.673138122896063464e+02 1.606069139936860211e+02
1.541294158686969240e+02 1.674002372106814676e+02 1.606862365478868924e+02
1.541069017843126971e+02 1.672262989901103936e+02 1.605530950761341558e+02
1.541849127029808244e+02 1.672344025255960673e+02 1.605342333385659117e+02
1.541752952052046908e+02 1.672018941970592891e+02 1.605023250135175203e+02
1.541063715486718024e+02 1.672209338426386296e+02 1.605488113302984345e+02
1.543289274937644961e+02 1.674629131564718421e+02 1.607933336821725732e+02
1.546769155634625861e+02 1.678903388973191682e+02 1.612673573683567838e+02
1.548414316362304533e+02 1.681192437165332478e+02 1.614732318211152347e+02
1.547911813440775859e+02 1.680781958034639842e+02 1.614197094169152251e+02
1.547591962743969418e+02 1.680784085953987983e+02 1.613791917394868562e+02
1.547235169971918367e+02 1.680637085099332069e+02 1.613405822126872806e+02
1.546234106012244354e+02 1.679911115762300824e+02 1.612352432281583106e+02
1.544793923220483975e+02 1.678957005563985945e+02 1.610601294193570823e+02
1.543848847958418276e+02 1.677952488095860986e+02 1.609065634102523745e+02
1.541896499398252445e+02 1.676206861667800467e+02 1.606400746515968194e+02
1.540491340065930501e+02 1.674262885249332840e+02 1.605022447804929016e+02
1.541378961505590155e+02 1.673827708300629524e+02 1.605411891929604167e+02
1.542793120890237617e+02 1.674343815952418311e+02 1.606621666405037274e+02
1.542007500043604864e+02 1.672846214222175831e+02 1.605458531735649501e+02
1.540376432421118693e+02 1.669763626532712522e+02 1.603215495438927007e+02
1.539038773481241265e+02 1.667423194320897153e+02 1.601344600840702697e+02
1.538911691347042847e+02 1.665816266373641668e+02 1.600224652468909596e+02
1.537994174384734833e+02 1.663288926098407501e+02 1.598365548636910773e+02
1.535146285734219305e+02 1.659076657422426990e+02 1.594569026564107901e+02
1.534376641724661283e+02 1.657926220501281875e+02 1.593088657492194784e+02
1.534711004133745007e+02 1.657916348350862563e+02 1.593432089721451916e+02
1.535214169849824657e+02 1.658514189035982724e+02 1.593697835452531706e+02
1.537780231280414398e+02 1.661062808504700570e+02 1.596377827778068479e+02
1.543351752045070100e+02 1.667290600526747255e+02 1.602066349222960469e+02
1.544185512706469297e+02 1.668378385920848359e+02 1.603241623497810906e+02
1.544619852441002479e+02 1.668125477473706155e+02 1.603098843597927896e+02
1.545446252594491909e+02 1.667880313257635123e+02 1.603442799086041077e+02
1.546215094273804027e+02 1.668166780039418882e+02 1.603871173669614336e+02
1.547363752114837894e+02 1.668622852458444470e+02 1.604303978511503033e+02
1.548881202797690548e+02 1.669510299478485251e+02 1.605032250187501006e+02
1.548992587166204373e+02 1.670118640224652609e+02 1.605229100169187006e+02
1.547872778330106485e+02 1.669498020337327659e+02 1.603899359879999338e+02
1.546837737428705850e+02 1.668117907662253856e+02 1.602112675073692287e+02
1.545941255472415605e+02 1.667762405595381381e+02 1.600853225890848250e+02
1.543690056337536873e+02 1.666186977831266347e+02 1.599219332670538734e+02
1.539366159105576060e+02 1.665239216507072797e+02 1.597270298083128353e+02
1.537278774876598106e+02 1.664932865888755202e+02 1.596484363281181800e+02
1.535539532206582578e+02 1.664942354316013393e+02 1.596032965307937843e+02
1.534225105959918380e+02 1.665247449113076357e+02 1.596245547939232097e+02
1.533818568712608794e+02 1.666191617393124318e+02 1.596394118570456726e+02
1.534080721399542995e+02 1.666085116773934658e+02 1.595932639143250924e+02
1.532710550642736393e+02 1.664118291385414921e+02 1.594301955243925875e+02
1.530352327629811668e+02 1.661020319885580818e+02 1.591503985488287753e+02
1.528643747928767027e+02 1.657682940017093074e+02 1.589239146739225248e+02
1.526787330158896339e+02 1.655320077442310662e+02 1.587100099419182584e+02
1.524858493363333594e+02 1.652743446182826688e+02 1.584725655381717218e+02
1.525205413984965048e+02 1.651765405612823372e+02 1.584046988645282852e+02
1.528122198384874366e+02 1.653496834283920123e+02 1.586444142117105400e+02
1.531839464182931181e+02 1.655472066698062292e+02 1.589231821115239143e+02
1.531431043203739648e+02 1.654599340693841327e+02 1.588703190134826286e+02
1.530238222315246048e+02 1.653260565468403911e+02 1.587691486578410434e+02
1.530265048052604868e+02 1.653651823557113687e+02 1.587357821847801347e+02
1.530345560148605557e+02 1.654020302443618959e+02 1.587749568311443795e+02
1.530487467950395057e+02 1.654181466171314980e+02 1.587803150018314113e+02
1.532321943732231091e+02 1.656146128756562632e+02 1.589618579177785875e+02
1.534279943488043614e+02 1.658329618195454600e+02 1.592025674567875342e+02
1.534807248879353949e+02 1.658772678910924014e+02 1.593254565433520042e+02
1.535223414089616938e+02 1.659293321472799221e+02 1.593633056006139554e+02
1.536337885685381934e+02 1.660818307083180798e+02 1.595162297455217697e+02
1.537757870685294677e+02 1.662593480194652216e+02 1.596868609701219270e+02
1.535556416025674480e+02 1.662292780771981313e+02 1.596566724225140774e+02
1.534451886348176401e+02 1.662118396037186301e+02 1.596624875726021742e+02
1.535054122407688340e+02 1.663751800882563145e+02 1.597936720562328787e+02
1.536935307763417313e+02 1.666948668306210948e+02 1.600401234890900639e+02
1.538293234262989984e+02 1.668719620462909745e+02 1.602712399490694679e+02
1.538895540090349243e+02 1.669813371007971057e+02 1.603631660649189712e+02
1.539274414386130161e+02 1.671469066680620301e+02 1.604586817365217257e+02
1.540551584602235948e+02 1.673355379973139350e+02 1.606283466764341767e+02
1.539226414107058645e+02 1.671965255611951306e+02 1.605728603073273746e+02
1.536691608672143445e+02 1.669081401636055944e+02 1.602982121989081463e+02
1.535961732335653096e+02 1.668322641410705955e+02 1.602742015941953184e+02
1.537633649032843266e+02 1.669439066506200504e+02 1.603958139291507621e+02
1.537772347513648299e+02 1.668903528508886609e+02 1.603669091099366995e+02
1.535383635951371843e+02 1.665891650532851997e+02 1.600947586904574962e+02
1.534312804144210247e+02 1.664127117018122135e+02 1.599952767167251011e+02
1.535059145692707432e+02 1.664701969197495259e+02 1.600526572828911753e+02
1.535668742260129420e+02 1.666205710498316819e+02 1.601883871417857108e+02
1.536788620864074915e+02 1.668139151971813874e+02 1.603799312786702274e+02
1.538592712748329916e+02 1.670542270594596346e+02 1.606077686498177286e+02
1.540991470880644556e+02 1.672166256780562605e+02 1.607916766957947345e+02
1.542168349815987369e+02 1.673027715277414416e+02 1.608518130919365774e+02
1.541015784975494114e+02 1.671112727399577977e+02 1.605410636108349536e+02
1.537049552613677861e+02 1.666171838208361748e+02 1.599795789510404234e+02
1.533892906354106742e+02 1.662593026703643488e+02 1.595739172902167979e+02
1.536814818690806419e+02 1.665698288943540319e+02 1.598962203268623625e+02
1.540117803010482760e+02 1.670384141768266204e+02 1.602898784295257428e+02
1.543030331571695228e+02 1.674541119425113038e+02 1.606814086128407837e+02
1.547740463607346442e+02 1.680382885947011289e+02 1.612315455322414550e+02
1.549970453316589101e+02 1.684033069959708939e+02 1.615779708021558179e+02
1.548508677376031244e+02 1.683125948406676855e+02 1.614566026546665967e+02
1.546117768126558758e+02 1.680336246140965955e+02 1.612371095180785971e+02
1.545033296705213388e+02 1.679475659742207938e+02 1.612109954127640208e+02
1.546984947586904582e+02 1.681627893185425364e+02 1.614504421537334622e+02
1.550533863568974198e+02 1.685210402386060480e+02 1.618771702161058954e+02
1.553576823121064763e+02 1.688181535939162359e+02 1.621980185931313656e+02
1.553949243890952800e+02 1.691218425688521450e+02 1.625364798632550105e+02
1.553638602550014696e+02 1.692226536200791998e+02 1.626444386304571594e+02
1.551150681108611025e+02 1.689884708632027071e+02 1.624747108994819769e+02
1.548150279943488101e+02 1.687248844470026086e+02 1.622581026633875751e+02
1.548729562381176663e+02 1.687453054959621852e+02 1.623403240716515654e+02
1.553603823278042455e+02 1.690052465421310615e+02 1.626908621561753137e+02
1.557086843528159932e+02 1.692251408438421265e+02 1.629326007709347266e+02
1.558697190099942418e+02 1.692169884708632139e+02 1.629891790068546982e+02
1.559755428810632623e+02 1.691335600788376610e+02 1.629618579177785875e+02
1.558130954249733975e+02 1.688025988523189085e+02 1.627493590079012051e+02
1.552807597718591524e+02 1.682939633369961427e+02 1.621314042523503076e+02
1.548637189751103165e+02 1.679339158948598651e+02 1.616467374810318631e+02
1.547790173198681316e+02 1.678991052273559603e+02 1.615423264088744588e+02
1.546818934993808057e+02 1.678640608375630165e+02 1.614883051645649061e+02
1.546145814801248832e+02 1.678351560183489539e+02 1.614356234629271114e+02
1.549576578933598512e+02 1.680542828737376340e+02 1.616298711039017633e+02
1.549970976575445150e+02 1.680060174768457841e+02 1.615500985470845876e+02
1.543512706469223588e+02 1.673438996738353239e+02 1.608655922418153636e+02
1.538215303577346447e+02 1.667430868784120719e+02 1.602778469642265406e+02
1.537654649154936806e+02 1.666765632358327593e+02 1.601672579491741146e+02
1.537319658835225766e+02 1.666594875551602115e+02 1.601334379851045639e+02
1.536156628817609544e+02 1.665968220745469353e+02 1.600613712870423626e+02
1.536986098756388230e+02 1.667809882615596564e+02 1.601878289990058022e+02
1.540322466991087254e+02 1.672176512654143323e+02 1.605650707271553870e+02
1.541679835347879930e+02 1.673915301833150124e+02 1.607434845551427713e+02
1.540088081907452988e+02 1.673101738963598564e+02 1.606506165733521811e+02
1.537346972947517258e+02 1.670928400746516047e+02 1.604370362618387276e+02
1.534254234036244497e+02 1.667666056198001172e+02 1.601052587515043797e+02
1.531710289013308284e+02 1.665298833132750644e+02 1.598563933511241260e+02
1.531849510752969366e+02 1.666151361345123973e+02 1.599463659672439917e+02
1.533563078855109723e+02 1.668372141698498297e+02 1.601444054907296106e+02
1.533679346972947428e+02 1.668295990092965724e+02 1.601609544241536298e+02
1.530782551061343497e+02 1.665050843318856550e+02 1.598989901104076239e+02
1.528760085814452339e+02 1.661914604154675317e+02 1.596236687422601221e+02
1.525932569375403318e+02 1.658121570474247051e+02 1.593007343065948191e+02
1.523246646782829998e+02 1.654214431479252880e+02 1.589159750928784547e+02
1.523272844609561787e+02 1.653724975145204326e+02 1.587495613346589209e+02
1.524065512008790790e+02 1.654225664102698374e+02 1.587985348752027619e+02
1.524513107634346625e+02 1.654333804266303787e+02 1.588175012645422441e+02
1.525211832626933983e+02 1.654456979401043100e+02 1.588116268117837819e+02
1.526561910243664215e+02 1.655331379833603762e+02 1.589057506148291452e+02
1.524796679050459716e+02 1.654264036418816488e+02 1.586959482322571660e+02
1.521822580363839279e+02 1.652114314618108324e+02 1.584115919278600586e+02
1.521350252036349104e+02 1.652373292867981718e+02 1.583510404130256575e+02
1.522802923272809608e+02 1.653414682643503681e+02 1.584371444020023318e+02
1.521764359095110990e+02 1.652047163064901554e+02 1.583965534683341048e+02
1.521977360333490310e+02 1.651932185652242140e+02 1.584407793068564274e+02
1.525192960424188584e+02 1.654860063139902024e+02 1.587686812132628802e+02
1.528549979941743970e+02 1.657821917569288246e+02 1.591791952278792337e+02
1.527729440287443481e+02 1.657476566724225222e+02 1.591006715155320705e+02
1.527716847190972089e+02 1.657540369420752313e+02 1.590324001883732024e+02
1.529857778242896700e+02 1.660145745033401283e+02 1.592597980220815259e+02
1.531023250135175147e+02 1.661731149599706896e+02 1.593636195559276416e+02
1.531372787051087414e+02 1.662645108401792982e+02 1.594199222088500392e+02
1.536639457206146631e+02 1.669068250396804558e+02 1.600219454764271916e+02
1.542662794551131071e+02 1.677485810964017219e+02 1.608322885598172149e+02
1.543516439049064104e+02 1.680170721922801818e+02 1.610937121727451995e+02
1.542509375054506222e+02 1.680500898261036298e+02 1.610833969964941730e+02
1.540742155477648225e+02 1.678271536462421238e+02 1.608939493834266443e+02
1.536756283466764330e+02 1.673806010500061063e+02 1.604633596706957519e+02
1.530796888354002192e+02 1.668295222646643197e+02 1.600247466555038045e+02
1.529384438281617804e+02 1.666106116896028482e+02 1.597785673172518557e+02
1.529844243280484193e+02 1.666131686812132671e+02 1.597977151029947720e+02
1.529126960040465235e+02 1.665085169099820348e+02 1.596882284199326705e+02
1.527977185913871665e+02 1.663530253082866750e+02 1.595991244135140334e+02
1.530054035197879045e+02 1.663210367502136648e+02 1.596276559747440444e+02
1.530902307571555525e+02 1.662970191687161048e+02 1.596361432333908965e+02
1.530785097587776704e+02 1.661606788411560558e+02 1.595574939389182418e+02
1.530508468072488881e+02 1.660352083442345474e+02 1.594293792405769921e+02
1.530230024593166149e+02 1.659656079395810480e+02 1.593413182634782856e+02
1.528741562450944400e+02 1.658915528578654630e+02 1.591930301920359909e+02
1.528094081942336970e+02 1.658069767847487412e+02 1.591228402490712028e+02
1.527740149652032926e+02 1.657128111209948997e+02 1.590925958871853823e+02
1.527239111855301417e+02 1.656690143547346281e+02 1.590706364571886979e+02
1.527991174367292899e+02 1.657426438525805281e+02 1.590716306490153897e+02
1.530419758254408578e+02 1.659826068756213715e+02 1.593056703818045321e+02
1.532730678666736424e+02 1.662544503165716208e+02 1.595875673695777266e+02
1.533145832243210691e+02 1.663765335844975937e+02 1.596951598555805560e+02
1.532014721015819987e+02 1.663055831719951811e+02 1.596393769731219265e+02
1.532719236739748396e+02 1.663810929133308889e+02 1.597320879772556736e+02
1.533240123489090081e+02 1.666859993372054589e+02 1.599042331641462908e+02
1.534043046761899802e+02 1.669491322623968870e+02 1.600745050843318893e+02
1.533910034360664838e+02 1.670536758934644865e+02 1.601162855597997634e+02
1.532981598730225130e+02 1.670783492927284328e+02 1.600794167407950113e+02
1.532524200722097305e+02 1.670984075488810845e+02 1.600423525718172755e+02
1.531667312019255860e+02 1.671301588962726612e+02 1.600574573107983269e+02
1.532308792492979705e+02 1.672594003453508549e+02 1.602013953569497460e+02
1.534148291559834547e+02 1.674800900005232620e+02 1.603739661277100481e+02
1.534579770812621007e+02 1.675412938447316549e+02 1.604174384734795069e+02
1.533695079622555966e+02 1.674092128442607361e+02 1.603231332740306527e+02
1.533648614236129220e+02 1.672766539340344991e+02 1.602752725306542345e+02
1.533718068128303003e+02 1.672030174594038385e+02 1.603227774580084883e+02
1.532997540683376201e+02 1.670248547956674088e+02 1.602514642526991508e+02
1.532255768928889097e+02 1.668283815603579114e+02 1.600994889505171557e+02
1.531972441700242484e+02 1.667195437182774356e+02 1.600665375961488053e+02
1.531189785987127721e+02 1.666146965970732481e+02 1.600469956220675840e+02
1.530406711666928175e+02 1.664978982435944488e+02 1.600062093384263733e+02
1.531691800533724006e+02 1.665606718643713009e+02 1.600921668149233312e+02
1.533144088047023388e+02 1.666918075105087951e+02 1.602326583294088778e+02
1.533257251495648177e+02 1.667165890499363456e+02 1.602584201070936558e+02
1.533939022901296028e+02 1.667163588160396159e+02 1.601980220815237317e+02
1.534507107599462756e+02 1.668006697713358903e+02 1.601907557602079066e+02
1.535768405630265363e+02 1.669142832225768700e+02 1.602934226361781214e+02
1.536360664887586438e+02 1.669671253902639023e+02 1.603239042087454038e+02
1.536651213088448173e+02 1.669709172727748410e+02 1.602654492177280190e+02
1.538096419165227644e+02 1.671277867894580709e+02 1.603561090471456225e+02
1.538462351525299425e+02 1.671628451328205358e+02 1.604044232815307112e+02
1.537071006226780412e+02 1.669549334589154626e+02 1.602697678474874863e+02
1.534681562102105374e+02 1.667065424798981326e+02 1.598981912685538873e+02
1.536056825911778674e+02 1.668727434461828238e+02 1.601062075942301988e+02
1.538633736242652503e+02 1.670777946383409187e+02 1.603389217379170759e+02
1.541002075593462735e+02 1.672500026162942675e+02 1.605039436275792184e+02
1.542431235065320152e+02 1.673438857202658028e+02 1.606458130570526635e+02
1.543285158634643324e+02 1.674658782899900586e+02 1.607469241100238833e+02
1.544969912615771079e+02 1.676145884569096438e+02 1.608707132018209336e+02
1.547365949802033640e+02 1.678336804283745778e+02 1.610849981685940122e+02
1.544783911534369452e+02 1.679682207454694378e+02 1.611940174070779506e+02
1.541240472328327371e+02 1.679425810615178136e+02 1.610831562974203450e+02
1.537022796644166647e+02 1.677282891179599744e+02 1.608294524968168560e+02
1.533487380740585593e+02 1.674632201350007961e+02 1.605432857167774330e+02
1.532623864092232964e+02 1.673122913505310976e+02 1.604408455863115535e+02
1.532214815202413831e+02 1.671593183681300445e+02 1.603599288367955751e+02
1.533135087994697585e+02 1.671033122285594743e+02 1.603992465072471418e+02
1.534694887760975348e+02 1.671260635236251346e+02 1.604754190431339680e+02
1.536093349379938218e+02 1.671597369752149689e+02 1.605896464514328557e+02
1.535096122651875987e+02 1.670150907854115303e+02 1.604760399769766082e+02
1.531342612457049199e+02 1.664479967906790137e+02 1.598817330333315851e+02
1.527518253013098786e+02 1.659651021226867726e+02 1.594018732667050529e+02
1.526479235344391441e+02 1.658453002633736162e+02 1.592968761446287544e+02
1.527950325292588900e+02 1.659798719759998562e+02 1.594147524113512304e+02
1.529954999738370702e+02 1.662845307240158377e+02 1.596283571416112750e+02
1.532443897929639149e+02 1.666186210384944104e+02 1.598652120070465514e+02
1.535972511468089863e+02 1.670312036697887663e+02 1.602481851638672197e+02
1.537255193344147415e+02 1.671092041232797953e+02 1.602997226728062401e+02
1.533816336141489103e+02 1.667521183262693398e+02 1.599143250832853766e+02
1.532240350234594359e+02 1.666301955243925761e+02 1.597858406153524129e+02
1.535114611131459981e+02 1.667939371740533261e+02 1.600105454101477278e+02
1.536432142047337379e+02 1.668758864877121368e+02 1.600821062913156538e+02
1.537508799469764256e+02 1.669095076134163662e+02 1.600803062808504649e+02
1.540398304641306026e+02 1.671865487590044097e+02 1.603566113756475318e+02
1.544217536148466081e+02 1.674402595363926594e+02 1.606249036331606703e+02
1.543852964261420198e+02 1.673846440967679996e+02 1.605765126541433290e+02
1.542624143163623103e+02 1.672383897580799896e+02 1.604123907697137668e+02
1.542682887691207441e+02 1.672601433729265921e+02 1.604329548427607222e+02
1.542350234594387075e+02 1.672773690544712508e+02 1.604392269722498270e+02
1.542136989168541561e+02 1.673132541468264378e+02 1.603579439415345576e+02
1.544061605009331402e+02 1.676149233425775833e+02 1.607182809202379019e+02
1.545912022744318222e+02 1.678873842289780782e+02 1.609734219384996550e+02
1.544995377880104002e+02 1.678172152163675435e+02 1.608886505154099780e+02
1.542476584166186910e+02 1.675785987127832186e+02 1.606670922505363421e+02
1.539371077738824170e+02 1.671788359234646748e+02 1.603533462403851217e+02
1.535014877993476716e+02 1.666299897092424942e+02 1.599515287879580683e+02
1.533822964087000571e+02 1.664481816754748706e+02 1.597586485967941599e+02
1.536388885981895385e+02 1.666186524340257904e+02 1.600323548392723296e+02
1.538836132768213645e+02 1.668378420804772020e+02 1.602235606020965122e+02
1.537090017965220738e+02 1.667325030959482319e+02 1.601127448415397794e+02
1.535774928924005280e+02 1.666146268292257560e+02 1.599723335600788516e+02
1.536566759109064719e+02 1.667287286553991521e+02 1.600471142274082865e+02
1.537612021000122127e+02 1.668400781399891741e+02 1.601414264036418729e+02
1.537092180768492824e+02 1.667625800150000828e+02 1.600478886505154037e+02
1.537038180454537439e+02 1.666761655591020883e+02 1.599458252664259703e+02
1.536833376938238018e+02 1.665739382205710513e+02 1.598331048436328103e+02
1.535331310065756156e+02 1.663643870022500266e+02 1.596442118849528242e+02
1.535410322153035736e+02 1.663479741161285688e+02 1.596179408019814048e+02
1.538921807684928353e+02 1.666920830935063691e+02 1.599772382397572130e+02
1.545644602584898735e+02 1.671832731585648730e+02 1.604642771178902194e+02
1.546876109744823964e+02 1.672087907487834286e+02 1.604447735161250819e+02
1.545642160710236794e+02 1.669287391205762958e+02 1.601925069331798568e+02
1.545879092320304267e+02 1.669713882057453702e+02 1.601241693265658625e+02
1.547401043029319965e+02 1.671145622939668272e+02 1.603137181030122349e+02
1.547450159593951184e+02 1.672678841156053124e+02 1.603672509723893711e+02
1.549901452915424045e+02 1.675288786562712460e+02 1.606066698062197986e+02
1.549832592049953917e+02 1.676704166884691176e+02 1.606861911987860481e+02
1.548630317618125787e+02 1.676442014197756976e+02 1.605641497915685534e+02
1.548888179582439477e+02 1.676986691783091885e+02 1.605820801283728372e+02
1.551634102523851766e+02 1.679078471386461615e+02 1.607493694730783318e+02
1.552509165750963689e+02 1.679381647567718403e+02 1.607472136465909784e+02
1.551969337031029283e+02 1.677768719585579049e+02 1.606201698847086448e+02
1.552103849440985073e+02 1.677383461531753142e+02 1.606058256152652177e+02
1.552588003418624396e+02 1.676406397711614602e+02 1.605787661556171884e+02
1.549613834964156638e+02 1.672924947238065272e+02 1.602569166099802942e+02
1.547532869377147620e+02 1.670429002494200574e+02 1.600250361920708713e+02
1.547407217483822706e+02 1.669821185006889550e+02 1.599608986098756418e+02
1.545781242914202949e+02 1.667790696457537649e+02 1.598149059006157131e+02
1.543540404304676201e+02 1.665046971203320822e+02 1.595825266425967470e+02
1.543665253867754927e+02 1.665461566637015380e+02 1.595954650899133185e+02
1.544468560863726054e+02 1.666612596584863866e+02 1.597068494584270866e+02
1.544630631573439246e+02 1.667051575881255019e+02 1.597877941150820504e+02
1.545740254303804022e+02 1.668213105890150416e+02 1.599332077512078456e+02
1.547380566166082474e+02 1.669801719777440496e+02 1.601381228960633507e+02
1.547324682120244859e+02 1.669609160518375006e+02 1.601637765335844961e+02
1.546583991767394082e+02 1.668684073744614693e+02 1.600503793626707250e+02
1.547453368914935652e+02 1.669504543631067577e+02 1.600996843004901109e+02
1.548897877313240201e+02 1.671020982680131794e+02 1.602915842533968203e+02
1.549857185216193045e+02 1.672968342839202478e+02 1.604502398269757464e+02
1.550700259885231844e+02 1.674545026424572143e+02 1.606653341007796598e+02
1.553348263652695778e+02 1.677659637556032237e+02 1.610288769120750771e+02
1.556745015959395175e+02 1.681312786702248161e+02 1.613661870127151872e+02
1.560847295623811704e+02 1.686992726701899414e+02 1.618683829557148499e+02
1.565507264577119599e+02 1.691880348141558841e+02 1.623988453421240763e+02
1.564959726510037967e+02 1.692643189785987090e+02 1.624611898906389058e+02
1.557577171960301996e+02 1.686311199483718042e+02 1.618085884220257071e+02
1.547483229553660067e+02 1.677374426595503394e+02 1.609172902168035932e+02
1.544751713672753795e+02 1.675368566096314566e+02 1.606833551357856607e+02
1.545459299181972028e+02 1.676378385920848473e+02 1.607801650009593004e+02
1.551199379066157462e+02 1.678658678248129377e+02 1.610821690823783854e+02
1.558522037918825163e+02 1.682369176564980080e+02 1.614890726108872627e+02
1.563600823260600237e+02 1.684593131355414926e+02 1.617671044599096604e+02
1.563744893865662107e+02 1.683539148483421286e+02 1.617460206163989369e+02
1.561343031064133982e+02 1.679358066035267711e+02 1.613837336263582927e+02
1.556553119494880661e+02 1.674284478398130318e+02 1.608753632288559743e+02
1.551688067953883490e+02 1.670394432525770583e+02 1.604110093663335306e+02
1.546807458182896369e+02 1.665786615038459502e+02 1.599206041895592421e+02
1.543656149163657858e+02 1.662597143006645410e+02 1.595809568660282878e+02
1.543779812673329559e+02 1.662729527497252775e+02 1.596091116808818526e+02
1.543599113948336878e+02 1.664848865400380191e+02 1.597503008738422920e+02
1.544395653463101610e+02 1.666941412450072448e+02 1.598802853504962229e+02
1.545368321908848372e+02 1.668380060349188057e+02 1.599886592363909017e+02
1.544395653463101610e+02 1.667941883383042807e+02 1.599438438595573189e+02
1.540526119337903026e+02 1.664116651840999168e+02 1.595898069174820648e+02
1.537025796661608581e+02 1.660687283065599331e+02 1.592525212355885742e+02
1.535978720806516264e+02 1.660273489962150961e+02 1.592252838679294769e+02
1.535450020058256086e+02 1.660273838801388422e+02 1.591902673852754901e+02
1.535069192262745617e+02 1.660342036872307290e+02 1.592111733207751172e+02
1.536120035581602110e+02 1.661867162018383794e+02 1.593560671864371443e+02
1.537745033401357091e+02 1.664231699021505904e+02 1.595302461060820178e+02
1.539014633806010579e+02 1.666062302687806209e+02 1.596833551357856607e+02
1.540435874627177952e+02 1.667869848080512156e+02 1.597973697521497343e+02
1.540638096733120506e+02 1.670188408072139907e+02 1.598576526607712935e+02
1.542497723823975662e+02 1.672148221791987055e+02 1.600689410984947472e+02
1.544074198105803077e+02 1.672252175884743508e+02 1.601782812690771323e+02
1.544081523729789183e+02 1.671250309594823307e+02 1.601420787330158930e+02
1.544535782184780146e+02 1.671277170216105787e+02 1.602148954354385921e+02
1.545036471142274195e+02 1.671634904854097954e+02 1.602413130308897280e+02
1.545300926168175408e+02 1.671868662027104904e+02 1.602995796487188898e+02
1.546012523328624013e+02 1.671900162210245355e+02 1.603524532119372736e+02
1.545785149913662337e+02 1.670844923516997085e+02 1.603637556032302598e+02
1.545847173530078749e+02 1.669612474491130740e+02 1.602972040535119334e+02
1.546058360804423160e+02 1.668941621753614868e+02 1.603318647201437273e+02
1.545777126611201311e+02 1.667509776219629316e+02 1.602783597579055765e+02
1.545212983796417348e+02 1.666296618003593153e+02 1.602349711335531026e+02
1.545136867074808436e+02 1.665275774859156286e+02 1.601505659916627451e+02
1.545194111593671948e+02 1.664376920796051138e+02 1.600994366246315508e+02
1.545704637817661649e+02 1.664291629602497551e+02 1.601031866464339828e+02
1.546397362775364854e+02 1.664802679085343584e+02 1.601277728358885781e+02
1.545841557218356002e+02 1.665199762789318640e+02 1.601560323025133812e+02
1.544302478502781923e+02 1.664548410165175483e+02 1.600305548288071407e+02
1.543164948633422284e+02 1.664714562293966935e+02 1.599386042942110180e+02
1.542647968883539988e+02 1.664721748382258113e+02 1.599167076552770652e+02
1.542224164093977379e+02 1.664048593305774943e+02 1.598867039924650726e+02
1.542900005232588683e+02 1.665714789039471100e+02 1.600213175657997908e+02
1.545126994924389123e+02 1.668919226274571486e+02 1.603668672492281928e+02
1.547451799138367221e+02 1.671311216925679730e+02 1.605661660823609509e+02
1.545799836045558493e+02 1.670296513351821943e+02 1.604251024715260030e+02
1.545480752795074295e+02 1.669992639492089950e+02 1.604193849964243839e+02
1.547889697033122332e+02 1.671781626637364297e+02 1.605059215460555038e+02
1.550616678003941900e+02 1.674128651910766905e+02 1.606622678038825711e+02
1.552641550241571053e+02 1.676142221757103243e+02 1.607961557916034394e+02
1.554509375054506108e+02 1.677817626846667736e+02 1.609559660230582665e+02
1.554994436014162886e+02 1.678256850330525083e+02 1.609551183437112911e+02
1.553602916296025001e+02 1.677777126611201197e+02 1.608888667957371865e+02
1.550526991435996820e+02 1.676402560480002819e+02 1.606997052308443585e+02
1.548575549857847875e+02 1.675643939790347758e+02 1.606338408944237983e+02
1.546790120872795740e+02 1.675097099401740763e+02 1.605224390839481714e+02
1.546025848987493987e+02 1.675162646294455158e+02 1.605160448607259411e+02
1.544182617340798629e+02 1.675839429299007577e+02 1.605595765091657370e+02
1.543168471909720267e+02 1.675964802120942636e+02 1.606322536758934518e+02
1.542718957668358541e+02 1.676084453979383682e+02 1.607227704812237334e+02
1.542100326164687090e+02 1.675696754050895549e+02 1.606930249594474276e+02
1.540332932168210220e+02 1.673588055744510257e+02 1.605364031186227862e+02
1.539212634957179944e+02 1.670891633090890025e+02 1.602834318804179077e+02
1.538202710480874771e+02 1.667655974744039327e+02 1.600558107895976150e+02
1.535000052325885633e+02 1.663571520764655531e+02 1.597042401409310628e+02
1.531695184274327062e+02 1.659271763207925687e+02 1.592806934924040263e+02
1.530087663300367922e+02 1.656719166971901132e+02 1.590221408264001468e+02
1.527111959953255678e+02 1.653282856295676027e+02 1.586563654439851518e+02
1.522302025011773310e+02 1.649198716271606315e+02 1.582326164687003995e+02
1.520876319048366554e+02 1.647933615893115586e+02 1.581054157291612228e+02
1.522043953743917086e+02 1.649406624457118937e+02 1.582231001343031096e+02
1.522254094500549400e+02 1.650019046622363987e+02 1.582811120994889507e+02
1.522281862103849335e+02 1.650478746969459110e+02 1.584252734027523388e+02
1.524392339490345876e+02 1.652830202501177439e+02 1.586392025535032246e+02
1.526252838679294541e+02 1.654771074250431582e+02 1.588549107843650177e+02
1.526060488723771584e+02 1.655178309176216089e+02 1.588734760085814344e+02
1.526100605236077001e+02 1.655317914639038577e+02 1.589267298065686305e+02
1.525934348455514282e+02 1.655296914516944753e+02 1.588598503479671535e+02
