1.708044267973303931e+02 1.803435625580806061e+02 1.764480724282616677e+02
1.708266734251358798e+02 1.803625425924361423e+02 1.764712342654388806e+02
1.708286904057897573e+02 1.803732963025541380e+02 1.764849377657627088e+02
1.707716869420742967e+02 1.803544007490636716e+02 1.764602482329418933e+02
1.703433724761341637e+02 1.803772211427445029e+02 1.762471980513080325e+02
1.697888365576863521e+02 1.803944024386809701e+02 1.757548822899946401e+02
1.690145412689026045e+02 1.806280413111430221e+02 1.751019508039762229e+02
1.687155353270817386e+02 1.806272669032130977e+02 1.746459230942524812e+02
1.684060255977021257e+02 1.805212856579651373e+02 1.740423636338036033e+02
1.682502921629917410e+02 1.806344900171777681e+02 1.737592119343302102e+02
1.683244170820309193e+02 1.808227556250176065e+02 1.737873933429078193e+02
1.683966763819661594e+02 1.809493431612739585e+02 1.738489376531215669e+02
1.684719769930444215e+02 1.810836888569739074e+02 1.738978379938610601e+02
1.684968460477035421e+02 1.811701233420630217e+02 1.739529089577877414e+02
1.684213025541381512e+02 1.811464933400918085e+02 1.739184794852299376e+02
1.683656015037593932e+02 1.810865612063867616e+02 1.738528730534200690e+02
1.683794141252006398e+02 1.811592992312241392e+02 1.738914244881867717e+02
1.683930683450198558e+02 1.812320900566021749e+02 1.739058671960800950e+02
1.683722684520289476e+02 1.812031448002027503e+02 1.738472057953873389e+02
1.681072906986567546e+02 1.809246008279124851e+02 1.735435146855903668e+02
1.678946805215285281e+02 1.807726549519867092e+02 1.733548759539297635e+02
1.678825715975331718e+02 1.807976401678353113e+02 1.733754259243614513e+02
1.680003344034242900e+02 1.809137415167131451e+02 1.734568408380501694e+02
1.680579961138801934e+02 1.809685660781166519e+02 1.734165751457294959e+02
1.680362035707245525e+02 1.809038924558587382e+02 1.733444108867674913e+02
1.679387830531384509e+02 1.807460258793049945e+02 1.731717531187519228e+02
1.675866316071076483e+02 1.801966679338796382e+02 1.726833199571963746e+02
1.671822005857339946e+02 1.797947290980259538e+02 1.722566071076567766e+02
1.671193186618230868e+02 1.797281300160513524e+02 1.721785608684632791e+02
1.672451599504378805e+02 1.798243326011658496e+02 1.722645412689026045e+02
1.672768719551688150e+02 1.798561502069781284e+02 1.723132691278758557e+02
1.673260151783954370e+02 1.799383817690293199e+02 1.723990207259722354e+02
1.676773886964602411e+02 1.801932992593844176e+02 1.727297457125960989e+02
1.678739615893666723e+02 1.803036242291121027e+02 1.728850004224043175e+02
1.676391047844329876e+02 1.799216439976345328e+02 1.725492382641998290e+02
1.674200177409816774e+02 1.796668145081805505e+02 1.723604446509532124e+02
1.673512432767311395e+02 1.795843541437864417e+02 1.722451775506181093e+02
1.673452662555264681e+02 1.794973740531102919e+02 1.721979245867477744e+02
1.675201486863225568e+02 1.795833474134775258e+02 1.723241953197600651e+02
1.677975416068260586e+02 1.798390146715102276e+02 1.725755329334572252e+02
1.679271563740812780e+02 1.800177761820281148e+02 1.727224310776942389e+02
1.679271739742615068e+02 1.800001443214778476e+02 1.727051441806763989e+02
1.679069689673622179e+02 1.800027209878629151e+02 1.726794690377629422e+02
1.678914561685111551e+02 1.801419841739179333e+02 1.727706485314409690e+02
1.677509996902368243e+02 1.800913801357325781e+02 1.727373771507420201e+02
1.676048442736053516e+02 1.800018691391399841e+02 1.726801026442510647e+02
1.676398158317141167e+02 1.801378023710962850e+02 1.727262045563346646e+02
1.677954014249105796e+02 1.802960420714708221e+02 1.728713145222607181e+02
1.678317000366083676e+02 1.803106713412745421e+02 1.728423023851764242e+02
1.679685871983328980e+02 1.804111120497873912e+02 1.729307820112077820e+02
1.682657064008335510e+02 1.807063797133282606e+02 1.732055067443890550e+02
1.683792838838669752e+02 1.808187955844667840e+02 1.733305525048576499e+02
1.680290191771563855e+02 1.805095674579707747e+02 1.729872433893723098e+02
1.678755702458393273e+02 1.803651579792177131e+02 1.728703957928529178e+02
1.679244917067950666e+02 1.804187470079693583e+02 1.729471114584213467e+02
1.677449135479147344e+02 1.802661464053391853e+02 1.727695890005913668e+02
1.677421819999436821e+02 1.801892828982568915e+02 1.727382958801498205e+02
1.679542395314128100e+02 1.802618202810396895e+02 1.728201613584523102e+02
1.678980491960237771e+02 1.801053863591563129e+02 1.727792902199318519e+02
1.673862993157050028e+02 1.793674812030075145e+02 1.722044894539720019e+02
1.669630924220664099e+02 1.788468045112782079e+02 1.718158704345132435e+02
1.670475310467179213e+02 1.789482730703162474e+02 1.719530884796260182e+02
1.671205753146912230e+02 1.790171425755399639e+02 1.718717580468023982e+02
1.671119195460561571e+02 1.790305081524034847e+02 1.717743903297569830e+02
1.672691806764101159e+02 1.791735201768466084e+02 1.718613352200726467e+02
1.674365971107544055e+02 1.793577131029821885e+02 1.720059136605558763e+02
1.675198142828982668e+02 1.794370793556925889e+02 1.720660534763875944e+02
1.678143004984370918e+02 1.796041121061079764e+02 1.722123250542085486e+02
1.681976922643687828e+02 1.798867534003548201e+02 1.725408535383402295e+02
1.683658760665709337e+02 1.799827412632705261e+02 1.726118491453352419e+02
1.680802040212891768e+02 1.796280694714313881e+02 1.722805363126918508e+02
1.675346688350088584e+02 1.790060931823941814e+02 1.716681486018416933e+02
1.671666772267747945e+02 1.787994177860381342e+02 1.714077504153642622e+02
1.669453232801103866e+02 1.787644708681816894e+02 1.713006286784376755e+02
1.671008912731266491e+02 1.790900706823237840e+02 1.716511221874912110e+02
1.677286052209174727e+02 1.797932260426346716e+02 1.723854932274506382e+02
1.680106657092168518e+02 1.802098152685083505e+02 1.727207766607530175e+02
1.680532123848948345e+02 1.801682049224183970e+02 1.725384282335051012e+02
1.679582770127566107e+02 1.800136119793866669e+02 1.723239524372729647e+02
1.678917307313226956e+02 1.799052547098082186e+02 1.721328813607051416e+02
1.678309995494353757e+02 1.798192074286840807e+02 1.719331791557545444e+02
1.677316324519163118e+02 1.796669130691898317e+02 1.718031525442820566e+02
1.676921024471290593e+02 1.796576060938864146e+02 1.718890555039283470e+02
1.678940081946439022e+02 1.798567380529976560e+02 1.721342084142941644e+02
1.680077475993354312e+02 1.799119533384021850e+02 1.722610916335783315e+02
1.677157606093886386e+02 1.794000908169299748e+02 1.719228232097096623e+02
1.670991206949959178e+02 1.785873004139562283e+02 1.711492389682070439e+02
1.665161217650868650e+02 1.780840162203261059e+02 1.707055560248936956e+02
1.662369512263805689e+02 1.777828032159049201e+02 1.704156916166821532e+02
1.663809347807721508e+02 1.779303560868463308e+02 1.706013171974881004e+02
1.670160724845822529e+02 1.785332995409872865e+02 1.712330052659739295e+02
1.678151664273042059e+02 1.793128784038748620e+02 1.719842055982653335e+02
1.680213349384697779e+02 1.794368259130973513e+02 1.720228133536087398e+02
1.677810713581707205e+02 1.791465215003801745e+02 1.716860022246627864e+02
1.676753752358424094e+02 1.789416659626594708e+02 1.715038438793613125e+02
1.676159640674720492e+02 1.787462687617921233e+02 1.713221044183492552e+02
1.673326645264847627e+02 1.784146602461209170e+02 1.709889330066739888e+02
1.674271986145137987e+02 1.784698473712370799e+02 1.710360310889583388e+02
1.677702789276562214e+02 1.787620631635267898e+02 1.714042726197516231e+02
1.680839598997493738e+02 1.790264777111317755e+02 1.717002900509701249e+02
1.681815880994621466e+02 1.791214518036664742e+02 1.718099426938131842e+02
1.682717362225789088e+02 1.792192595252175522e+02 1.719090387485567817e+02
1.683669496775646905e+02 1.793651051786770267e+02 1.719617372081890210e+02
1.682565895074765479e+02 1.792822012897412094e+02 1.717927754780209000e+02
1.680945622483174304e+02 1.791597251555855905e+02 1.715984342879671090e+02
1.682606868294331264e+02 1.794110486891385676e+02 1.717119976908563501e+02
1.688074153079327573e+02 1.800222431077694125e+02 1.722928564388499240e+02
1.690866245670355568e+02 1.803213124102390736e+02 1.725288748556785094e+02
1.691918525245698390e+02 1.804999964799639542e+02 1.727363528202528755e+02
1.691014650390019938e+02 1.805112535552364079e+02 1.727570365520543021e+02
1.686778251809298581e+02 1.801576905747514843e+02 1.724350553349666200e+02
1.679784292191152133e+02 1.795176424206583761e+02 1.718239981977415312e+02
1.678311438709132517e+02 1.794313029765424687e+02 1.717856368449212994e+02
1.679097392357297736e+02 1.794798442736053516e+02 1.719402227478809380e+02
1.680357846864351927e+02 1.795157979217707123e+02 1.720379178282785517e+02
1.682179254315564094e+02 1.796159077468953171e+02 1.722218256314944540e+02
1.686809263326856581e+02 1.799365302300695646e+02 1.726436280307510458e+02
1.686482463180422826e+02 1.798841943341499814e+02 1.725393434428768558e+02
1.682854362028667197e+02 1.793757180873532207e+02 1.720162238461321920e+02
1.680198424431866044e+02 1.790961709047900570e+02 1.716851362957956724e+02
1.677461666807468248e+02 1.788170883669848763e+02 1.713895236687223758e+02
1.674738954126890178e+02 1.785247880938300682e+02 1.710655430711610450e+02
1.672746895328208154e+02 1.783561220466897623e+02 1.709272478950184393e+02
1.673474205175861016e+02 1.784729098025963765e+02 1.710801301005322159e+02
1.674644511559798445e+02 1.786661914618005653e+02 1.712947079778096793e+02
1.675374391033764141e+02 1.787177283095378755e+02 1.713533904987187100e+02
1.675457041480104863e+02 1.786731083326293401e+02 1.713320379600687033e+02
1.675469678409506855e+02 1.785974803581988795e+02 1.711834255582777189e+02
1.674687632001351574e+02 1.783670552786460632e+02 1.708815789473684106e+02
1.674079862577792710e+02 1.781976500239362338e+02 1.706464827799836712e+02
1.674945193038776665e+02 1.783380325814536320e+02 1.707031095998422927e+02
1.677797654247979438e+02 1.786343668159161950e+02 1.709913195911126138e+02
1.677884880741178790e+02 1.786682999633916324e+02 1.710339049871870714e+02
1.676975585029990725e+02 1.786652516121765188e+02 1.709872504294444013e+02
1.677265495198670919e+02 1.787477894173636344e+02 1.710586508405846189e+02
1.678412674945791423e+02 1.789102390808481857e+02 1.712443961026160935e+02
1.677166934189406220e+02 1.788458717017262245e+02 1.711487989637013811e+02
1.674227633690969128e+02 1.786358593111993400e+02 1.708783193939906084e+02
1.673229879473965696e+02 1.786088078341922198e+02 1.708378776998676472e+02
1.673232167497395153e+02 1.786723409647714789e+02 1.709126538255751768e+02
1.673587198332911044e+02 1.787767945143758368e+02 1.709264523668722404e+02
1.674159028188448701e+02 1.788775203458083354e+02 1.710342464306834529e+02
1.675054736560502420e+02 1.790042205232181516e+02 1.711263094534087941e+02
1.675107149897214924e+02 1.790377136661879547e+02 1.711374151671313086e+02
1.673747395173326709e+02 1.789128192672692990e+02 1.710053962152572353e+02
1.674426058122835173e+02 1.789857051336205700e+02 1.711080263861902040e+02
1.676643997634535879e+02 1.791669271493340148e+02 1.713295176142603680e+02
1.677435829742896658e+02 1.791235567852214672e+02 1.712909556193855565e+02
1.675386359156317724e+02 1.788818675903241342e+02 1.711223634930021547e+02
1.672848025963785972e+02 1.786698170989270977e+02 1.709032799695868903e+02
1.669126151051786735e+02 1.781826722705640407e+02 1.704891618090169345e+02
1.664839275154177471e+02 1.777081678916392207e+02 1.700840584607586266e+02
1.664735926895891396e+02 1.777969572808425482e+02 1.701605558840922470e+02
1.669234356959815386e+02 1.782849856382529481e+02 1.706321597533158752e+02
1.672491974317817096e+02 1.786344160964208356e+02 1.709797386725240074e+02
1.673526196108248030e+02 1.787190201627664692e+02 1.710824779645743661e+02
1.673099708541015502e+02 1.786904374700797007e+02 1.710579573934837185e+02
1.671018311227506956e+02 1.783212560896623700e+02 1.706695988566922892e+02
1.664943714623637732e+02 1.775522549350905308e+02 1.699462314494100497e+02
1.663285038438793606e+02 1.773543901889555343e+02 1.697093154233899384e+02
1.664224571259609604e+02 1.774425142913463560e+02 1.698129699248120232e+02
1.665794964940440934e+02 1.776272493030328690e+02 1.699731491650474595e+02
1.669681859142237670e+02 1.779595055053363808e+02 1.702565543071161187e+02
1.674154240939427325e+02 1.784675065472670497e+02 1.706995895637971330e+02
1.673089042831798565e+02 1.784339078032159023e+02 1.706267494579144568e+02
1.669914744726985987e+02 1.781085015910562959e+02 1.702647559911013389e+02
1.670226408718425262e+02 1.781772971755230799e+02 1.702369829067049523e+02
1.669896546140632552e+02 1.784229288107910349e+02 1.703787101179916021e+02
1.668446854495790035e+02 1.785918764608149729e+02 1.705095568978626375e+02
1.668708921179352842e+02 1.788022091746219360e+02 1.707363281800005552e+02
1.671699579003688996e+02 1.791559551969812105e+02 1.711058932443468166e+02
1.671582643406268573e+02 1.792799590267804319e+02 1.711780258229844378e+02
1.670374285432682768e+02 1.792209139421587736e+02 1.710691088676747995e+02
1.670881276224268674e+02 1.791682295626707173e+02 1.710425501957140000e+02
1.671207689166737111e+02 1.791897123426543885e+02 1.710755223733491164e+02
1.671224162935428410e+02 1.791597920362704599e+02 1.711122433893723098e+02
1.672737848835571981e+02 1.792618308411478267e+02 1.712059326687505347e+02
1.675228415138971059e+02 1.794443306299456538e+02 1.714111085297513455e+02
1.676432302666779321e+02 1.793820787924868227e+02 1.714096195545042463e+02
1.673824976767762109e+02 1.789285115879586670e+02 1.710206098110444657e+02
1.671910499563515486e+02 1.784259067612852334e+02 1.706312586240883036e+02
1.671602672411365518e+02 1.783955957309002827e+02 1.705617203120160070e+02
1.670548949621244219e+02 1.783464102672411400e+02 1.705332045000140795e+02
1.672299569147588159e+02 1.785152628762918425e+02 1.706856678212384963e+02
1.676470283855706782e+02 1.789557214665878178e+02 1.711074702204950597e+02
1.680741284390752242e+02 1.793919172932330923e+02 1.715343449916927057e+02
1.680167588916110617e+02 1.793959653346850303e+02 1.715169067331249551e+02
1.677042254512686270e+02 1.790565388189575060e+02 1.712113922446565937e+02
1.673986687223677166e+02 1.787892660020838491e+02 1.709640428317985936e+02
1.671523225197826150e+02 1.785893561150066091e+02 1.707651255948860864e+02
1.669510327785756658e+02 1.783871089239953847e+02 1.705477492889527298e+02
1.668328334882149306e+02 1.782883472726760772e+02 1.704363788685196255e+02
1.669478260257384932e+02 1.784160753006110838e+02 1.705181633859930628e+02
1.673852081045309887e+02 1.788637992453042784e+02 1.709478154656303559e+02
1.676717460786798597e+02 1.791621152600602613e+02 1.712010890991523695e+02
1.676843724479738569e+02 1.792284714595477340e+02 1.712223747571175068e+02
1.677091922221283653e+02 1.793058383317845141e+02 1.713146877024020682e+02
1.676413435273577193e+02 1.793467446706654300e+02 1.713737926276365044e+02
1.673794528455971431e+02 1.791921376474895169e+02 1.712185942384049895e+02
1.670442468530877704e+02 1.789835614316690737e+02 1.710014291346343498e+02
1.670286390132635006e+02 1.790485694573512490e+02 1.710374109430880480e+02
1.671936653431331194e+02 1.792900439300498476e+02 1.712572371941088818e+02
1.672690574751485428e+02 1.795070471121624394e+02 1.714261214834839961e+02
1.673342978232097096e+02 1.796922714088592272e+02 1.717006631747909182e+02
1.677666884908901466e+02 1.802018635070823223e+02 1.721351377038100736e+02
1.679283391061924533e+02 1.804853777702683715e+02 1.723989538452873660e+02
1.677586944890315692e+02 1.803792486835065176e+02 1.722751330573624955e+02
1.676274605051955859e+02 1.803275534341471769e+02 1.722739221649629826e+02
1.677941377319703804e+02 1.805090148123116762e+02 1.723720713300104137e+02
1.678324040438174052e+02 1.805560108135507278e+02 1.723188589451156076e+02
1.676332967249584556e+02 1.802974148855284398e+02 1.720696403931176235e+02
1.675287094139843873e+02 1.801785855087155994e+02 1.719603643941314033e+02
1.675127636506997817e+02 1.800754273323758810e+02 1.718997986539382055e+02
1.671991953197600651e+02 1.796796520796372931e+02 1.716316458280532800e+02
1.669580446903776192e+02 1.793876369294021629e+02 1.713910091239334292e+02
1.670348131564867344e+02 1.793934977894173528e+02 1.714720227535129879e+02
1.671376122891498426e+02 1.794270718932161799e+02 1.715329827377432252e+02
1.668541543465404970e+02 1.791572576103179415e+02 1.712810291177381714e+02
1.665638464137872745e+02 1.789603714342034948e+02 1.710206626115851520e+02
1.666271648221677708e+02 1.790479992115119217e+02 1.711124933119315017e+02
1.667539917208752343e+02 1.791667652276759384e+02 1.712166722987243475e+02
1.667265037593984971e+02 1.791729710512235556e+02 1.711836930810171395e+02
1.668511341556137495e+02 1.792746578524964036e+02 1.712955739066767933e+02
1.670635718509757623e+02 1.794598082284362590e+02 1.715081383233364249e+02
1.671115886626679128e+02 1.795004681647940004e+02 1.715858712793219070e+02
1.670207506124862675e+02 1.793738595083213738e+02 1.714855009715299445e+02
1.671066254118442203e+02 1.794437181436737774e+02 1.715149707133001016e+02
1.673369484103517095e+02 1.796725979274027907e+02 1.718274372729576669e+02
1.674500190081946300e+02 1.798052469657289407e+02 1.719111296499676200e+02
1.674998239981977406e+02 1.798939272338148783e+02 1.720008025682182904e+02
1.675578025118977337e+02 1.800581967559347731e+02 1.720851954324012354e+02
1.675505089972121198e+02 1.801103144096195479e+02 1.721672826729745793e+02
1.675325427332375909e+02 1.801110113767564940e+02 1.721527519641801121e+02
1.674851489679254257e+02 1.802888858381909927e+02 1.722977844893131589e+02
1.675077405592633397e+02 1.804726387598209101e+02 1.724964060431978794e+02
1.673673157613133924e+02 1.805355734842724758e+02 1.724764650390019938e+02
1.672096603869223657e+02 1.805323350511109197e+02 1.724023894004674560e+02
1.671171608797274075e+02 1.805907606093886386e+02 1.724311269747402093e+02
1.672066437160316639e+02 1.806448600433668332e+02 1.724817978936104339e+02
1.673014594069443319e+02 1.807340999971839608e+02 1.725706154431021275e+02
1.672743973698290745e+02 1.807685752302103595e+02 1.725705520824533323e+02
1.673498739827095960e+02 1.808789776407310512e+02 1.726563001605136378e+02
1.675731709892709205e+02 1.811644877643547034e+02 1.729615576863507158e+02
1.678521232857424366e+02 1.814754160682605288e+02 1.732915082650446266e+02
1.679260194024386692e+02 1.815639977753372136e+02 1.733816458280532800e+02
1.679394905803835343e+02 1.815813832333643063e+02 1.734457914449043869e+02
1.678060917743797802e+02 1.813388210695277394e+02 1.732608100306947279e+02
1.672060734701923366e+02 1.805499035510123633e+02 1.725736426741009950e+02
1.667445333840218495e+02 1.800554652079637208e+02 1.721914442003886165e+02
1.665890041114020903e+02 1.799059411168370275e+02 1.721244579144490388e+02
1.665744628424995142e+02 1.798564810903663727e+02 1.721192940215707949e+02
1.666212863619723521e+02 1.798480611641463156e+02 1.721136760440426769e+02
1.667778716454056394e+02 1.798882881360705142e+02 1.722326955028019597e+02
1.669596075863816793e+02 1.800116689194897219e+02 1.722589444115907611e+02
1.669838359944805859e+02 1.799489172369125072e+02 1.722164892568499965e+02
1.668892631860550182e+02 1.798486771704542377e+02 1.720871455323702435e+02
1.669959906789445654e+02 1.799160154599983059e+02 1.721234371039959399e+02
1.672596237785474784e+02 1.800678240545183257e+02 1.723528132128072912e+02
1.673719446087127949e+02 1.801072871786207088e+02 1.724723712370814610e+02
1.673676114443411791e+02 1.801479752752668162e+02 1.725271183576919896e+02
1.674289304722480267e+02 1.801931725380867988e+02 1.725589887640449547e+02
1.674249105910844548e+02 1.801857945425361152e+02 1.725366928557348558e+02
1.673851975444228515e+02 1.802448959477345056e+02 1.725509067612852334e+02
1.674570133198163830e+02 1.803828320802005010e+02 1.727012193404860341e+02
1.673700015488158499e+02 1.804105242037678352e+02 1.726854882994001912e+02
1.673724972543718934e+02 1.804647925994762261e+02 1.727231773253358256e+02
1.675753463715468570e+02 1.807482083016530225e+02 1.729376073610993672e+02
1.679115731745093001e+02 1.811402699163639340e+02 1.733167222832361745e+02
1.677571175128833261e+02 1.810871349722621062e+02 1.732725493509053649e+02
1.675596223705330772e+02 1.809950297091042160e+02 1.731623229421869326e+02
1.675358656472642167e+02 1.810361261299315743e+02 1.731989559573090105e+02
1.674160999408634041e+02 1.810142033454422688e+02 1.731726542479794944e+02
1.673498739827095960e+02 1.808802730139956623e+02 1.730314515220635769e+02
1.674611176818450531e+02 1.809378361634423129e+02 1.730367280560952850e+02
1.674984723043563974e+02 1.810351088395145212e+02 1.730830094900171900e+02
1.674456154431021275e+02 1.810175086592886657e+02 1.730184520289487864e+02
1.674379452845597029e+02 1.809945545042381241e+02 1.730247916138661139e+02
1.675310220776660799e+02 1.810507694798794773e+02 1.730336621046999426e+02
1.676461483765593812e+02 1.811878396834783587e+02 1.730770782292810566e+02
1.677181999943679500e+02 1.812345681619779896e+02 1.731321984737123785e+02
1.678080453943848340e+02 1.813152192278448922e+02 1.731795922390245153e+02
1.679304300076032916e+02 1.814471924192503707e+02 1.733400988426121501e+02
1.679514763031173459e+02 1.814782567373489996e+02 1.734625855368759062e+02
1.679365654304299937e+02 1.814283778265889566e+02 1.734074617724085385e+02
1.679596181464898166e+02 1.813604235307369663e+02 1.734146884064092831e+02
1.677435372138210710e+02 1.810868040888738619e+02 1.731427515417757945e+02
1.671465707808847867e+02 1.803879044521415835e+02 1.725330636985722776e+02
1.665466545577426700e+02 1.797015220635859407e+02 1.718183802202134416e+02
1.664386844921291981e+02 1.795663984399200217e+02 1.717331214271634110e+02
1.663849194615752936e+02 1.795253759398496243e+02 1.717160774126326999e+02
1.664513390217115898e+02 1.795825166849708410e+02 1.717199952127509732e+02
1.668204183210836220e+02 1.798817725493508988e+02 1.721085403114527992e+02
1.671683105234997697e+02 1.802015889442707817e+02 1.724641273126636918e+02
1.670676832530765239e+02 1.800770395088845817e+02 1.723545098701810616e+02
1.668428937512320260e+02 1.798324251640336797e+02 1.721123102700571792e+02
1.668589697558502962e+02 1.798442489651094149e+02 1.721113422601447382e+02
1.669204331052349914e+02 1.798969474247416258e+02 1.722137647489510357e+02
1.666707217481907151e+02 1.795888597899242427e+02 1.719385190504350760e+02
1.665028441891244881e+02 1.794564782743375417e+02 1.716879980851003893e+02
1.666989700374531935e+02 1.796573913716876518e+02 1.718294366534313440e+02
1.666592745909718190e+02 1.797304778800935026e+02 1.716691025316099228e+02
1.667524957055560151e+02 1.798259799780349795e+02 1.717410203880487813e+02
1.670676304525358375e+02 1.801639879192362912e+02 1.721382634958181939e+02
1.672411647095266289e+02 1.803321998817267797e+02 1.723399932415308058e+02
1.670567781814085890e+02 1.801649700092928867e+02 1.721996775646982485e+02
1.667710251752978081e+02 1.798728246177240919e+02 1.719397897834473952e+02
1.667685681901382679e+02 1.798763728140576177e+02 1.719459428064543260e+02
1.666012291965869849e+02 1.799108515671200337e+02 1.719556334656867023e+02
1.664574498042860000e+02 1.798661823097068577e+02 1.720064487060347460e+02
1.666482568781504199e+02 1.801415336093041617e+02 1.723400636422516925e+02
1.668632712398975002e+02 1.804744550984202078e+02 1.726241974317817096e+02
1.669077785756526282e+02 1.805685808622680213e+02 1.727466806060093916e+02
1.668223226605840352e+02 1.804754864689814440e+02 1.725686899833854397e+02
1.668460829038889415e+02 1.805360099687420927e+02 1.725846920672467775e+02
1.668309889893272384e+02 1.805696896736222641e+02 1.725240981667652136e+02
1.665145764692630337e+02 1.802878087071611617e+02 1.722339169553096099e+02
1.662649143927233695e+02 1.800407444172228395e+02 1.719701888147334614e+02
1.663154937906564044e+02 1.800597631719748790e+02 1.720568697023457503e+02
1.665747338852749806e+02 1.801570886485877736e+02 1.722738412041339302e+02
1.667283658584663897e+02 1.801663005829179554e+02 1.723523696882656111e+02
1.668777597082594184e+02 1.802229414829207883e+02 1.724640357917265021e+02
1.669089753879079581e+02 1.801705915068570221e+02 1.724616280870716025e+02
1.666815564191377348e+02 1.799254597167075076e+02 1.722247261411956742e+02
1.663085487595392920e+02 1.794770599250936414e+02 1.718459949029877976e+02
1.659967967671989015e+02 1.790964349074934603e+02 1.714604770352848391e+02
1.657312417279152896e+02 1.788461357044295994e+02 1.711948867956407980e+02
1.656646954464813746e+02 1.787630170932950477e+02 1.711007434316127274e+02
1.658990312860803726e+02 1.789742614964377196e+02 1.713233575511813171e+02
1.660590521246937499e+02 1.791062558080594727e+02 1.713974965503646786e+02
1.659539051279885200e+02 1.789618885697389601e+02 1.711984279519022323e+02
1.658512749570555513e+02 1.788300491397031919e+02 1.710641174565627693e+02
1.659305215285404529e+02 1.788528836135282063e+02 1.711049956351552908e+02
1.661937463039621434e+02 1.790501781138238755e+02 1.712390632480076533e+02
1.663830679226155382e+02 1.792295028301089701e+02 1.714447811945594253e+02
1.665837205372982908e+02 1.793862957956689570e+02 1.716077131029821885e+02
1.667607572301540415e+02 1.795284066908845091e+02 1.717824547323364470e+02
1.670125946889696138e+02 1.797786882937681412e+02 1.720115386781560574e+02
1.671401502351384067e+02 1.799302012052603459e+02 1.721091598377967387e+02
1.670752442905015300e+02 1.799253329954098604e+02 1.720320112077947670e+02
1.669986518261947026e+02 1.799504484525921555e+02 1.720639977753372136e+02
1.671170658387542005e+02 1.801283017938103796e+02 1.722579940018585773e+02
1.673072604263467724e+02 1.803679599279096522e+02 1.724821498972149527e+02
1.670972973163245285e+02 1.803181302976542497e+02 1.724555736250739244e+02
1.667397672552166910e+02 1.801801941651882544e+02 1.723041627946270182e+02
1.666069668553406018e+02 1.801596406747205208e+02 1.722634465376925448e+02
1.665016121765087007e+02 1.801162456703556529e+02 1.722085410154599856e+02
1.663727823772915428e+02 1.801079278251809228e+02 1.721568000056320500e+02
1.664711497845737824e+02 1.802541677226774937e+02 1.722522528230689147e+02
1.667304673199853653e+02 1.804795873109740683e+02 1.724977084565345820e+02
1.667896672861930085e+02 1.804358966235814137e+02 1.725374285432682768e+02
1.667624609275999035e+02 1.802690926755090004e+02 1.724051139083664168e+02
1.667726866323111210e+02 1.801417060910703754e+02 1.723468608318549116e+02
1.666218601278476967e+02 1.798314289938329011e+02 1.720729034665314998e+02
1.662719650249218546e+02 1.793129241643434568e+02 1.715848469488327623e+02
1.662023985525611920e+02 1.791483589591957468e+02 1.713881719748810326e+02
1.662747740136859136e+02 1.791290445214158922e+02 1.713804314156176929e+02
1.663596385626988763e+02 1.791354826673425009e+02 1.714034207710286921e+02
1.664123687026555274e+02 1.791605453239841097e+02 1.714257307594829740e+02
1.665191701163019786e+02 1.792879389484948263e+02 1.715745473233645839e+02
1.664130269493959702e+02 1.791339162513024235e+02 1.714475725831432555e+02
1.655732237898116068e+02 1.783040395933654452e+02 1.706297837289853874e+02
1.653248676466446909e+02 1.780638921742558693e+02 1.703495360592492602e+02
1.656681767621300310e+02 1.781098004843569527e+02 1.703851799442426227e+02
1.658537953028639151e+02 1.780768459069020935e+02 1.703286340852130252e+02
1.659002210582636394e+02 1.779612021627101512e+02 1.702438892174255898e+02
1.660331200191490097e+02 1.780780497592295433e+02 1.702703493283771365e+02
1.662574448762355246e+02 1.782644075075328658e+02 1.704744621384922993e+02
1.660645715412125867e+02 1.780855439159697085e+02 1.702523161837177099e+02
1.656386190194587584e+02 1.777222761961082540e+02 1.698809664610965626e+02
1.656299491706795095e+02 1.777962779138858309e+02 1.698440236828025149e+02
1.658455267381937972e+02 1.780998211821689097e+02 1.701235814254737875e+02
1.659680908732505316e+02 1.782960455915068678e+02 1.702655972797161326e+02
1.660791444904395746e+02 1.784337951620624665e+02 1.703914772887274296e+02
1.662742671284954099e+02 1.786483202387992435e+02 1.706252710427754664e+02
1.663698642674100938e+02 1.787045563346568713e+02 1.706417236912506041e+02
1.657721515868322513e+02 1.780810840303004738e+02 1.700426733969755730e+02
1.654112950916617422e+02 1.778094674889470923e+02 1.697483103826983211e+02
1.652837219453127204e+02 1.778396060375658294e+02 1.696897369829067088e+02
1.652703352482329535e+02 1.778979506350144959e+02 1.697576419982540585e+02
1.652375249922559135e+02 1.778947086818168941e+02 1.697959575906057239e+02
1.655069696713694327e+02 1.781451029258539620e+02 1.700975261186674459e+02
1.657507004871729919e+02 1.783724022133986580e+02 1.703540487454591528e+02
1.654037023739122958e+02 1.780611113457801764e+02 1.700969523527921012e+02
1.648868660415082559e+02 1.775327152150038046e+02 1.695904649263608519e+02
1.646928522148066918e+02 1.773347237475711893e+02 1.694061945594322935e+02
1.645475204866097840e+02 1.771509954661935637e+02 1.692279364140688926e+02
1.643219530567992877e+02 1.768235722733800799e+02 1.689546724958463528e+02
1.644235236968826541e+02 1.768811565430430051e+02 1.690608543831488930e+02
1.646470741460392446e+02 1.770772225507589326e+02 1.692941130917180601e+02
1.647850525189377890e+02 1.772240432542029112e+02 1.694147306468418321e+02
1.647683921883360085e+02 1.771394603080735521e+02 1.693775485060967014e+02
1.648423059052124700e+02 1.772161126129931574e+02 1.694085529835825525e+02
1.650031117118639372e+02 1.772992593844161036e+02 1.693701177100053599e+02
1.649260229224747150e+02 1.771080299062262498e+02 1.691604995635155433e+02
1.647543683647320449e+02 1.767751858579031818e+02 1.688385887471487763e+02
1.647303124383993804e+02 1.767833523415279728e+02 1.688169686857593490e+02
1.646310192616372490e+02 1.767226810002534307e+02 1.687047780969277255e+02
1.645659936357748165e+02 1.766700670214862896e+02 1.686704612655233575e+02
1.647832185801582625e+02 1.768653128608036980e+02 1.688704802737180160e+02
1.650889090704288833e+02 1.772449945087437584e+02 1.692469094083523373e+02
1.653218263355016688e+02 1.775432577229590834e+02 1.695375623046379872e+02
1.654812311678071524e+02 1.777154262059643486e+02 1.697045352144405967e+02
1.654185182056264125e+02 1.778229914674326153e+02 1.697820534482273160e+02
1.652218643518909573e+02 1.777314106896454575e+02 1.697701662865027856e+02
1.649248366703274939e+02 1.775088880910140574e+02 1.695499880318774331e+02
1.648317563571850997e+02 1.774139562389118794e+02 1.694874264312466607e+02
1.648703113119878481e+02 1.775608719833291218e+02 1.696057524429050147e+02
1.648984962406015029e+02 1.776798527216918728e+02 1.696681028413730985e+02
1.649675839880600279e+02 1.778027336599926684e+02 1.696949853566500508e+02
1.651278793894849457e+02 1.779619308101715092e+02 1.697990869026498899e+02
1.654333657176649410e+02 1.782409605474360035e+02 1.701161119089859426e+02
1.659546760158823986e+02 1.786508898651122195e+02 1.705208667736757491e+02
1.664275998986229581e+02 1.789328729126186204e+02 1.708253358114387197e+02
1.666919651657233032e+02 1.790120983638872474e+02 1.709717939511700706e+02
1.664335135591788344e+02 1.785605164596885572e+02 1.705888527498521512e+02
1.658637112444031345e+02 1.777261341556137495e+02 1.698306158655064735e+02
1.653248359663203075e+02 1.770727309847652862e+02 1.692273661682295653e+02
1.651332861648503183e+02 1.769216404775984870e+02 1.690496993889217379e+02
1.652822435301737585e+02 1.769798372335332601e+02 1.691590141083044614e+02
1.656332932049224098e+02 1.772727429528878247e+02 1.694768980034355650e+02
1.662474585339753901e+02 1.776606966855340488e+02 1.699200951817746557e+02
1.663541050660358849e+02 1.777768332347723117e+02 1.700152523161837053e+02
1.664278815015065618e+02 1.778345935062374963e+02 1.699857860944495940e+02
1.663232554701360186e+02 1.777559242206640135e+02 1.698994994508743730e+02
1.659546056151615119e+02 1.773667666356903396e+02 1.695055968573118150e+02
1.655664794007490741e+02 1.769656866886316777e+02 1.691529737264509663e+02
1.654183633240404276e+02 1.768566570921686321e+02 1.690417617076398926e+02
1.653720642899383222e+02 1.768874890878882695e+02 1.690765361437301237e+02
1.653906500802568189e+02 1.769743846976992927e+02 1.691869315141786956e+02
1.655049174903550977e+02 1.771851714961561299e+02 1.694021113176198980e+02
1.659275646982625005e+02 1.777114415251612058e+02 1.699045436625271179e+02
1.661268585790318468e+02 1.779580235701613447e+02 1.701060833262932590e+02
1.660842133423446114e+02 1.779882219593928596e+02 1.701636535158120012e+02
1.659498394863563533e+02 1.779686012784770810e+02 1.701998887668609655e+02
1.659603186336628085e+02 1.779990812705921996e+02 1.702949755005491284e+02
1.658343471037143502e+02 1.779471360986736386e+02 1.702708878938920236e+02
1.659298280814395525e+02 1.780575561093745591e+02 1.703501767058094742e+02
1.661032285770606336e+02 1.784341823660274144e+02 1.706606685252457112e+02
1.663789178001182734e+02 1.788346639069584114e+02 1.709836177522457774e+02
1.664234990566303338e+02 1.788708674776829639e+02 1.710111549942271267e+02
1.664743072569063145e+02 1.788885802990622551e+02 1.710284524513531039e+02
1.666168440764833463e+02 1.790024147447269911e+02 1.711304032553293268e+02
1.668124806398017483e+02 1.791440891554729546e+02 1.712872349412857886e+02
1.669669891019684087e+02 1.791438990735265122e+02 1.713850356227647751e+02
1.669614556053053889e+02 1.790431486018416933e+02 1.713480541240742241e+02
1.669267832502604847e+02 1.789583650136577262e+02 1.712833629016361101e+02
1.669123123820787953e+02 1.789009919461575180e+02 1.712555299766269741e+02
1.665962061051505145e+02 1.785833368533693886e+02 1.710911090929571117e+02
1.660405156148798937e+02 1.781167736757624311e+02 1.707406507842640337e+02
1.656912365182619453e+02 1.778688293768128119e+02 1.705416138661259993e+02
1.655764798231533916e+02 1.777851545999831160e+02 1.705254181802821734e+02
1.654605157556813424e+02 1.776394110275689115e+02 1.704098061164146429e+02
1.655581157951057492e+02 1.775904508462166689e+02 1.703373672946410977e+02
1.657177846301146076e+02 1.776394708681816894e+02 1.703384021852383796e+02
1.659402051477007092e+02 1.777154790065050349e+02 1.703652776604432404e+02
1.659856945735124327e+02 1.776855692602292152e+02 1.703120652755484343e+02
1.660009433696600922e+02 1.776693841344935265e+02 1.702935921263833734e+02
1.661120251471375013e+02 1.778679458477654691e+02 1.704259067612852334e+02
1.662319598152685103e+02 1.780510440426909895e+02 1.705899263608459364e+02
1.662686033904987255e+02 1.781543430204725382e+02 1.706997092450226603e+02
1.663964229393708933e+02 1.783134697699304354e+02 1.709056454338092408e+02
1.665240453662245557e+02 1.785202578074399469e+02 1.710625897609191384e+02
1.663528695333840233e+02 1.785344541128101241e+02 1.709387372926698845e+02
1.659872328292641726e+02 1.783594836811128914e+02 1.707016804652079713e+02
1.658721100504069170e+02 1.783889921432795518e+02 1.706782264650389891e+02
1.659483892315057290e+02 1.785600447748584827e+02 1.708433654360620721e+02
1.660836571766494956e+02 1.787749359353439900e+02 1.710061671031511423e+02
1.661812748162541311e+02 1.789089859480160953e+02 1.711657303370786565e+02
1.662982772943595080e+02 1.790744170820309193e+02 1.714014495508434095e+02
1.664089190673312544e+02 1.792383170003660950e+02 1.715755294134211795e+02
1.665046992481202892e+02 1.793470297935850795e+02 1.716872412773506937e+02
1.665140519838923012e+02 1.793641125285122939e+02 1.716811128945960547e+02
1.663247972459238042e+02 1.791956893638590884e+02 1.715070999127030973e+02
1.659356854214187251e+02 1.787392674100982788e+02 1.710471860831854940e+02
1.654768240826786041e+02 1.782556672580327302e+02 1.705636774520571066e+02
1.652673256174143148e+02 1.779734096477147887e+02 1.703194714313874556e+02
1.652096427867421369e+02 1.778215517726901567e+02 1.701541810988144618e+02
1.651813346568668806e+02 1.777846829151530414e+02 1.701835874799357953e+02
1.653250436484469503e+02 1.777625770887893850e+02 1.702642103855143603e+02
1.653742079918898469e+02 1.776069457351243273e+02 1.701787122300132467e+02
1.652877735068007041e+02 1.772698917236912450e+02 1.699367062318718240e+02
1.654488785165160039e+02 1.774475901833234843e+02 1.700713757708878973e+02
1.657284080988989388e+02 1.778290107290698643e+02 1.704244741066148379e+02
1.658468784320351403e+02 1.779823786995578700e+02 1.705458379093801966e+02
1.656553039903128592e+02 1.778261876601616507e+02 1.703701106699332684e+02
1.656018029624623296e+02 1.778028955816507448e+02 1.703753942440370679e+02
1.656934999014389973e+02 1.779307432908113071e+02 1.704651551631888822e+02
1.657134585058151117e+02 1.779200916617386099e+02 1.704547006561347189e+02
1.657793571006167213e+02 1.779476500239362338e+02 1.704954380332854669e+02
1.661720206414913719e+02 1.783328581284672225e+02 1.708232061896313780e+02
1.664787037819267255e+02 1.786444552392216565e+02 1.710841359015516332e+02
1.664144455239221543e+02 1.786597990763425514e+02 1.710701085579116238e+02
1.662072562023035118e+02 1.785149284728675525e+02 1.709534827236630861e+02
1.661191637802371019e+02 1.785336550646278511e+02 1.709645145166286397e+02
1.658948213229703583e+02 1.783883866970797669e+02 1.707102165526175099e+02
1.654368259130973513e+02 1.779813191687082963e+02 1.703738876686097399e+02
1.654439575061248604e+02 1.780755364534932710e+02 1.704383043282363133e+02
1.658828144800202722e+02 1.785290508574807689e+02 1.708462694657993381e+02
1.660441025316099228e+02 1.787040740897186879e+02 1.709903797414885389e+02
1.658269374278392547e+02 1.785467495987158770e+02 1.707668715327644975e+02
1.657256237503872001e+02 1.785042275632902431e+02 1.707159225310467150e+02
1.658755385655149155e+02 1.787171932640590342e+02 1.708885134183774142e+02
1.659284975078144839e+02 1.788280638393737263e+02 1.710708688856973936e+02
1.657353742502323257e+02 1.787224134775140101e+02 1.710071351130635549e+02
1.657740946467291963e+02 1.788188906254399910e+02 1.711021549660668484e+02
1.660247528934696390e+02 1.791039959449184664e+02 1.713761862521472210e+02
1.658755702458393273e+02 1.789417680437047693e+02 1.712857952465433300e+02
1.655096730590521190e+02 1.785728154656303559e+02 1.708598884852580966e+02
1.654711181042493990e+02 1.785060931823941814e+02 1.707605213877390042e+02
1.654559045084621687e+02 1.784542782518092849e+02 1.707082770127566107e+02
1.650566937005434909e+02 1.779075216130213164e+02 1.702217270704852012e+02
1.646604080425783536e+02 1.774373011179634432e+02 1.697492255920700757e+02
1.647527949086198760e+02 1.774289023119596607e+02 1.697866506153023067e+02
1.647098575089408996e+02 1.773589803159584335e+02 1.696911449973247841e+02
1.644726986004336595e+02 1.770582565965475510e+02 1.694529793585086281e+02
1.644834593506237468e+02 1.770819499591675878e+02 1.694652959646306840e+02
1.647639534228830485e+02 1.773108473430768015e+02 1.697566951085579205e+02
1.649681718340795840e+02 1.774260581228351725e+02 1.698792768437948837e+02
1.650031539522964579e+02 1.772996536284531430e+02 1.698445200078848814e+02
1.650823794035650849e+02 1.772631543747008038e+02 1.698411794936780268e+02
1.650712208893019124e+02 1.772170419025090951e+02 1.698042683957083625e+02
1.649120554194474835e+02 1.770891132325195088e+02 1.696921728478499745e+02
1.649827095829461427e+02 1.772409746275801865e+02 1.697156374081270656e+02
1.652267818422460550e+02 1.775108557911632943e+02 1.699381952071189232e+02
1.651622243811776514e+02 1.775501323533553091e+02 1.699313029765424687e+02
1.651278723494128542e+02 1.775824990847906406e+02 1.699533067218608267e+02
1.655451444622792962e+02 1.780394912843907491e+02 1.703496135000422385e+02
1.660961779448621485e+02 1.787710814958745118e+02 1.710343872321252547e+02
1.659550209794148259e+02 1.787428824871166739e+02 1.709683126355213858e+02
1.656495522514150593e+02 1.785403044127171768e+02 1.707129410605164708e+02
1.655027773084396472e+02 1.784067929655599585e+02 1.705374215031961853e+02
1.653632219593928596e+02 1.783362232829264258e+02 1.705206661316211978e+02
1.654329433133395355e+02 1.783705189941144909e+02 1.704988735884655568e+02
1.657099525499141066e+02 1.785462145532370357e+02 1.706302659739235708e+02
1.661190405789755289e+02 1.789162583424854347e+02 1.709569217988792218e+02
1.664281032637774160e+02 1.792747986539382055e+02 1.712719826251020834e+02
1.665837557376587483e+02 1.794290290332573079e+02 1.713987285629804944e+02
1.663827229590831109e+02 1.792491587113852063e+02 1.711593766720171175e+02
1.658425910281321194e+02 1.787362718594238515e+02 1.706206175551237720e+02
1.656293155641913870e+02 1.785418849089014657e+02 1.704565873954549318e+02
1.658180634169693803e+02 1.786417518515389702e+02 1.706342682549069423e+02
1.657670827349272145e+02 1.785590978851623447e+02 1.705307404747824478e+02
1.655942208048210489e+02 1.782285031398721458e+02 1.702236384500577344e+02
1.656839535636844971e+02 1.781852207766607421e+02 1.702092063022725483e+02
1.658086191602602071e+02 1.782180204725296448e+02 1.702635063783053226e+02
1.656321879136042412e+02 1.779740256540227108e+02 1.700463201543183800e+02
1.656399671932640558e+02 1.779405008307284959e+02 1.700892364337810818e+02
1.663083621976288953e+02 1.786221522908394661e+02 1.708466038692236282e+02
1.666327229590831109e+02 1.790219192644532598e+02 1.711642343217594657e+02
1.663557770831573350e+02 1.788239348370927360e+02 1.710008940891554801e+02
1.659042374193911655e+02 1.783150608262228616e+02 1.705005174452986410e+02
1.657705851707921454e+02 1.781646602461209170e+02 1.703389794711497984e+02
1.654702240150939190e+02 1.778635669229252869e+02 1.700586684407648193e+02
1.649664223761651272e+02 1.772957147081186235e+02 1.695772049505787038e+02
1.649749866238630318e+02 1.773031384641378736e+02 1.696324871166680737e+02
1.653147757033032121e+02 1.776639843992002454e+02 1.700028441891244881e+02
1.656755582777167604e+02 1.781193855425079562e+02 1.704225873672946534e+02
1.660425009152093594e+02 1.784919602376728278e+02 1.707686069105347713e+02
1.664193770944214350e+02 1.789154628143392074e+02 1.711269324997888077e+02
1.664586571766494956e+02 1.790224120694995804e+02 1.711376087691137968e+02
1.659075955337782773e+02 1.784199649404409911e+02 1.705238552842781132e+02
1.651351095435217360e+02 1.776737454591535084e+02 1.697700043648447092e+02
1.646879910450282978e+02 1.772895511250035270e+02 1.692753090591647549e+02
1.644863704204331043e+02 1.771139646869984006e+02 1.690445354960434656e+02
1.646045169102531531e+02 1.772411224690940799e+02 1.691394849483258724e+02
1.650415434654050841e+02 1.777428613669003994e+02 1.696160555884092389e+02
1.655672819689673645e+02 1.783712018811072539e+02 1.702096392667060911e+02
1.654821569372870442e+02 1.783801955732026556e+02 1.701586374644476223e+02
1.652727570330320077e+02 1.781860092647348779e+02 1.699340380445495668e+02
1.651802786460533241e+02 1.781685780462391904e+02 1.698967679029033206e+02
1.651889203345442354e+02 1.782120328912168077e+02 1.699416870828757169e+02
1.652141801132043497e+02 1.783020613331080426e+02 1.700117146799583168e+02
1.651989629973811020e+02 1.782615703584804692e+02 1.700129783728985444e+02
1.652417103151136359e+02 1.783251210892399570e+02 1.700495304271915700e+02
1.654892110895215467e+02 1.785121546844639795e+02 1.703263953422882935e+02
1.657790262172284770e+02 1.787297597927402819e+02 1.705294697417701570e+02
1.657969608008785940e+02 1.786882057672270605e+02 1.705097258595928054e+02
1.656292240432541973e+02 1.785124503674917662e+02 1.704075392132015452e+02
1.656291078820647158e+02 1.784878347554278832e+02 1.704298386415476898e+02
1.655794401734673897e+02 1.783312776322829620e+02 1.703247303652389348e+02
1.652377361944186305e+02 1.779348089324434739e+02 1.699604629551406560e+02
1.650311839993241563e+02 1.776816232998226042e+02 1.697464482836304285e+02
1.650182901072907100e+02 1.775468798400495700e+02 1.696382458956379651e+02
1.647365710624876840e+02 1.772258771929824661e+02 1.693132233674072893e+02
1.646204098729971008e+02 1.770739031567683242e+02 1.691761179634479504e+02
1.648279687984004909e+02 1.772398834164061725e+02 1.693318197178339233e+02
1.651359156317760721e+02 1.775162414463124207e+02 1.696301498127340892e+02
1.650641350567429697e+02 1.775429444397510679e+02 1.695413111430260926e+02
1.651649805694010240e+02 1.776890857762383575e+02 1.695945446481372016e+02
1.656955556024893781e+02 1.782397954155050570e+02 1.700670813269127848e+02
1.662715109402720373e+02 1.788255434935653625e+02 1.706444728394018853e+02
1.664412928388386774e+02 1.790465137563008682e+02 1.708217242544563703e+02
1.664905522232547526e+02 1.791761214834839961e+02 1.710253864999577615e+02
1.664601743121849609e+02 1.791916378023711047e+02 1.710842555827771605e+02
1.660871068119737686e+02 1.788116569513671834e+02 1.707519782602573741e+02
1.654338268423868783e+02 1.781740833826138442e+02 1.701342999352313257e+02
1.653479696432091544e+02 1.781678564388499240e+02 1.701358452310551570e+02
1.656459054940722524e+02 1.785461687927684409e+02 1.704801681169215044e+02
