1.553377584586466185e+02 1.671526472431077650e+02 1.646889802631579016e+02
1.549912476503759535e+02 1.668299067982456165e+02 1.643460643796992429e+02
1.552664943609022430e+02 1.670542919799498804e+02 1.646075814536340829e+02
1.554598331766917170e+02 1.672502310463659114e+02 1.647806351817042696e+02
1.554831884398496129e+02 1.675265546679198110e+02 1.646225524749373506e+02
1.554050203634085108e+02 1.679327929197995104e+02 1.640696036967418650e+02
1.550928179824561539e+02 1.684484727443609131e+02 1.632375000000000114e+02
1.549106712092731755e+02 1.686214951441102698e+02 1.629306743421052772e+02
1.543573190789473699e+02 1.684810737781954799e+02 1.623445841165413412e+02
1.538924420426065183e+02 1.684348684210526415e+02 1.620372885338345839e+02
1.537454769736842195e+02 1.684487821115288284e+02 1.619087915100250541e+02
1.536149827694235626e+02 1.684155231829574006e+02 1.618952615914786861e+02
1.535350485588972447e+02 1.684627819548872196e+02 1.619456688596491176e+02
1.536314105576441023e+02 1.686742990288220483e+02 1.622208215852130309e+02
1.537981712092731925e+02 1.687619791666666629e+02 1.623511473997493795e+02
1.537236215538846977e+02 1.685928258145363543e+02 1.622323621553884720e+02
1.535618186090225663e+02 1.683142857142857167e+02 1.620526394110275703e+02
1.535729166666666572e+02 1.681034147869674200e+02 1.618933505639097632e+02
1.535171483395990037e+02 1.677641016604009963e+02 1.617072329260651600e+02
1.534042606516290732e+02 1.674805999373433565e+02 1.615080748746867130e+02
1.534585839598997552e+02 1.674724389097744393e+02 1.614793703007518673e+02
1.536471804511278094e+02 1.675684915413533815e+02 1.616168937969924855e+02
1.537124843358396049e+02 1.676192512531328305e+02 1.616202459273183081e+02
1.537726033834586588e+02 1.677194862155388364e+02 1.616564066416040077e+02
1.539778508771929921e+02 1.679590930451127804e+02 1.617904291979949960e+02
1.541445410401002505e+02 1.681552474937343220e+02 1.619201049498746841e+02
1.540305686090225663e+02 1.679851503759398383e+02 1.617890037593984971e+02
1.539160557644110270e+02 1.678104244987468689e+02 1.615887453007518673e+02
1.538744400062656723e+02 1.677465578007518729e+02 1.615402059837092850e+02
1.537566376879699135e+02 1.675828438283207902e+02 1.612979989035087840e+02
1.536227913533834624e+02 1.674522086466165547e+02 1.611307879072681715e+02
1.536376723057643972e+02 1.675091557017543948e+02 1.611663612155388421e+02
1.538462954260651543e+02 1.677373041979949733e+02 1.614195175438596550e+02
1.540175281954887225e+02 1.678285557644110213e+02 1.614773966165413412e+02
1.541964129072681828e+02 1.679589833959899750e+02 1.615594689849623933e+02
1.543610628132832119e+02 1.680951871867167995e+02 1.616894697681704258e+02
1.541436560150376067e+02 1.679801143483709325e+02 1.615875313283208072e+02
1.539213502506265741e+02 1.677856281328320733e+02 1.613352521929824661e+02
1.536683583959899693e+02 1.676919329573934760e+02 1.612296444235589092e+02
1.535653939536340715e+02 1.677176417606516168e+02 1.612507792919799385e+02
1.533220081453634123e+02 1.676206923558897302e+02 1.611887609649122908e+02
1.532533756265664238e+02 1.676072681704260674e+02 1.611131343984962427e+02
1.533433975563909826e+02 1.676805999373433451e+02 1.612540883458646590e+02
1.532038103070175339e+02 1.674512727130325800e+02 1.610776041666666742e+02
1.529110314849623933e+02 1.670203516604009906e+02 1.607462131892230559e+02
1.528133732769423432e+02 1.668101777882205567e+02 1.606104832393483832e+02
1.527936834273182853e+02 1.666916627506265627e+02 1.605121514724310714e+02
1.527709978070175509e+02 1.665991932957393544e+02 1.604591165413533815e+02
1.528135808270676819e+02 1.664986058897243026e+02 1.602799028822055050e+02
1.529362586152882102e+02 1.665441690162907378e+02 1.602683466478696630e+02
1.529060776942355915e+02 1.664766995614035068e+02 1.601437265037594102e+02
1.526504581766917283e+02 1.661853422619047649e+02 1.598215186403508881e+02
1.523631892230576454e+02 1.658421600877192930e+02 1.594862860275689229e+02
1.525273104636591484e+02 1.660047070802004896e+02 1.595643170426065183e+02
1.528270989974937208e+02 1.662728540100250711e+02 1.597821428571428442e+02
1.530412985588972390e+02 1.664448229949874758e+02 1.599269658521303370e+02
1.532842614348371058e+02 1.665555960213032449e+02 1.601089011591478766e+02
1.533851817042606456e+02 1.667366854636591427e+02 1.602411105889724183e+02
1.532066768483709325e+02 1.666384907581453660e+02 1.601293507205513720e+02
1.528483983395989867e+02 1.663798206453633952e+02 1.598197407581453717e+02
1.525522987155388535e+02 1.662748707706766993e+02 1.596456884398496356e+02
1.524508145363408573e+02 1.662334116541353524e+02 1.595840930451127804e+02
1.523010573308270637e+02 1.661915413533834567e+02 1.594450187969924855e+02
1.522810972744360924e+02 1.662166314223057668e+02 1.594482495300752021e+02
1.523614857456140328e+02 1.663526119987468803e+02 1.595486019736842138e+02
1.522706923558897358e+02 1.663670895989974952e+02 1.594430764411027610e+02
1.520903469611528749e+02 1.662613917606516338e+02 1.593039042919799613e+02
1.520709821428571331e+02 1.663141134085213082e+02 1.593283208020050097e+02
1.521060620300751793e+02 1.663181625939849653e+02 1.594104558270676648e+02
1.519330317982456222e+02 1.660922501566415974e+02 1.592802827380952522e+02
1.516440828634085278e+02 1.657725994674185586e+02 1.590301809210526187e+02
1.514302161654135261e+02 1.654936795112782022e+02 1.588829808897243083e+02
1.512853696741854606e+02 1.652538063909774451e+02 1.586188439849624103e+02
1.513074796365914665e+02 1.651720003132832062e+02 1.584934915413533929e+02
1.514609375000000000e+02 1.652548676378445975e+02 1.585318726503759308e+02
1.515206845238095354e+02 1.652466165413533759e+02 1.585346647869674257e+02
1.515388549498746897e+02 1.651683427318295685e+02 1.585092026942355972e+02
1.516104166666666799e+02 1.651520520050125356e+02 1.585522713032581521e+02
1.517351856203007401e+02 1.652333607456140214e+02 1.586451793546365820e+02
1.519277020676691734e+02 1.654201284461152852e+02 1.589253289473684276e+02
1.523947250939849596e+02 1.658364857456140271e+02 1.593016173245613913e+02
1.528231477130325686e+02 1.662182135025062735e+02 1.597002232142857281e+02
1.529816494360902368e+02 1.663772321428571388e+02 1.598308270676691620e+02
1.528085565476190482e+02 1.661576950187969999e+02 1.594938400689223101e+02
1.524261082393483662e+02 1.657401198308270693e+02 1.590453203320801947e+02
1.523268444548872083e+02 1.656665531015037516e+02 1.589357338659147842e+02
1.524001213972431117e+02 1.657495966478696801e+02 1.590616345551378572e+02
1.526719063283208015e+02 1.660613721804511158e+02 1.593685463659147956e+02
1.530267739661654218e+02 1.665417723997493624e+02 1.598136630639097859e+02
1.533995966478696857e+02 1.670517974624060287e+02 1.603285440162907207e+02
1.534052279135338210e+02 1.671830787907268245e+02 1.603271342418546226e+02
1.533323621553884664e+02 1.671032033208020096e+02 1.603134163533834453e+02
1.532335330513784584e+02 1.669555333646616475e+02 1.602469259085212911e+02
1.531358983395990094e+02 1.668819588032581578e+02 1.601539904448621598e+02
1.533108082706766879e+02 1.670466791979949903e+02 1.602987546992481214e+02
1.536149553571428612e+02 1.673530740914787032e+02 1.606166000939849710e+02
1.536145089285714391e+02 1.673915061090225436e+02 1.606948582393483775e+02
1.531932213345864682e+02 1.669909891917293123e+02 1.602746201441102869e+02
1.531400767543859729e+02 1.668090225563909712e+02 1.600299263784461061e+02
1.534109374999999886e+02 1.669107730263157805e+02 1.600954926378446146e+02
1.533920739348371001e+02 1.667921600877193100e+02 1.600048323934836958e+02
1.532827028508772003e+02 1.666021499060150290e+02 1.597722626879699135e+02
1.535878994360902254e+02 1.668699483082706649e+02 1.600090695488721906e+02
1.539309837092731925e+02 1.672164630325814585e+02 1.603716400375939770e+02
1.537720942982456052e+02 1.670699483082706820e+02 1.602253759398496129e+02
1.534785440162907264e+02 1.667764371867168052e+02 1.599355145676691734e+02
1.532333764097744222e+02 1.665067630012531197e+02 1.596818491541353353e+02
1.529419329573934760e+02 1.662020285087719174e+02 1.593748668546365934e+02
1.525277647243107708e+02 1.657661027568922236e+02 1.589478775062656553e+02
1.524035557644110384e+02 1.656399827694235682e+02 1.588442199248120232e+02
1.524635338345864568e+02 1.656940554511278094e+02 1.588571976817042639e+02
1.524457276002506205e+02 1.657136473997493624e+02 1.588733748433583912e+02
1.524930216165413412e+02 1.657221412907268245e+02 1.589062265037593988e+02
1.525845238095238017e+02 1.658005012531328362e+02 1.589571741854636571e+02
1.525309367167919845e+02 1.657526080827067574e+02 1.589106124686716726e+02
1.523249804197994877e+02 1.655641643170426107e+02 1.586849193295739440e+02
1.522810150375939884e+02 1.654891525689222931e+02 1.586687969924811910e+02
1.522683975563909655e+02 1.655707315162907207e+02 1.586820488721804452e+02
1.522889841791979961e+02 1.657582589285714221e+02 1.587996593045112661e+02
1.524538651315789366e+02 1.659960487155388478e+02 1.589649788533834567e+02
1.525846569548872083e+02 1.663153117167919675e+02 1.591872258771929864e+02
1.525065162907268075e+02 1.662760025062656553e+02 1.590676378446115393e+02
1.523320841165413526e+02 1.660241815476190368e+02 1.588887257205513777e+02
1.522781876566415917e+02 1.659029761904761813e+02 1.587754307644110270e+02
1.523181077694235626e+02 1.657798793859649038e+02 1.586845629699247979e+02
1.521803375626566321e+02 1.655823504072681658e+02 1.585431116854636571e+02
1.519563244047619150e+02 1.652315906954887339e+02 1.582424302944862120e+02
1.519922501566416031e+02 1.651305177005012581e+02 1.581793507205513833e+02
1.523584077380952522e+02 1.652430333646616418e+02 1.583109766604009963e+02
1.525854284147869748e+02 1.652405036027568883e+02 1.583449992167919902e+02
1.527315789473684333e+02 1.652070253759398497e+02 1.583490601503759478e+02
1.526629855889724183e+02 1.650551926691729250e+02 1.581971961152882216e+02
1.525088424185463793e+02 1.647555529448621598e+02 1.578362155388471137e+02
1.522395715852130422e+02 1.643749177631578959e+02 1.575074835526315837e+02
1.521918193922305704e+02 1.642638901942355858e+02 1.573608826754386030e+02
1.522134946741854549e+02 1.642829887218045144e+02 1.573847666040100250e+02
1.521680490288220540e+02 1.641783168859649038e+02 1.572951010338345839e+02
1.519836583646616646e+02 1.640980302318295685e+02 1.570621828007518843e+02
1.519446350250626665e+02 1.640971882832080269e+02 1.570022086466165376e+02
1.519702106829574006e+02 1.641300869360902368e+02 1.569542645676691848e+02
1.518401276629072640e+02 1.640503485275689286e+02 1.568452185150376010e+02
1.517590460526315894e+02 1.640343515037594102e+02 1.568098370927318399e+02
1.518899945175438688e+02 1.642575070488721849e+02 1.569891016604009906e+02
1.518208920739348287e+02 1.643010612468671638e+02 1.569313400689223101e+02
1.514956688596491290e+02 1.641131109022556416e+02 1.567296130952381077e+02
1.514827811716791928e+02 1.641287633145363429e+02 1.567361646303258169e+02
1.516217222744360811e+02 1.643573660714285722e+02 1.569189653822055277e+02
1.516546874999999943e+02 1.644278391290726802e+02 1.570092692669173005e+02
1.513590812969924855e+02 1.643551417606516338e+02 1.569365170739348230e+02
1.510841909461152852e+02 1.643199052318295799e+02 1.568890076754385916e+02
1.510442786654135432e+02 1.643943726503759422e+02 1.569680333646616646e+02
1.511197211779448537e+02 1.645741776315789480e+02 1.572417136591478766e+02
1.512072720864661619e+02 1.647176809210526187e+02 1.575414356203007458e+02
1.514311168546365991e+02 1.649221021303258112e+02 1.578558348997493681e+02
1.516566572681704201e+02 1.650513471177944780e+02 1.581428728070175396e+02
1.517253681077694125e+02 1.650361685463659285e+02 1.582020911654135205e+02
1.514632636278195434e+02 1.646790922619047706e+02 1.579118616854636628e+02
1.508456492794486223e+02 1.639181821741854606e+02 1.572818413220551292e+02
1.504648809523809518e+02 1.633932800751879597e+02 1.566164395363408630e+02
1.504854284147869805e+02 1.632795621867167881e+02 1.564208920739348230e+02
1.504295935150375954e+02 1.631872846177944893e+02 1.562718319235588922e+02
1.503691024436090231e+02 1.630889567669173061e+02 1.561348997493734316e+02
1.505058153195488728e+02 1.631857573621553854e+02 1.562272203947368325e+02
1.505979440789473642e+02 1.632462523496240578e+02 1.563268287907268075e+02
1.503226817042606456e+02 1.629324248120300638e+02 1.559844611528822043e+02
1.497536614974937379e+02 1.623011552318295685e+02 1.554910675125313162e+02
1.494873551065163042e+02 1.620807135025062564e+02 1.552512335526315894e+02
1.495575775375939713e+02 1.621368303571428555e+02 1.552678923872180405e+02
1.496360275689223158e+02 1.621033756265664181e+02 1.553872023809523739e+02
1.496245418233082773e+02 1.621046483395990094e+02 1.553657855576441023e+02
1.498334978070175509e+02 1.623097196115288341e+02 1.555084429824561312e+02
1.499258302005012524e+02 1.623848449248120289e+02 1.556179354636591370e+02
1.495776785714285779e+02 1.621248041979949903e+02 1.551726112155388364e+02
1.492971687030075145e+02 1.618999020989975008e+02 1.548281054197994990e+02
1.494354558270676705e+02 1.620788768796992372e+02 1.549621788847117898e+02
1.494784343671679210e+02 1.622144462719298303e+02 1.550317551691729250e+02
1.496223840852130422e+02 1.624041196741854662e+02 1.551810228696741945e+02
1.500504307644110327e+02 1.628661340852130195e+02 1.556031015037594045e+02
1.503050986842105203e+02 1.633107534461152852e+02 1.559784539473684220e+02
1.503140625000000057e+02 1.634742050438596550e+02 1.561024710213032449e+02
1.503185581140350848e+02 1.636513745300752021e+02 1.562616502192982466e+02
1.504619830827067801e+02 1.638523731203007401e+02 1.564553101503759365e+02
1.505263706140351019e+02 1.639578242481202892e+02 1.565487938596491233e+02
1.506902764724310657e+02 1.640611724624060059e+02 1.567013823621553854e+02
1.508608435150376010e+02 1.641846530388471308e+02 1.569374177631578959e+02
1.508406210839598884e+02 1.640989622493734430e+02 1.568975838032581578e+02
1.507902255639097859e+02 1.639484492481203119e+02 1.567518640350877206e+02
1.507796600877192930e+02 1.638388627819548731e+02 1.566691885964912387e+02
1.503962484335839633e+02 1.635071506892230673e+02 1.563434523809523853e+02
1.498648692042606569e+02 1.630031602443609131e+02 1.558250430764410908e+02
1.496589951441102642e+02 1.628504895050125185e+02 1.556144697681704372e+02
1.498750626566416031e+02 1.631307252506265684e+02 1.558768013784461175e+02
1.502345120614035068e+02 1.633002075501253216e+02 1.561310189536340829e+02
1.501774749373433622e+02 1.631252741228070136e+02 1.561112703634085221e+02
1.502083646616541444e+02 1.630152020676691791e+02 1.560742794486215530e+02
1.500689614661654048e+02 1.627315006265664294e+02 1.558428414786967551e+02
1.496215303884711716e+02 1.622633615288220597e+02 1.553861215538847205e+02
1.492646029135338210e+02 1.619391486528822099e+02 1.549300086152882159e+02
1.492342692669172948e+02 1.619494478383458613e+02 1.549102404448621542e+02
1.492513079573934931e+02 1.619791510025062564e+02 1.548751958020050097e+02
1.493008615288220540e+02 1.620679041353383525e+02 1.549056547619047706e+02
1.496835173872180462e+02 1.625500822368421154e+02 1.553408090538846977e+02
1.501663807957393431e+02 1.630115640664160424e+02 1.558562147556390869e+02
1.501883184523809405e+02 1.629598880012531197e+02 1.558713776629072640e+02
1.501100720551378345e+02 1.628724780701754469e+02 1.558302788220551349e+02
1.504857142857142946e+02 1.632454887218045201e+02 1.562494125939849710e+02
1.508517191416040077e+02 1.636040217731829500e+02 1.566479675751879768e+02
1.504629425125313276e+02 1.635561129385964989e+02 1.565022047305764374e+02
1.505138588659147842e+02 1.638407150689222931e+02 1.566698269110275703e+02
1.508827576754385973e+02 1.643479362468671638e+02 1.570993538533834624e+02
1.507002310463659285e+02 1.642707276002506376e+02 1.569918507205513833e+02
1.501171757518796994e+02 1.638149436090225493e+02 1.565215538847117784e+02
1.498705983709273255e+02 1.638421052631578902e+02 1.564746475563909769e+02
1.498522321428571331e+02 1.639854244987468803e+02 1.565639019423558977e+02
1.495786380012531254e+02 1.638161693295739383e+02 1.564025101817042582e+02
1.495050242794486337e+02 1.637101072994987589e+02 1.562870104949874701e+02
1.497439888784461175e+02 1.638495653195488728e+02 1.564570136278195491e+02
1.497529331140351019e+02 1.636640938283208015e+02 1.562813244047619037e+02
1.493197290100250711e+02 1.629381109022556302e+02 1.556780153508771889e+02
1.491856477130325800e+02 1.627190828634085165e+02 1.554410518483709325e+02
1.493784578634085278e+02 1.628582276002506148e+02 1.555810737781955027e+02
1.494013275375939713e+02 1.628681430137844472e+02 1.555301104323308152e+02
1.494731712092731755e+02 1.629247297932330696e+02 1.555051026002506376e+02
1.496670817669173061e+02 1.631787359022556529e+02 1.556455357142857281e+02
1.497419956140350905e+02 1.632550438596491347e+02 1.557140820802005123e+02
1.495736646303258226e+02 1.630823504072681658e+02 1.554813087406014915e+02
1.496108435150376010e+02 1.630785675125313219e+02 1.555203359962405898e+02
1.496667645676691620e+02 1.631707980889724183e+02 1.555728892543859558e+02
1.496313283208019982e+02 1.631561951754385973e+02 1.554731046365914722e+02
1.496917449874686667e+02 1.631324874686716839e+02 1.554524514411027667e+02
1.497498942669172948e+02 1.631998002819548788e+02 1.555147438909774564e+02
1.496943883145363543e+02 1.631538572994987533e+02 1.555321154448621428e+02
1.495937656641604008e+02 1.630878759398496243e+02 1.553948934837092679e+02
1.497165531015037629e+02 1.632193804824561312e+02 1.554897987155388535e+02
1.498587484335839690e+02 1.633890037593984914e+02 1.556293781328320733e+02
1.498058192355889844e+02 1.634381030701754298e+02 1.556487390350877149e+02
1.497745104949874815e+02 1.634548598057644142e+02 1.556077811716791928e+02
1.499104832393483662e+02 1.635499725877193100e+02 1.557174851190476090e+02
1.498988212719298190e+02 1.635384359335839690e+02 1.556883341165413412e+02
1.497432526629072811e+02 1.634032072368420927e+02 1.555831101190476318e+02
1.496734962406015086e+02 1.633438831453634066e+02 1.554458489974937265e+02
1.499688126566416031e+02 1.636720708020050097e+02 1.557588659147869805e+02
1.501363995927318342e+02 1.639733591791979848e+02 1.561030662593985028e+02
1.500120535714285666e+02 1.639196193609022600e+02 1.561517073934837185e+02
1.496844063283207902e+02 1.637057252506265570e+02 1.559873198621554025e+02
1.495706688596491176e+02 1.636401785714285779e+02 1.559269971804511385e+02
1.497324326441102755e+02 1.638853461779448537e+02 1.561052631578947398e+02
1.499150375939849482e+02 1.640785557644110213e+02 1.563151394110275589e+02
1.498970003132832005e+02 1.640069157268170557e+02 1.563637531328320733e+02
1.500406328320802061e+02 1.640507127192982466e+02 1.565104166666666572e+02
1.502724193295739212e+02 1.641327968358395992e+02 1.566411223370927246e+02
1.501151354949874701e+02 1.638912633145363316e+02 1.564827106829573893e+02
1.498595042293233064e+02 1.633944901315789480e+02 1.560653469611528692e+02
1.499162241541353353e+02 1.632745966478696857e+02 1.559252780388471251e+02
1.499723801691729363e+02 1.632560972744360868e+02 1.559092927631579073e+02
1.498851229636591427e+02 1.630471373746867130e+02 1.556894462719298247e+02
1.499321976817042525e+02 1.630477052005012411e+02 1.556598214285714334e+02
1.500735040726817147e+02 1.632015820802004953e+02 1.558468593358396106e+02
1.499371397243107822e+02 1.631906250000000114e+02 1.557686090225564044e+02
1.496223605889724411e+02 1.628919877819548958e+02 1.554930999373433451e+02
1.494467927631579016e+02 1.627413024749373562e+02 1.553676965852130252e+02
1.493046875000000000e+02 1.626844963972430946e+02 1.553159891917293294e+02
1.489421091791979848e+02 1.623688479010025105e+02 1.549731398809523739e+02
1.487747102130325914e+02 1.622329965538847034e+02 1.548489191729323409e+02
1.489597705200501139e+02 1.625350289786967437e+02 1.551047423245614141e+02
1.492223057644110327e+02 1.628975015664160537e+02 1.554621632205513890e+02
1.492779879385964819e+02 1.629742442042606569e+02 1.555065358709273085e+02
1.494738016917293351e+02 1.631826832706767050e+02 1.557464520676691677e+02
1.498588267543859729e+02 1.634985667293233007e+02 1.560592340225563817e+02
1.499441063596491119e+02 1.635822877506265627e+02 1.561439340538847205e+02
1.499551065162907264e+02 1.635977600250626551e+02 1.561535714285714391e+02
1.503120261591478766e+02 1.639836740288220653e+02 1.565541470864661733e+02
1.506404957706766936e+02 1.643738291040100137e+02 1.568177200814536434e+02
1.504294564536340886e+02 1.642053258145363372e+02 1.565633615288220426e+02
1.498695214598997438e+02 1.637698190789473642e+02 1.560349741541353410e+02
1.497337249373433679e+02 1.637096647869674086e+02 1.558859022556391096e+02
1.497646734022556529e+02 1.637960330513784584e+02 1.559929158834586360e+02
1.498589638157894797e+02 1.639196467731829614e+02 1.562113291040100194e+02
1.502315946115288341e+02 1.643159539473684276e+02 1.566447055137844586e+02
1.507698778195488671e+02 1.648621162280701640e+02 1.572727835213032677e+02
1.508363486842105203e+02 1.650072055137844700e+02 1.574077145989975008e+02
1.507758106203007458e+02 1.649596843671679096e+02 1.573967536027568883e+02
1.507636983082706763e+02 1.650239113408521234e+02 1.574796992481203119e+02
1.506494086779448480e+02 1.649190202067669304e+02 1.573824287280701810e+02
1.501665726817042525e+02 1.643898182957393601e+02 1.569826206140350848e+02
1.498866619674185472e+02 1.640722901002506262e+02 1.566841791979949789e+02
1.499382088032581350e+02 1.640704064849624046e+02 1.567296718358396106e+02
1.497869008458646647e+02 1.638547344924812137e+02 1.564452263471177957e+02
1.492889019423558921e+02 1.632345394736842081e+02 1.558247885338345782e+02
1.491752153822055220e+02 1.630721138784461175e+02 1.556186051065162985e+02
1.492955787907268075e+02 1.631460095551378515e+02 1.557069588032581464e+02
1.493038651315789593e+02 1.631679550438596493e+02 1.557013666979949846e+02
1.493844298245614084e+02 1.631365523182957418e+02 1.557162750626566492e+02
1.498198504072681772e+02 1.634189497180451269e+02 1.560670073621553797e+02
1.502542645676691677e+02 1.638293898809523910e+02 1.565002623746867130e+02
1.503484570802004896e+02 1.638654370300751850e+02 1.564951362781955027e+02
1.502013627819548844e+02 1.636981986215538711e+02 1.562797619047618980e+02
1.502084547305764488e+02 1.636698034147869691e+02 1.563015781641603894e+02
1.499885338345864625e+02 1.634287045739348230e+02 1.561455435463659285e+02
1.495883223684210463e+02 1.630930529448621655e+02 1.557545504385964819e+02
1.494837797619047706e+02 1.631175673558897188e+02 1.557848919172932369e+02
1.497558427318295742e+02 1.634354479949874701e+02 1.560988956766917397e+02
1.497923049812030172e+02 1.635189653822055220e+02 1.561314340538847034e+02
1.497494713345864739e+02 1.634991658834586588e+02 1.560136004072681715e+02
1.498842692669173005e+02 1.636653391290726915e+02 1.561117285401002448e+02
1.499534030388471137e+02 1.638338854949874701e+02 1.562375274122807127e+02
1.498776550751879597e+02 1.637956766917293123e+02 1.561959508145363316e+02
1.498787868107769441e+02 1.638187460839598941e+02 1.562467770989974838e+02
1.499623433583959979e+02 1.639749999999999943e+02 1.563408364661654275e+02
1.500037241541353410e+02 1.640520637531328418e+02 1.563885534147869691e+02
1.498935111215538711e+02 1.639420073621553797e+02 1.562981868734335933e+02
1.496349036654135318e+02 1.637084390664160480e+02 1.560257557957393431e+02
1.494960800438596493e+02 1.636020245927318228e+02 1.559746593045112775e+02
1.494838894110275760e+02 1.635981437969924741e+02 1.560103305137844529e+02
1.496077341791979904e+02 1.637570997807017648e+02 1.561461427005012581e+02
1.497979989035087840e+02 1.639022595551378458e+02 1.563593397556390983e+02
1.498204025689223045e+02 1.639202929197994933e+02 1.564404683583960036e+02
1.497840812969924684e+02 1.638928923872180405e+02 1.563208842418546283e+02
1.498828555764411021e+02 1.638629777568922350e+02 1.563377662907268189e+02
1.500162750626566321e+02 1.638773261278195434e+02 1.564223762531328248e+02
1.500762844611528806e+02 1.638653900375939827e+02 1.563759476817042469e+02
1.501547109962405955e+02 1.638728265977443641e+02 1.564506539786967494e+02
1.502491463032581578e+02 1.638828790726817033e+02 1.564925830200501196e+02
1.502661849937343277e+02 1.639016094924812137e+02 1.564766564849624046e+02
1.502546483395989867e+02 1.638984688283208015e+02 1.564812539160400888e+02
1.501889567669173005e+02 1.638815554511278094e+02 1.564665805137844643e+02
1.501252232142857110e+02 1.638045308583959923e+02 1.563763118734335933e+02
1.501873316102756917e+02 1.637681430137844529e+02 1.563487194548872310e+02
1.503697525062656553e+02 1.638868734335839576e+02 1.564674420426065069e+02
1.505184758771929694e+02 1.639443530701754526e+02 1.566160322681704145e+02
1.505319000626566321e+02 1.639062969924812023e+02 1.566001096491227997e+02
1.504977052005012581e+02 1.639061168546365934e+02 1.565682565789473699e+02
1.505158090538847091e+02 1.639777999686716896e+02 1.566231633771929808e+02
1.503548128132832176e+02 1.638813479010024992e+02 1.564356163847117784e+02
1.502663181390977343e+02 1.638570449561403564e+02 1.563931038533834510e+02
1.505167998120300865e+02 1.641711622807017648e+02 1.566511356516290618e+02
1.510555568609022430e+02 1.647287946428571388e+02 1.571951871867167938e+02
1.511914238721804509e+02 1.649057800751879768e+02 1.573619204260651543e+02
1.509830552944862063e+02 1.648264293546365877e+02 1.572371123120300638e+02
1.507571624373433679e+02 1.646820292919799442e+02 1.570847548558897131e+02
1.504516682330826995e+02 1.644668624686716782e+02 1.568144501879699249e+02
1.500853344298245702e+02 1.641731868734335933e+02 1.564679315476190595e+02
1.499899592731829614e+02 1.641085761278195605e+02 1.563224467418546340e+02
1.501029918546365991e+02 1.642551300125313389e+02 1.564112155388471308e+02
1.503507166353383582e+02 1.645372297932330810e+02 1.566038259711779403e+02
1.506555255325814642e+02 1.649016251566416145e+02 1.569625665726817090e+02
1.510765977443608961e+02 1.653368969298245474e+02 1.573668233082706820e+02
1.512990679824561369e+02 1.653833255012531254e+02 1.575910714285714391e+02
1.512364348370927303e+02 1.651004385964912160e+02 1.574224154135338267e+02
1.511395989974937208e+02 1.648029448621553854e+02 1.572467731829573836e+02
1.510535557644110156e+02 1.645448621553884720e+02 1.570741384711779460e+02
1.509627780388471194e+02 1.643178532268170500e+02 1.569027921365914722e+02
1.509659187030075316e+02 1.642184014724310828e+02 1.567886317355889787e+02
1.508950892857142776e+02 1.641790648496240692e+02 1.567427083333333258e+02
1.507643092105263065e+02 1.640119674185463623e+02 1.565961466165413469e+02
1.507083020050125413e+02 1.639616854636591370e+02 1.565000078320802004e+02
1.507945410401002562e+02 1.640203320802004896e+02 1.565878524436090231e+02
1.508790531015037573e+02 1.641867285401002619e+02 1.566696076127819595e+02
1.508291000939849482e+02 1.642082745927318399e+02 1.566197407581453547e+02
1.508211505325814414e+02 1.641882479636591370e+02 1.566240797305764545e+02
1.506027608082706877e+02 1.640100289786967380e+02 1.564220590538847091e+02
1.506072681704260674e+02 1.639969376566415917e+02 1.563978540100250711e+02
1.506982886904762040e+02 1.639796483395990094e+02 1.564892191416039964e+02
1.508688909774436127e+02 1.640878524436090231e+02 1.566313909774436013e+02
1.510763549498746841e+02 1.642318687343358476e+02 1.568168624686716726e+02
1.511767191416039964e+02 1.643145167606516281e+02 1.569272203947368496e+02
1.512506343984962314e+02 1.644073308270676819e+02 1.570557095864661790e+02
1.512909539473684220e+02 1.645297619047618980e+02 1.571412202380952294e+02
1.513228383458646533e+02 1.647365523182957361e+02 1.572179667919799613e+02
1.513775101817042525e+02 1.649908325501253046e+02 1.573777764724310657e+02
1.515823308270676648e+02 1.652551613408521405e+02 1.575983082706766822e+02
1.515531680764410964e+02 1.653030505952380906e+02 1.575906367481202892e+02
1.513501253132832005e+02 1.651676691729323352e+02 1.574321898496240522e+02
1.512502036340852101e+02 1.651443609022556416e+02 1.573536810776942332e+02
1.514237664473684220e+02 1.652936051065162815e+02 1.574499647556390869e+02
1.514229088345864795e+02 1.653531954887218092e+02 1.574612312030075145e+02
1.513352169486215644e+02 1.653281289160401002e+02 1.574093005952381077e+02
1.513416510025062678e+02 1.653838894110275817e+02 1.574102521929824547e+02
1.513283208020050097e+02 1.654037907268170500e+02 1.574888157894736764e+02
1.511171992481203006e+02 1.651712954260651713e+02 1.573178101503759478e+02
1.510297658208019982e+02 1.649719963972431174e+02 1.572407855576441023e+02
1.511374295112781851e+02 1.649562421679198110e+02 1.572868812656641637e+02
1.512839442355889616e+02 1.648905701754385973e+02 1.572433192355889844e+02
1.512620222431077650e+02 1.647359100877193043e+02 1.571085604636591597e+02
1.513393052944862234e+02 1.646514920112782079e+02 1.570194901315789480e+02
1.512617363721804509e+02 1.644778156328320904e+02 1.568591439536340886e+02
1.510442512531328418e+02 1.642193922305764318e+02 1.566276002506265570e+02
1.510691651002506148e+02 1.641727600250626438e+02 1.566429119674185415e+02
1.511240758145363543e+02 1.642958724937343220e+02 1.566166588345864739e+02
1.511266956453634123e+02 1.643744400062656723e+02 1.566020010964912217e+02
1.512036340852130252e+02 1.645080043859649095e+02 1.567293076441102642e+02
1.513782973057644199e+02 1.646873590225563930e+02 1.568434288847117841e+02
1.514045935150375897e+02 1.647107573621553911e+02 1.567899083646616418e+02
1.513173010651628942e+02 1.645889724310777069e+02 1.567990601503759365e+02
1.513227482769423489e+02 1.646428610588972390e+02 1.570445449561403564e+02
1.513646381578947455e+02 1.647048323934837128e+02 1.572322838345864682e+02
1.513365993107769327e+02 1.646680451127819538e+02 1.572536105889724354e+02
1.513795034461152795e+02 1.647715382205513777e+02 1.573499765037593932e+02
1.515593045112781851e+02 1.649465538847117898e+02 1.574606751253132870e+02
1.516076441102756860e+02 1.649965147243107708e+02 1.574791040100250541e+02
1.516101738721804395e+02 1.649709273182957361e+02 1.574562500000000114e+02
1.516739035087719287e+02 1.650556547619047478e+02 1.575451754385964875e+02
1.516762061403508710e+02 1.651938048245613970e+02 1.577730811403508824e+02
1.517265507518796994e+02 1.653590460526315837e+02 1.579911810776942218e+02
1.518701676065163042e+02 1.655954025689223101e+02 1.583029135338345839e+02
1.520182330827067574e+02 1.658202302631578959e+02 1.585438674812029944e+02
1.518245261591478652e+02 1.656913103070175453e+02 1.584189888784461289e+02
1.512708842418546453e+02 1.653036380012531197e+02 1.580560346177944950e+02
1.509672971491227997e+02 1.650932448308270750e+02 1.578376527255639132e+02
1.506744830827067574e+02 1.648791901629072640e+02 1.576586387844611465e+02
1.503201754385964932e+02 1.645337249373433508e+02 1.573785401002506319e+02
1.500720590538847148e+02 1.642546796679197882e+02 1.571260142543859786e+02
1.501319313909774564e+02 1.641664395363408460e+02 1.570685307017543835e+02
1.500254777568922293e+02 1.638527960526315894e+02 1.567205043859649152e+02
1.496122885338345725e+02 1.633122650375939884e+02 1.562279526942355972e+02
1.492530819235589092e+02 1.627584625626566321e+02 1.556556978383458727e+02
1.489816416040100364e+02 1.624226660401002391e+02 1.553981516290726859e+02
1.488130599937343277e+02 1.622265311716791985e+02 1.552068178258145394e+02
1.489280310150375897e+02 1.622357612781954970e+02 1.550991306390977513e+02
1.492279879385964989e+02 1.624156367481203063e+02 1.552176652568922179e+02
1.493898692042606626e+02 1.624483278508772059e+02 1.551844807330826939e+02
1.492886552318295799e+02 1.623392974624060230e+02 1.550144462719298133e+02
1.490083568295739269e+02 1.619331453634085278e+02 1.546151707393483719e+02
1.487852091165413526e+02 1.616757401315789480e+02 1.543467301065163042e+02
1.488153861215538711e+02 1.617491032268170557e+02 1.544084547305764374e+02
1.489692982456140271e+02 1.619482534461153023e+02 1.545718750000000057e+02
1.490692630012531197e+02 1.620298441416040021e+02 1.546620026629072697e+02
1.490286223370927416e+02 1.620417489035087613e+02 1.546422893170426107e+02
1.491348370927318285e+02 1.621338424185463793e+02 1.547822133458646476e+02
1.490617128759398611e+02 1.620638510338345952e+02 1.547540609335839576e+02
1.487992050438596436e+02 1.618068178258145338e+02 1.544561599310777069e+02
1.487508536967418422e+02 1.618299342105263179e+02 1.544397791353383411e+02
1.490052474937343447e+02 1.621040178571428498e+02 1.547230498120300695e+02
1.492407973057644028e+02 1.623742951127819651e+02 1.549659539473684333e+02
1.494203751566415974e+02 1.625464716478696801e+02 1.551352639411027496e+02
1.494414826127819538e+02 1.626490484022556302e+02 1.552048989661654161e+02
1.494848449248120232e+02 1.627422854010025048e+02 1.552634790100250655e+02
1.495229989035087783e+02 1.628212131892230445e+02 1.553243460213032563e+02
1.494651707393483662e+02 1.629928101503759308e+02 1.554555294486215473e+02
1.495727208646616475e+02 1.631972979323308266e+02 1.556739896616541330e+02
1.494908560463659057e+02 1.631835252192982466e+02 1.556672266604010133e+02
1.492898222117794376e+02 1.629124647556390926e+02 1.554393366228070192e+02
1.491639763471177957e+02 1.626219102443608904e+02 1.551777608082706763e+02
1.491620809837092736e+02 1.624946389411027496e+02 1.549838228383458727e+02
1.491262609649122908e+02 1.623646381578947455e+02 1.548809210526315780e+02
1.491040256892230502e+02 1.622477991854636628e+02 1.547729244987468746e+02
1.491990484022556416e+02 1.622673989661654161e+02 1.547952185150375897e+02
1.492161536654135432e+02 1.622764528508772059e+02 1.547973175125313219e+02
1.491390546679197939e+02 1.621522830513784470e+02 1.546890625000000057e+02
1.490637257205513890e+02 1.620687930764410964e+02 1.546449992167919731e+02
1.491126801378446203e+02 1.621260025062656780e+02 1.546882283834586360e+02
1.492358865914787032e+02 1.622174185463659057e+02 1.547719298245613970e+02
1.492297227443609131e+02 1.621920034461152795e+02 1.547952537593984914e+02
1.492279370300751964e+02 1.621897086466165376e+02 1.547769501879699305e+02
1.492261356516290789e+02 1.621504699248120289e+02 1.547619987468671638e+02
1.490509555137844586e+02 1.620257048872180405e+02 1.546116228070175396e+02
1.488577067669172891e+02 1.618415256892230616e+02 1.543761748120300865e+02
1.488065397869674200e+02 1.618002506265664238e+02 1.543548323934837185e+02
1.488314810463659228e+02 1.618376135651629113e+02 1.543569118107769498e+02
1.488514215225563930e+02 1.619215264724310828e+02 1.544016799812030172e+02
1.488470708020050211e+02 1.619574796365914722e+02 1.544242011278195434e+02
1.488990718984962314e+02 1.620692395050125185e+02 1.544833842418546226e+02
1.488064379699248150e+02 1.620682565789473699e+02 1.543931469298245531e+02
1.485486528822055163e+02 1.618643875313283331e+02 1.542007988721804566e+02
1.483499334273182910e+02 1.617692786654135375e+02 1.540580004699248207e+02
1.484388353696741945e+02 1.619186051065162815e+02 1.541682448308270637e+02
1.484186168546365820e+02 1.619421914160400888e+02 1.541423480576441136e+02
1.483281250000000000e+02 1.617891212406015029e+02 1.539530310150375954e+02
1.483646968984962484e+02 1.617955083020050040e+02 1.538855850563909655e+02
1.485542410714285779e+02 1.618639920112781851e+02 1.539706414473684220e+02
1.485731163847117671e+02 1.617449913847117671e+02 1.538473253446115336e+02
1.485070057957393601e+02 1.615491423872180405e+02 1.536485236528822043e+02
1.485693060776942218e+02 1.615264332706767050e+02 1.535776080827067744e+02
1.485667254072681658e+02 1.613928453947368382e+02 1.534115640664160480e+02
1.485081884398496186e+02 1.612580787907268132e+02 1.532215891290726688e+02
1.485446820175438631e+02 1.612478461779448651e+02 1.532431390977443471e+02
1.485434602130325743e+02 1.612549185463659285e+02 1.532053963032581407e+02
1.486386082393483719e+02 1.612338698308270750e+02 1.532313400689222931e+02
1.487127114661654161e+02 1.612124138471178014e+02 1.532667998120300865e+02
1.487092457706766879e+02 1.611352169486215473e+02 1.531324052318295799e+02
1.487662828947368325e+02 1.611063361528821929e+02 1.530830748746867300e+02
1.488585213032581578e+02 1.611592340225564044e+02 1.531888314536340943e+02
1.488064379699248150e+02 1.612305137844611522e+02 1.532409696115288114e+02
1.487476307957393544e+02 1.611788886278195605e+02 1.532249255952380906e+02
1.486301574248120403e+02 1.610980772243107708e+02 1.531550321115288114e+02
1.485941102756892178e+02 1.610239661654135261e+02 1.530906641604009906e+02
1.485979049185463623e+02 1.610621044799498804e+02 1.531218319235588865e+02
1.485205200501253273e+02 1.610057017543859672e+02 1.531009711779448708e+02
1.483739935776942218e+02 1.609525963345864739e+02 1.530507166353383468e+02
1.482321585213032620e+02 1.608630717418546396e+02 1.529559993734335706e+02
1.480638941102756974e+02 1.608206531954887168e+02 1.528740288220551520e+02
1.482217222744361038e+02 1.610236646303258112e+02 1.531023065476190368e+02
1.484738330200501366e+02 1.614586622807017591e+02 1.534658991228070306e+02
1.485464207393483775e+02 1.617335447994987589e+02 1.536995848997493681e+02
1.484614465852130252e+02 1.618117285401002619e+02 1.538126762218045087e+02
1.483734140037593932e+02 1.618567160087719401e+02 1.537542723997493681e+02
1.481520833333333371e+02 1.616902490601503644e+02 1.535573621553884607e+02
1.474370770676691791e+02 1.611788063909774564e+02 1.530083255012531254e+02
1.470018679511278208e+02 1.608395559210526358e+02 1.527417019110275760e+02
1.468934719611528692e+02 1.607133889411027496e+02 1.526275023496240522e+02
1.467746397243107879e+02 1.605984727443608904e+02 1.525424655388471251e+02
1.465834508145363486e+02 1.603683270676691848e+02 1.523649201127819595e+02
1.466004503446115166e+02 1.602927279135338381e+02 1.523068256578947341e+02
1.466516329887218149e+02 1.602062225877193100e+02 1.521910753446115336e+02
1.464890233395989867e+02 1.599290922619047706e+02 1.519420073621553797e+02
1.463802396616541444e+02 1.597489739974937208e+02 1.517833489974937322e+02
1.464796013471178071e+02 1.597915139411027496e+02 1.518396734022556416e+02
1.467491463032581578e+02 1.600238251879699192e+02 1.520710996240601389e+02
1.470470003132832062e+02 1.602579887218045087e+02 1.522938909774435956e+02
1.472341713659147899e+02 1.604092026942356028e+02 1.524387453007518900e+02
1.473545778508772059e+02 1.604381931390977343e+02 1.524680490288220653e+02
1.473824639724310828e+02 1.604723292606516338e+02 1.524898809523809575e+02
1.475088189223057782e+02 1.604923010651629056e+02 1.524580043859648981e+02
1.475919016290726802e+02 1.604537359022556302e+02 1.524656876566415917e+02
1.476554237155388591e+02 1.604191768483709382e+02 1.524758262844611636e+02
1.476179902882205397e+02 1.603537202380952351e+02 1.524136356516290789e+02
1.476858787593984914e+02 1.604044721177944837e+02 1.524543703007518900e+02
1.479982025375939827e+02 1.607033873746867130e+02 1.527810816102756917e+02
1.482078986528821929e+02 1.609716987781955027e+02 1.530374177631578902e+02
1.482665335213032449e+02 1.610906563283207902e+02 1.531485354010025048e+02
1.482383889411027553e+02 1.611163181390977570e+02 1.531762648809523739e+02
1.482238565162907378e+02 1.611434993734335706e+02 1.531976425438596436e+02
1.480159147869674143e+02 1.610276472431077650e+02 1.530321036967418422e+02
1.477931430137844586e+02 1.608973096804511158e+02 1.529235628132832119e+02
1.478017700501253273e+02 1.609662672305764488e+02 1.529587327694235626e+02
1.477905466791980018e+02 1.610455122180451042e+02 1.529807957393483662e+02
1.476109492481203063e+02 1.610076676065162928e+02 1.529123120300751850e+02
1.476779722744360868e+02 1.611655662593985028e+02 1.530859140037593988e+02
1.478711231203007515e+02 1.614364191729323181e+02 1.533772164786967380e+02
1.477708959899749459e+02 1.613254307644110384e+02 1.533410322681704372e+02
1.474062930764411021e+02 1.608596765350877149e+02 1.529654096177944780e+02
1.471867520363408630e+02 1.605924694548872083e+02 1.527288964598997438e+02
1.471186168546365991e+02 1.604991854636591597e+02 1.527002427944862291e+02
1.471112664473684220e+02 1.604998786027568940e+02 1.527264685150375954e+02
1.472054197994987419e+02 1.605846647869674086e+02 1.528370065789473813e+02
1.472082824248120403e+02 1.606160518483709154e+02 1.528367990288220426e+02
1.468856868734335706e+02 1.602807996553884777e+02 1.525061051065162872e+02
1.463770089285714278e+02 1.598026433270676705e+02 1.520269227756892292e+02
1.462138001253132700e+02 1.596671992481203119e+02 1.519174812030075259e+02
1.460169251253132927e+02 1.594603775062656723e+02 1.517232456140350791e+02
1.455400062656641467e+02 1.590133771929824604e+02 1.512811090225563930e+02
1.454949835526315667e+02 1.590188870614035181e+02 1.512259985902255721e+02
1.460160048558897188e+02 1.594393914473684220e+02 1.516367833646616532e+02
1.462554237155388535e+02 1.596840812969924741e+02 1.517425242794486167e+02
1.463173206453633952e+02 1.597097470238095127e+02 1.517887962092731868e+02
1.464503132832080325e+02 1.598891055764410964e+02 1.519372102130325857e+02
1.467209860588972390e+02 1.601489230889724240e+02 1.521719963972431060e+02
1.467815946115288170e+02 1.602112468671679153e+02 1.522707393483709382e+02
1.466355028195488615e+02 1.601755874060150404e+02 1.522336936090225663e+02
1.468359257518796994e+02 1.605081923558897188e+02 1.525296209273182910e+02
1.473403430451127747e+02 1.611513079573934704e+02 1.532327929197994933e+02
1.476495966478696857e+02 1.614914669486215644e+02 1.536507792919799442e+02
1.477617833646616532e+02 1.617246358082706763e+02 1.537516173245614084e+02
1.479944627192982409e+02 1.620324639724310885e+02 1.539478148496240522e+02
1.480601503759398554e+02 1.620861607142857110e+02 1.539748746867167881e+02
1.477457315162907321e+02 1.617780545112781851e+02 1.536425595238095241e+02
1.475507322994987476e+02 1.616120026629072584e+02 1.534366110588972560e+02
1.478160910087719344e+02 1.617405584273182910e+02 1.536744635025062564e+02
1.480099780701754355e+02 1.618019815162907378e+02 1.537898809523809405e+02
1.479540805137844472e+02 1.616443843984962427e+02 1.536613095238095354e+02
1.480252310463659171e+02 1.616115249060150347e+02 1.536804237155388364e+02
1.481108356829574006e+02 1.615238447681704201e+02 1.536065985275689343e+02
1.477729636591478766e+02 1.610752036340852271e+02 1.532310385338345782e+02
1.473963698308270693e+02 1.606382322994987533e+02 1.528075618734335706e+02
1.473121083959899806e+02 1.605065554511278094e+02 1.526967418546365991e+02
1.472459234022556416e+02 1.603997846177944950e+02 1.525749647556390869e+02
1.469780036027568997e+02 1.601256853070175339e+02 1.523207197681704201e+02
1.469066416040100194e+02 1.600446428571428612e+02 1.522850407268170443e+02
1.469365209899749232e+02 1.602195567042606399e+02 1.524653822055137766e+02
1.467978931704260788e+02 1.601986293859649209e+02 1.524414943609022544e+02
1.466695332080200558e+02 1.601153743734335819e+02 1.523996553884711886e+02
1.467554863721804566e+02 1.602870809837092736e+02 1.525450697055137823e+02
1.471412163220551292e+02 1.604357260338345839e+02 1.527291940789473585e+02
1.472435150375939941e+02 1.603666901629072754e+02 1.526660166040100250e+02
1.472564614661654048e+02 1.602678884711779403e+02 1.525680451127819595e+02
1.473741541353383582e+02 1.603533756265664181e+02 1.526853540100250655e+02
1.475725838032581407e+02 1.605140390037593932e+02 1.528294916979949960e+02
1.477106868734335876e+02 1.607280192669173005e+02 1.530663259711779460e+02
1.478882949561403564e+02 1.611590108082706649e+02 1.534365718984962541e+02
1.478665648496240692e+02 1.614443217418546226e+02 1.536647164786967323e+02
1.478496123120300751e+02 1.615493381892230502e+02 1.537329456453634009e+02
1.477997337092731698e+02 1.615600720551378515e+02 1.537571976817042696e+02
1.477064301378446203e+02 1.615169956140350962e+02 1.536785714285714164e+02
1.475346412907268245e+02 1.613071271929824491e+02 1.535153587092731868e+02
1.475521381578947455e+02 1.612942355889724411e+02 1.534784539473684220e+02
1.478043781328320847e+02 1.615284382832080325e+02 1.536769893483709382e+02
1.479128171992481100e+02 1.616982808583960036e+02 1.538343867481202949e+02
1.479460134711779347e+02 1.618214207393483832e+02 1.539197446741854662e+02
1.483122689536340886e+02 1.621770324248120403e+02 1.542115405701754298e+02
1.484220786340852101e+02 1.622976817042606399e+02 1.542790648496240635e+02
1.481339755639097859e+02 1.619089677318295628e+02 1.538664395363408630e+02
1.478603970864661790e+02 1.615445449561403564e+02 1.535219102443608961e+02
1.478880090852130422e+02 1.614482064536340715e+02 1.535198543233082660e+02
1.477998081140351019e+02 1.612906445802005067e+02 1.534357808583959866e+02
1.476977012844611465e+02 1.611171091791979961e+02 1.533868303571428555e+02
1.477592301065162985e+02 1.610652999686716669e+02 1.533667880639097802e+02
1.476867872807017648e+02 1.609359492481202949e+02 1.533212719298245474e+02
1.475454182330826995e+02 1.607254151002506148e+02 1.531115209899749345e+02
