1.695992778307671358e+02 1.705905436707998319e+02 1.743632511241313523e+02
1.698069934595993971e+02 1.708120486442294634e+02 1.745833526365989883e+02
1.698608597901621522e+02 1.708445632920016237e+02 1.746168210927919233e+02
1.694984091838124982e+02 1.704771528818640149e+02 1.742219137484671023e+02
1.694994038697370229e+02 1.706771392560294203e+02 1.743163680337920596e+02
1.696728948085570323e+02 1.710615581141844928e+02 1.743088125085161550e+02
1.694620793023572674e+02 1.712539174274424170e+02 1.740162011173184453e+02
1.695396000817549975e+02 1.713134657310260138e+02 1.738825623381932246e+02
1.695835842757869045e+02 1.711315335876822417e+02 1.735513319253304303e+02
1.694189841940318786e+02 1.707413305627469811e+02 1.730813905164191340e+02
1.692376175228232853e+02 1.705169335059272271e+02 1.728578927646818499e+02
1.698006404142253700e+02 1.710074533315165581e+02 1.733564654585093479e+02
1.700651996184766404e+02 1.716001771358495773e+02 1.738521596947813066e+02
1.698118646954625888e+02 1.717081312167870237e+02 1.738403835672434923e+02
1.693339351410273821e+02 1.713865036108461766e+02 1.735279533996457246e+02
1.693282395421719571e+02 1.714925671072353168e+02 1.736391810873415977e+02
1.695675602943180138e+02 1.717628321297179355e+02 1.739513455511650193e+02
1.696400872053413309e+02 1.718717808965799065e+02 1.740513557705409369e+02
1.694542819185175233e+02 1.717285972203297320e+02 1.738841769995912330e+02
1.692139971385747401e+02 1.714505552527592442e+02 1.736116126175228374e+02
1.692965901348957516e+02 1.715433403733478599e+02 1.736954591906254279e+02
1.693415894536040298e+02 1.715921004224008755e+02 1.737552561656901560e+02
1.692797690421038226e+02 1.715363435072898142e+02 1.736787198528409988e+02
1.692768020166235203e+02 1.715591974383430909e+02 1.736508993050824472e+02
1.691910035427169987e+02 1.715569934595993971e+02 1.736240734432483919e+02
1.690131080528682332e+02 1.714063223872462061e+02 1.734654857610028671e+02
1.688241960757596303e+02 1.712415962665213272e+02 1.732583287913884647e+02
1.688429724758141504e+02 1.712831686878321307e+02 1.732853624471999012e+02
1.690325521188172786e+02 1.714156833356043137e+02 1.734339692056138347e+02
1.691779636190216536e+02 1.715108427578689145e+02 1.735763966480446925e+02
1.693929997274832999e+02 1.716878764136803284e+02 1.737771528818640263e+02
1.699980208475269023e+02 1.722824737702684388e+02 1.744034166780215287e+02
1.705735999454966532e+02 1.728132647499659242e+02 1.749697847118135883e+02
1.706000919743834174e+02 1.728403971930780756e+02 1.749302731979833823e+02
1.701633090339283285e+02 1.722971556070309305e+02 1.743381693691238468e+02
1.697014852159694840e+02 1.717879956397329408e+02 1.738290775309987737e+02
1.697040298405777321e+02 1.717330664940727729e+02 1.738035256846982008e+02
1.696410205750102307e+02 1.716370554571467437e+02 1.737268633328791338e+02
1.694802697915247336e+02 1.712196620793023669e+02 1.733460280692192441e+02
1.692998943997819765e+02 1.709363571331244032e+02 1.730400906117999682e+02
1.696497922060226244e+02 1.711821671889903200e+02 1.733081652813734763e+02
1.701382204660035313e+02 1.716204932552118692e+02 1.737445973565880877e+02
1.700137314348003770e+02 1.714879786074397146e+02 1.736024901212699376e+02
1.694887893445973646e+02 1.709821263114865815e+02 1.730685686060771218e+02
1.694438888131898011e+02 1.709276468183676343e+02 1.730107507834854914e+02
1.697665519825589229e+02 1.712050040877503818e+02 1.733811588772312291e+02
1.697635440795748707e+02 1.711724690012263181e+02 1.733573170731707194e+02
1.692858291320343369e+02 1.707175773266112628e+02 1.728709360948357983e+02
1.692245401280828503e+02 1.706443793432347604e+02 1.728003815233683156e+02
1.695443078076032180e+02 1.708721045101512459e+02 1.731033349230140459e+02
1.694695666984602838e+02 1.707540059953672085e+02 1.729863809783349211e+02
1.689195632920016408e+02 1.701959633465049819e+02 1.724051199073443286e+02
1.686736374165417658e+02 1.700746866058046010e+02 1.722371201798610230e+02
1.688281577871644572e+02 1.702188649679793002e+02 1.723678634691374896e+02
1.688140346096198527e+02 1.702423490938820123e+02 1.723227551437525449e+02
1.686912249625289633e+02 1.701860062678838972e+02 1.722153971930780756e+02
1.686249829677067851e+02 1.701344256710723641e+02 1.721377776263796022e+02
1.684523811145932655e+02 1.699999489031203268e+02 1.719576815642458030e+02
1.683498569287368980e+02 1.699510832538493048e+02 1.718898760049052896e+02
1.686335979016214708e+02 1.703276570377435633e+02 1.722258039242403527e+02
1.690689876004905159e+02 1.709491211336694505e+02 1.727005314075487092e+02
1.692209224690012377e+02 1.710803583594495194e+02 1.728652473088976649e+02
1.690475950401961995e+02 1.709137075895898761e+02 1.726808557024117761e+02
1.689083015397193037e+02 1.708519723395558003e+02 1.725521085979016220e+02
1.691463414634146432e+02 1.710786891947131778e+02 1.727662079302357370e+02
1.693559033928328006e+02 1.713338159149747923e+02 1.729680712631148651e+02
1.690603590407412469e+02 1.709767917972475857e+02 1.726660137620929163e+02
1.681811214061861222e+02 1.702895421719580327e+02 1.719709020302493627e+02
1.679901144570104918e+02 1.701003610846164236e+02 1.718569219239678318e+02
1.687590475541626915e+02 1.708430371985284069e+02 1.726426693009946973e+02
1.692797179452241494e+02 1.712543875187355127e+02 1.730423150292955370e+02
1.685827020029976779e+02 1.707792410410137620e+02 1.725775105600218069e+02
1.680521426624880803e+02 1.703934425671072290e+02 1.722526740700367895e+02
1.688935583867011871e+02 1.711035733751192254e+02 1.730189841940318729e+02
1.695861050551846176e+02 1.715479663441885805e+02 1.733790877503747083e+02
1.683485352227824023e+02 1.704428532497615549e+02 1.723121678702820532e+02
1.668426011718217694e+02 1.690501907616841493e+02 1.710654925739201531e+02
1.675228675568878600e+02 1.696611697778988912e+02 1.717891981196348183e+02
1.687949311895353617e+02 1.708846981877640019e+02 1.728330835263659822e+02
1.684764852159694897e+02 1.706752588908570658e+02 1.726191749557160335e+02
1.667696859245128849e+02 1.693734466548576165e+02 1.712436742062951396e+02
1.663710791660989230e+02 1.689315233683063013e+02 1.708851410273879310e+02
1.674389835127401511e+02 1.698195939501294447e+02 1.717535495299086961e+02
1.677909149747922015e+02 1.699783928328110107e+02 1.718157548712358675e+02
1.664126515874097265e+02 1.688355021120043489e+02 1.706431325793704730e+02
1.651577054094563266e+02 1.676768633328791509e+02 1.695662760594086365e+02
1.657499148385338685e+02 1.682260287505109773e+02 1.700463039923695305e+02
1.667981128219103368e+02 1.691650156697097600e+02 1.709723872462188297e+02
1.661816255620656761e+02 1.688475337239405860e+02 1.706336626243357273e+02
1.646915417631829825e+02 1.676340134895762333e+02 1.695537709497206720e+02
1.647558761411636397e+02 1.677369634827633149e+02 1.696383260662215662e+02
1.663250510968796902e+02 1.691352023436435559e+02 1.710050756233819413e+02
1.666962528954898346e+02 1.694600763046736631e+02 1.712635781441613290e+02
1.654441885815506339e+02 1.684026025344052186e+02 1.701861970295680635e+02
1.648482184221283546e+02 1.677700878866330640e+02 1.695940693554980214e+02
1.661143445973565917e+02 1.688822693827496835e+02 1.706085536176590836e+02
1.670617216241994925e+02 1.696932245537539075e+02 1.713259538084207634e+02
1.663547111323068464e+02 1.691753406458645657e+02 1.709065574328927539e+02
1.654820173048099150e+02 1.683236306036244798e+02 1.700738554298950760e+02
1.661518735522550685e+02 1.688679247853931145e+02 1.705999182449924945e+02
1.671602466276059431e+02 1.696624403869737137e+02 1.712829200163509995e+02
1.668104850797111283e+02 1.693248330835263573e+02 1.709663918790026003e+02
1.657951457964300346e+02 1.684730038152336817e+02 1.702090577735386319e+02
1.659672298678294169e+02 1.686486442294590518e+02 1.704243493663987010e+02
1.668436060771222174e+02 1.695138063768905852e+02 1.713824397056819748e+02
1.673315267747649671e+02 1.700042751056002146e+02 1.718806751601035501e+02
1.674864218558386710e+02 1.701464709088431562e+02 1.720143411908979374e+02
1.677069287368851462e+02 1.701307058182313767e+02 1.720338806376890659e+02
1.676506063496389061e+02 1.697529499931870873e+02 1.717037334786755594e+02
1.673803583594495024e+02 1.694023368306308726e+02 1.713233342417223071e+02
1.677454012808284460e+02 1.696122359994549527e+02 1.715935277285733775e+02
1.683378866330562857e+02 1.701310600899305143e+02 1.720982082027524314e+02
1.681355123313802835e+02 1.700728062406322465e+02 1.720630092655675298e+02
1.671871338056955949e+02 1.695210893854748520e+02 1.714694474724076940e+02
1.671535495299087017e+02 1.695535086524049575e+02 1.714917291184085002e+02
1.680023232047962836e+02 1.703774015533451518e+02 1.723016964164054912e+02
1.680742676113912069e+02 1.705108257255756996e+02 1.723365921787709567e+02
1.673615172366807542e+02 1.698849945496661746e+02 1.715816698460280634e+02
1.676192056138438602e+02 1.702752895489848868e+02 1.717335399918245002e+02
1.694349230140346094e+02 1.721704183131216723e+02 1.730137620929282036e+02
1.705858700095380982e+02 1.734039106145251310e+02 1.735770677203978778e+02
1.707138540673116154e+02 1.736583287913884703e+02 1.736738213653086120e+02
1.711040843439160710e+02 1.738105702411772597e+02 1.738860982422673374e+02
1.721837818503883284e+02 1.747202037062270108e+02 1.748711370758958878e+02
1.729530385611118675e+02 1.753083594495162743e+02 1.756203910614525228e+02
1.722696280147158916e+02 1.745542035699686494e+02 1.751126447744924235e+02
1.707421889903256442e+02 1.730095823681700438e+02 1.739897431530181109e+02
1.699482116092110573e+02 1.724658706908298029e+02 1.737184664123177527e+02
1.694429622564381930e+02 1.720478403052186991e+02 1.736769859653903723e+02
1.687839283281101075e+02 1.715263864286687578e+02 1.734403392832811051e+02
1.681165247308897790e+02 1.709794488349911319e+02 1.729985250034064563e+02
1.679844052323204835e+02 1.708493459599400524e+02 1.729484739065267718e+02
1.680872019348685171e+02 1.710537913884725469e+02 1.730723634010083174e+02
1.682930371985284239e+02 1.713588363537266730e+02 1.731826134350729092e+02
1.688326236544488381e+02 1.719594665485761027e+02 1.734324737702684160e+02
1.705600183948766926e+02 1.737333798882681606e+02 1.744106928736885038e+02
1.732377674070036733e+02 1.762810294318026934e+02 1.759909081618749269e+02
1.752929315983103891e+02 1.784066664395694204e+02 1.775929724758141504e+02
1.763510968796838938e+02 1.795066494072761998e+02 1.785351955307262699e+02
1.766366705273198079e+02 1.797599570786210563e+02 1.789064620520506992e+02
1.766363809783349268e+02 1.797278512058863669e+02 1.789244447472407558e+02
1.765905947676795336e+02 1.796819559885543072e+02 1.788982933642185458e+02
1.766829029840577618e+02 1.798213687150837927e+02 1.791342451287641495e+02
1.767762501703229248e+02 1.799574056410955052e+02 1.792719852840986619e+02
1.768547179452241380e+02 1.800824737702684217e+02 1.792920391061452392e+02
1.770234636871508371e+02 1.802147976563564384e+02 1.794555797792614840e+02
1.768309408638779132e+02 1.799788765499386898e+02 1.792755245946314346e+02
1.759349298269519011e+02 1.791059067992914606e+02 1.786175977653631151e+02
1.745593371031475556e+02 1.777175466684834362e+02 1.774169335059272328e+02
1.727555048371712871e+02 1.759177067720397929e+02 1.761300926556751563e+02
1.701662385883635409e+02 1.735134793568606142e+02 1.742813223872462061e+02
1.685913578144161420e+02 1.719730991960757649e+02 1.732256267883907981e+02
1.688711438888131795e+02 1.722248160512331481e+02 1.736456908298133328e+02
1.691217434255348167e+02 1.724275480310668911e+02 1.740333662624335602e+02
1.686260049053004479e+02 1.719284166780215344e+02 1.736789003951492134e+02
1.681679690693555074e+02 1.714647942498978068e+02 1.733058761411636510e+02
1.683130569559885430e+02 1.716255518463005956e+02 1.735485658809102176e+02
1.688003951492028989e+02 1.719042103828859638e+02 1.738761684153154476e+02
1.691153495026570397e+02 1.720071740019076287e+02 1.739914225371304042e+02
1.692135917699959009e+02 1.719766657582777043e+02 1.739683539991824546e+02
1.694279874642321886e+02 1.721115410818912608e+02 1.741322523504564685e+02
1.699055320888404310e+02 1.724753099877367504e+02 1.746334241722305478e+02
1.699429997274833113e+02 1.724306410955171032e+02 1.745807705409456219e+02
1.687627026842894225e+02 1.716319491756370041e+02 1.734392662488077406e+02
1.680638779125221447e+02 1.710103147567788540e+02 1.727715901348957743e+02
1.686289072080664937e+02 1.716050074942090191e+02 1.732999386837443865e+02
1.690929077530998654e+02 1.720385679247853830e+02 1.737260457828041922e+02
1.685327769450878748e+02 1.715443589044828911e+02 1.733842962256438227e+02
1.675104987055457286e+02 1.704963142117454709e+02 1.725340441477040372e+02
1.674143445973565747e+02 1.703947233955579748e+02 1.724919846028069230e+02
1.677685856383703538e+02 1.706672775582504471e+02 1.729310600899304973e+02
1.676302050688104543e+02 1.705133090339283228e+02 1.728359824226733963e+02
1.669281373484125766e+02 1.699199345959939933e+02 1.721929281918517631e+02
1.667114286687559570e+02 1.697689841940318729e+02 1.720343064450197517e+02
1.671747683608120951e+02 1.702684732252350557e+02 1.726726018531134912e+02
1.674418755961302736e+02 1.704655436707998319e+02 1.728992267338874456e+02
1.668050006812917161e+02 1.698548576100286027e+02 1.723862242812372187e+02
1.658477960212563005e+02 1.688853896988690622e+02 1.713839453604033167e+02
1.659044794931189415e+02 1.689779772448562483e+02 1.713752793296089294e+02
1.664101989371849015e+02 1.695255825044283995e+02 1.718731639187900271e+02
1.663835910887041791e+02 1.695678532497615549e+02 1.716999284643684405e+02
1.657762501703229248e+02 1.689712767407003753e+02 1.711121133669437313e+02
1.654778035154653253e+02 1.686489031203161062e+02 1.707916337375664284e+02
1.658539412726529463e+02 1.690350422400871935e+02 1.711852125630194905e+02
1.657981094154517052e+02 1.689681053277013234e+02 1.711379513557705536e+02
1.648867556887859394e+02 1.682446109824226710e+02 1.704054912113366811e+02
1.642554571467502456e+02 1.677140891129581632e+02 1.698487123586319569e+02
1.654980446927374373e+02 1.683368783212971778e+02 1.707363469137484628e+02
1.668753951492028875e+02 1.692900565472135099e+02 1.717707759912794643e+02
1.671271937593677706e+02 1.694348106008993113e+02 1.718894093200708539e+02
1.665992880501430591e+02 1.688684936639869250e+02 1.713053515465322221e+02
1.663155096062133680e+02 1.684831346232456610e+02 1.710067754462460812e+02
1.670677408366262569e+02 1.691864763591769929e+02 1.717454217195803210e+02
1.676455818231366663e+02 1.695622598446654763e+02 1.722380467366126311e+02
1.672997649543534635e+02 1.691981162283689741e+02 1.718882374982967747e+02
1.666750204387518863e+02 1.685209667529636306e+02 1.713797622291865252e+02
1.672407003678975457e+02 1.690961030113094523e+02 1.719212835536176556e+02
1.679879309170186730e+02 1.696956567652268575e+02 1.724719069355498107e+02
1.670273674887586992e+02 1.694281032838261467e+02 1.721752214198119759e+02
1.658997138574737562e+02 1.686748194576917967e+02 1.714312849162011219e+02
1.661340475541626915e+02 1.690883873824771797e+02 1.718741075078348501e+02
1.668260389698868948e+02 1.697283826134350591e+02 1.724587273470500008e+02
1.665215117863469061e+02 1.694878696007630481e+02 1.722039889630739822e+02
1.654800926556751506e+02 1.686604578280419560e+02 1.712546395966753039e+02
1.656836762501703220e+02 1.688629786074397146e+02 1.714624608257255716e+02
1.666544181768633450e+02 1.698236374165417715e+02 1.724399339147022658e+02
1.669070718081482596e+02 1.700972203297451983e+02 1.726812372257800803e+02
1.667123109415451836e+02 1.697434868510696333e+02 1.722471249489031209e+02
1.667687457419266934e+02 1.695432245537539302e+02 1.721229084343916043e+02
1.672075010219375883e+02 1.698236612617522781e+02 1.724431462052050676e+02
1.673581141844937861e+02 1.698633873824771854e+02 1.724985284098651164e+02
1.671931223599945611e+02 1.695195156015805935e+02 1.721733240223463781e+02
1.670188309033928249e+02 1.692956124812644703e+02 1.719196348276331889e+02
1.673604442022073897e+02 1.695707317073170657e+02 1.721759504019621261e+02
1.676110403324703668e+02 1.696299938683744415e+02 1.722251158195939524e+02
1.673036789753372489e+02 1.692634963891538291e+02 1.718642730617250436e+02
1.671762672026161738e+02 1.691125800517781670e+02 1.717173082163782567e+02
1.674683029023027530e+02 1.695733989644365636e+02 1.722391708679656688e+02
1.675947506472271300e+02 1.698321808148249090e+02 1.725015771903529185e+02
1.671953842485352197e+02 1.695873722578007801e+02 1.722764715901348893e+02
1.672071160921106525e+02 1.696805320888404367e+02 1.723962563019484833e+02
1.676616637144024935e+02 1.702035086524049632e+02 1.729739133396920465e+02
1.678766555389017583e+02 1.703657548712358505e+02 1.731812883226597535e+02
1.676970534132715613e+02 1.700764238997138591e+02 1.728749523095789584e+02
1.679999795612481250e+02 1.703781100967434270e+02 1.732344120452377751e+02
1.688881557432892748e+02 1.712508754598719065e+02 1.741817379752009742e+02
1.691549495844120372e+02 1.715311043738929015e+02 1.744344699550347570e+02
1.688054060498705553e+02 1.711251771358495830e+02 1.740544454285324889e+02
1.686540536857882557e+02 1.708962528954898517e+02 1.736796157514647803e+02
1.690975643820684127e+02 1.713131523368306262e+02 1.740417393377844348e+02
1.693610096743425402e+02 1.714690352909115632e+02 1.741304878048780438e+02
1.690764170867965674e+02 1.711266010355634251e+02 1.737500238452105066e+02
1.687555627469682520e+02 1.710441034200844683e+02 1.736804571467502285e+02
1.691200265703774335e+02 1.715560123995094841e+02 1.742431904891674606e+02
1.690970329745196921e+02 1.716710621338056910e+02 1.743315880910205635e+02
1.685689433165281343e+02 1.711973668074669490e+02 1.738462835536176669e+02
1.682586251532906374e+02 1.709540332470363921e+02 1.735901417086796528e+02
1.682477278920833896e+02 1.713595278648317333e+02 1.740442941817686346e+02
1.684357473770268427e+02 1.717644161329881456e+02 1.744494822182858798e+02
1.684319628014715988e+02 1.718784405232320580e+02 1.746019450878866337e+02
1.682728130535495268e+02 1.720655096062133680e+02 1.749134044147704117e+02
1.685158706908298143e+02 1.723365683335604217e+02 1.752457793977381186e+02
1.685875834582368213e+02 1.722436265158740980e+02 1.752072727892083321e+02
1.682134316664395612e+02 1.716019042103828838e+02 1.746694610982422660e+02
1.679333662624335659e+02 1.711834139528546075e+02 1.742976938274969427e+02
1.681320786210655456e+02 1.713866909660716829e+02 1.745410852977244929e+02
1.684012672026161681e+02 1.716638915383567223e+02 1.748269382749693364e+02
1.684695735113775754e+02 1.717626107099059709e+02 1.748832402234636731e+02
1.683894910750783538e+02 1.717175875459871861e+02 1.747931973020847636e+02
1.679926863332879066e+02 1.713378832265976257e+02 1.743675875459871918e+02
1.671434664123177640e+02 1.705887450606349773e+02 1.735700367897533738e+02
1.668733410546396101e+02 1.703187014579642948e+02 1.733078552936367487e+02
1.671450640414225290e+02 1.706463721215424414e+02 1.736516044420220624e+02
1.672420186673933813e+02 1.707541184085025350e+02 1.737798984875323640e+02
1.668026127537811760e+02 1.702875698324022267e+02 1.733366092110641716e+02
1.665414906663033037e+02 1.699872870963346543e+02 1.730757732661125488e+02
1.669665076985965300e+02 1.704871644638234045e+02 1.735899168824090566e+02
1.670987327973838319e+02 1.706473770268428893e+02 1.737295816868783334e+02
1.663570718081482482e+02 1.700051710042239961e+02 1.730126652132443041e+02
1.657167597765363212e+02 1.694497751737293925e+02 1.724669846028069173e+02
1.662061282191034195e+02 1.700614354816732430e+02 1.730793534541490715e+02
1.666478607439705684e+02 1.704858904482899504e+02 1.734836558114184584e+02
1.664686980515056689e+02 1.702711779533996435e+02 1.732043159831039532e+02
1.660000510968796732e+02 1.696041660989235709e+02 1.725689433165281343e+02
1.656225337239405917e+02 1.691209531271290416e+02 1.720828416678021426e+02
1.655069082981332542e+02 1.689669437253031674e+02 1.719490802561657006e+02
1.657780079029840579e+02 1.691299087069083100e+02 1.722404005995367129e+02
1.657136258345823592e+02 1.691186946450470145e+02 1.722134759504019712e+02
1.648454523777081420e+02 1.684171106417768158e+02 1.714470466003542697e+02
1.641735181904891760e+02 1.676981400735795091e+02 1.708986714811282184e+02
1.649451968933097135e+02 1.685366126175228203e+02 1.716509061179997389e+02
1.656860437389290155e+02 1.691545544352091497e+02 1.722500579097969649e+02
1.652065301812235987e+02 1.685616058046055343e+02 1.716422298678293998e+02
1.641863366943725282e+02 1.675406492710178554e+02 1.706676420493255080e+02
1.649359551710042240e+02 1.681211030113094296e+02 1.712548950810737267e+02
1.657492062951355649e+02 1.687886394604169595e+02 1.718887893445973702e+02
1.649550279329608884e+02 1.680756029431802574e+02 1.712203638097833505e+02
1.640674751328518823e+02 1.669547758550211256e+02 1.701363264749965936e+02
1.646318367625017061e+02 1.674941613298814502e+02 1.706315369941409017e+02
1.656062781032838132e+02 1.683546361902166382e+02 1.712768871780896518e+02
1.652360062678839085e+02 1.680208407139937208e+02 1.709259231502929595e+02
1.641234670936094915e+02 1.669588261343507156e+02 1.698712528954898460e+02
1.638318299495844030e+02 1.669148930371985387e+02 1.699346368715083884e+02
1.642792206022618871e+02 1.676130262978607561e+02 1.706367216241994811e+02
1.642958918108734281e+02 1.676914634146341427e+02 1.706856043057637180e+02
1.639298610164872514e+02 1.673536380978334819e+02 1.703166167052731907e+02
1.639756165690148464e+02 1.674543602670663631e+02 1.704038901757732560e+02
1.644377776263796136e+02 1.680401485215969615e+02 1.709943520915656165e+02
1.648200197574601304e+02 1.684444100013625700e+02 1.714047997002316492e+02
1.650137654993868352e+02 1.686097186265158712e+02 1.715417257119498515e+02
1.652464198119634773e+02 1.688542819185175006e+02 1.717928566562201809e+02
1.655074839896443564e+02 1.691614831720942789e+02 1.720875221419811965e+02
1.656279261479765523e+02 1.692796906935549828e+02 1.722054707725848175e+02
1.653010321569696259e+02 1.693844358904482874e+02 1.721804026434118953e+02
1.648336319662079177e+02 1.692771937593677478e+02 1.719978232729254728e+02
1.646095687423354548e+02 1.692000306581278153e+02 1.718903154380705871e+02
1.646117488758686420e+02 1.694404040059953616e+02 1.721124982967706671e+02
1.649081380297043324e+02 1.696109313257937004e+02 1.723754087750374708e+02
1.648151996184766404e+02 1.692614048235454334e+02 1.721235386292410396e+02
1.645044352091565543e+02 1.687400803924240336e+02 1.716807535086524013e+02
1.651079336421855714e+02 1.694304843984193951e+02 1.722977142662488177e+02
1.659342349093882092e+02 1.699675091974383463e+02 1.729082913203433804e+02
1.652265737838942528e+02 1.696397499659354082e+02 1.725163680337920766e+02
1.642793023572693869e+02 1.686680610437389305e+02 1.716259708407139897e+02
1.649270132170595389e+02 1.694242471726393262e+02 1.723418926284234942e+02
1.659873892900940291e+02 1.703071876277421950e+02 1.731715288186401551e+02
1.657040400599536838e+02 1.701267407003678898e+02 1.729860539583049501e+02
1.660157276195666896e+02 1.696087511922605131e+02 1.724555423082163657e+02
1.678506131625562148e+02 1.709639528546123586e+02 1.734328178225916304e+02
1.693120282054775885e+02 1.721555627469682577e+02 1.742450163510015102e+02
1.687097663169369071e+02 1.715206261070990479e+02 1.735964811282190965e+02
1.675132034337103164e+02 1.703596539038016147e+02 1.725010900667665794e+02
1.683750068129172917e+02 1.712066323749829735e+02 1.732643377844393058e+02
1.692755348140073579e+02 1.724450538220465887e+02 1.745401621474315164e+02
1.685806717536449071e+02 1.721968592451287634e+02 1.743021188172775453e+02
1.668875766453195126e+02 1.707736646682109267e+02 1.730840339283280969e+02
1.672814007357950743e+02 1.711958986237906970e+02 1.735581823136667197e+02
1.688448085570241233e+02 1.727112072489439925e+02 1.749175296361902099e+02
1.681374778580187979e+02 1.727595517100422455e+02 1.749154448834991058e+02
1.664152166507698496e+02 1.714553992369532693e+02 1.739090850252077871e+02
1.665699345959939990e+02 1.717405981741381709e+02 1.742096947813053589e+02
1.683701526093473149e+02 1.735638574737702697e+02 1.758798678294045601e+02
1.688217229867829303e+02 1.738536891947131835e+02 1.762453638097833561e+02
1.678659660716718918e+02 1.726851512467638656e+02 1.753364388881319087e+02
1.674402064313939320e+02 1.722539140209837853e+02 1.748554401144569965e+02
1.680665962665213158e+02 1.729053753917427514e+02 1.755710519144297450e+02
1.683960416950538104e+02 1.731343575418994476e+02 1.757629581686878453e+02
1.678341463414634234e+02 1.724554707725848175e+02 1.750523640823000449e+02
1.674606554026434253e+02 1.719181973020847636e+02 1.745615410818912778e+02
1.676800551846300493e+02 1.721234534677749082e+02 1.747472714266248772e+02
1.677492676113911898e+02 1.721428770949720786e+02 1.747288288595176482e+02
1.675100763046736745e+02 1.717706158877231246e+02 1.743500408775037442e+02
1.673696722986782959e+02 1.716193520915656165e+02 1.742222407684970733e+02
1.674118817277558264e+02 1.715988554298950817e+02 1.742051778171413048e+02
1.672354510151246814e+02 1.711305865921787586e+02 1.737393343779806401e+02
1.671530998773674810e+02 1.709004632783758098e+02 1.735566289685243362e+02
1.676266521324430983e+02 1.713690829813326104e+02 1.741000545033383275e+02
1.675857712222373550e+02 1.716438036517236583e+02 1.743331209974111005e+02
1.668475098787300794e+02 1.713367999727483380e+02 1.739913033110778144e+02
1.664557637280283302e+02 1.711156356451832607e+02 1.737567447881182829e+02
1.667339317345687562e+02 1.715540570922468930e+02 1.742214913475950482e+02
1.669265363128491515e+02 1.717775378116909621e+02 1.743776740700367895e+02
1.674102738792751097e+02 1.718265567516010321e+02 1.743283826134350818e+02
1.684734398419403192e+02 1.725276842894127185e+02 1.746911806785665533e+02
1.698049904619157928e+02 1.737476938274969314e+02 1.754064620520506992e+02
1.704710587273470423e+02 1.743618476631693568e+02 1.756812235999454970e+02
1.708207725848208156e+02 1.746999523095789755e+02 1.758214811282190908e+02
1.711205034745878208e+02 1.749480276604442111e+02 1.760007868919471434e+02
1.712281646000817545e+02 1.751120861152745647e+02 1.761494890312031600e+02
1.714589692056138404e+02 1.754063053549529911e+02 1.764451662351819152e+02
1.716512944542853347e+02 1.757163714402507253e+02 1.767548780487804834e+02
1.714449107507834924e+02 1.755816323749829735e+02 1.765590271154108279e+02
1.708647772176045692e+02 1.750141163646273412e+02 1.761423354680474063e+02
1.710583015397193094e+02 1.752326849707044687e+02 1.766057058182313710e+02
1.719080085842757910e+02 1.762270302493527652e+02 1.776420322932279703e+02
1.716038867693146130e+02 1.759283723940591244e+02 1.774253883362856072e+02
1.695717025480310554e+02 1.739570275241858610e+02 1.758245844120452261e+02
1.681964538765499526e+02 1.725034575555252729e+02 1.745356417768088306e+02
1.682151791797247711e+02 1.724189262842349137e+02 1.744472816460008175e+02
1.678405027932960820e+02 1.718655743289276359e+02 1.738705886360539523e+02
1.665137109960485020e+02 1.705985045646545757e+02 1.727185617931598358e+02
1.657855191442975809e+02 1.697105634282599738e+02 1.719767577326611274e+02
1.659977415179179729e+02 1.701296259708407206e+02 1.724264375255484367e+02
1.663369396375528027e+02 1.706886496797928885e+02 1.729894127265295083e+02
1.661481571058727411e+02 1.705377742199209763e+02 1.728649168824090339e+02
1.656255722850524705e+02 1.700513932415860552e+02 1.723869839215151956e+02
1.654408638779125340e+02 1.699161466139801178e+02 1.722528409865104209e+02
1.658958815914974707e+02 1.705071501566970937e+02 1.729063189807875744e+02
1.662141231775446215e+02 1.708581891265839943e+02 1.732771154108189080e+02
1.660036517236680709e+02 1.705596811554707699e+02 1.729698869055729631e+02
1.655389324158604722e+02 1.699871133669437313e+02 1.724493425534813866e+02
1.654015192805559309e+02 1.699143956942362763e+02 1.723511036926011855e+02
1.655217195803242873e+02 1.699677476495435258e+02 1.724079847390652560e+02
1.655041558795476249e+02 1.698539719307807729e+02 1.723133669437252991e+02
1.654226018531134912e+02 1.697183642185583778e+02 1.722095755552527692e+02
1.653509844665485673e+02 1.695740666303311173e+02 1.720946961438888252e+02
1.651179997274832942e+02 1.692893991006949079e+02 1.718197438343098611e+02
1.649222475814143536e+02 1.690684527864831637e+02 1.715922298678294169e+02
1.648073613571331180e+02 1.690186707998364852e+02 1.715363980106281474e+02
1.648116398691919926e+02 1.690753406458645713e+02 1.715676284234909303e+02
1.650612447199891051e+02 1.694133090339283285e+02 1.718821740019076287e+02
1.654896682109279311e+02 1.699565846845619319e+02 1.723703604033246961e+02
1.656696893309715222e+02 1.701572761956669808e+02 1.725657514647772075e+02
1.654639085706499486e+02 1.699430882954081028e+02 1.723702309578961831e+02
1.654448869055729574e+02 1.699584854884861613e+02 1.724083424172230536e+02
1.655378014715901429e+02 1.700521085979016220e+02 1.725470397874369723e+02
1.655455954489712553e+02 1.700490019076168551e+02 1.725653392832811051e+02
1.659639766998228652e+02 1.704405266385066113e+02 1.730840748058318468e+02
1.663851069628014727e+02 1.708616023981468857e+02 1.735405913612208622e+02
1.661025650633601174e+02 1.705319559885543015e+02 1.733525855021119924e+02
1.656148487532361457e+02 1.700572114729527300e+02 1.728954864422945832e+02
1.656674683199345850e+02 1.701702343643548261e+02 1.729926761139119833e+02
1.657820854339828429e+02 1.701838976699822865e+02 1.730508550211200429e+02
1.651561963482763247e+02 1.693403086251532841e+02 1.723892253713039793e+02
1.643747649543534521e+02 1.684581823136667253e+02 1.715778307671344862e+02
1.647118987600490527e+02 1.687912828723259224e+02 1.719451185447608736e+02
1.654911159558523082e+02 1.695669573511377450e+02 1.727231502929554381e+02
1.656539514920288809e+02 1.696734364354816762e+02 1.728054435209156452e+02
1.653706465458509456e+02 1.694348923559068112e+02 1.725540911568333513e+02
1.654468626515874234e+02 1.696055899986374129e+02 1.727472714266248772e+02
1.655694679111595633e+02 1.698074431121406178e+02 1.729359892355906823e+02
1.656711575146477742e+02 1.699629956397329238e+02 1.730759538084207634e+02
1.657716650769859541e+02 1.700559272380433242e+02 1.732255961302629714e+02
1.655946246082572486e+02 1.697402847799427832e+02 1.730277898896307534e+02
1.653243289276468317e+02 1.694000068129172973e+02 1.727532565744651833e+02
1.655212358631966083e+02 1.695966276059408528e+02 1.730453944679111657e+02
1.658106860607712179e+02 1.699189841940318786e+02 1.733688547486033542e+02
1.655761173184357631e+02 1.696118170050415586e+02 1.730316425943589138e+02
1.651988554298950760e+02 1.690927646818367691e+02 1.724923559067993040e+02
1.655125868646954643e+02 1.693960178498433038e+02 1.727982252350456349e+02
1.663088806376890716e+02 1.701839726120724947e+02 1.736039889630739879e+02
1.663560907480583069e+02 1.701948153699414092e+02 1.735263319253304246e+02
1.652392594358904603e+02 1.692342996321024771e+02 1.725475166916473597e+02
1.648543875187355354e+02 1.689615002043875052e+02 1.722116977789889631e+02
1.659965594767679420e+02 1.701963414634146261e+02 1.734032633873824807e+02
1.667002657037743631e+02 1.708936299223327353e+02 1.739925807330699001e+02
1.666321126856520038e+02 1.708255041558795426e+02 1.738604952990870629e+02
1.668677714947540665e+02 1.710554264886224303e+02 1.739724179043466279e+02
1.677050722169232984e+02 1.719628185038833692e+02 1.747260287505109773e+02
1.679977823954217229e+02 1.722774799018939973e+02 1.748742233274288083e+02
1.679673286551301317e+02 1.721984909388200151e+02 1.745818401689603547e+02
1.682441715492574019e+02 1.724665451696416483e+02 1.747012229186537695e+02
1.691240325657446419e+02 1.734595823681700608e+02 1.755879922332742922e+02
1.701077190352908985e+02 1.744878798201389714e+02 1.765030181223600039e+02
1.707166848344461130e+02 1.750933710314756695e+02 1.770269859653903666e+02
1.711117182177408438e+02 1.754865104237634625e+02 1.773019212426761158e+02
1.713076372802834157e+02 1.756638302221010974e+02 1.774435549802425385e+02
1.717032974519689219e+02 1.760968524322114774e+02 1.778764681836762520e+02
1.722192805559340627e+02 1.765569014852159739e+02 1.782849843302902286e+02
1.724025412181496222e+02 1.766738179588499804e+02 1.783281032838261240e+02
1.720580051778171367e+02 1.761143616296498067e+02 1.778071263114865701e+02
1.711398112821910331e+02 1.750339794249897807e+02 1.771534371167734037e+02
1.700830869328246422e+02 1.740212937729936016e+02 1.765951594222646008e+02
1.692867625017032367e+02 1.732154176318299506e+02 1.760804809919607692e+02
1.680398487532361287e+02 1.719898555661534374e+02 1.751389221964845433e+02
1.666838363537266616e+02 1.707548814552391434e+02 1.740719546259708466e+02
1.664274799018940030e+02 1.704836047145387568e+02 1.739049836489984955e+02
1.668219069355498050e+02 1.709648146886496818e+02 1.744368544760866655e+02
1.669336285597492804e+02 1.708877503747104640e+02 1.745173865649271079e+02
1.665239678430303911e+02 1.702410137620929333e+02 1.740765226870145739e+02
1.667009538084207634e+02 1.703777898896307477e+02 1.743208475269110238e+02
1.672761275378117034e+02 1.709531135032020757e+02 1.749352500340645804e+02
1.671353726665758188e+02 1.707314348003815212e+02 1.745710042240087319e+02
1.664167597765363098e+02 1.699536176590816297e+02 1.737017304809919551e+02
1.666242744243084815e+02 1.702372462188309044e+02 1.739867625017032253e+02
1.673472918653767465e+02 1.710524560566834680e+02 1.747560941545169726e+02
1.674942533042648733e+02 1.710759401825861801e+02 1.748123892900940177e+02
1.671895592042512533e+02 1.707024492437661820e+02 1.744089487668619824e+02
1.671377742199209706e+02 1.711894297588227403e+02 1.747574771767270647e+02
1.675210042240087205e+02 1.718634350728982270e+02 1.753096402779670200e+02
1.674230412862787887e+02 1.719686469546259673e+02 1.753375391742744114e+02
1.669684868510696276e+02 1.715926318299495961e+02 1.749187525548439908e+02
1.671830733069900532e+02 1.719079949584412077e+02 1.753173286551301260e+02
1.676049632102466376e+02 1.723545748739610417e+02 1.758291354407957385e+02
1.674953569968660645e+02 1.721696041695053907e+02 1.756508277694508706e+02
1.670779874642321943e+02 1.717100081755007466e+02 1.751577803515465348e+02
1.671389392287777582e+02 1.717707010491892561e+02 1.752985658809102176e+02
1.672825759640277852e+02 1.719699039378662064e+02 1.754880535495299227e+02
1.673044828995776072e+02 1.718271154108189194e+02 1.753939910069491646e+02
1.672679486306036267e+02 1.716823783894263613e+02 1.752977619566698593e+02
1.673593371031475669e+02 1.717257221692328528e+02 1.753608223191170339e+02
1.672764273061725078e+02 1.715463005859108989e+02 1.752344733614934000e+02
1.668854952990870686e+02 1.710599741109142826e+02 1.747433778443929668e+02
1.667579336421855771e+02 1.709083219784711787e+02 1.745746797928873093e+02
1.668357303447336051e+02 1.710089283281101018e+02 1.746525718762774204e+02
1.669288050143071303e+02 1.710767543262024901e+02 1.747474451560158002e+02
1.669591701866739299e+02 1.711136053958304899e+02 1.748021733206158785e+02
1.665942328655130211e+02 1.706733308352636698e+02 1.743588874506063462e+02
1.657376345551165002e+02 1.699313394195394551e+02 1.736054912113366981e+02
1.654562235999455027e+02 1.697717570513694056e+02 1.734385917699959236e+02
1.655453365581141725e+02 1.699926182041149900e+02 1.736405538901757666e+02
1.654353658536585385e+02 1.699025820956533721e+02 1.735053753917427457e+02
1.648368408502520879e+02 1.694311997547349904e+02 1.729445258209565282e+02
1.646947813053549510e+02 1.694333560430576426e+02 1.729404959803787847e+02
1.647446586728437126e+02 1.695881250851614652e+02 1.730791320343371069e+02
1.646202922741517796e+02 1.694987089521733310e+02 1.729475984466548653e+02
1.645168483444610956e+02 1.694293841122768640e+02 1.728614320752145943e+02
1.645679826951900679e+02 1.695130297043193934e+02 1.729792785120588690e+02
1.645394161329881513e+02 1.694546770677204108e+02 1.729291695053821911e+02
1.644190727619566701e+02 1.692968899032565844e+02 1.728021767270745386e+02
1.643148589726120861e+02 1.692605327701321585e+02 1.727319185175092002e+02
1.644923695326338873e+02 1.694354407957487467e+02 1.729499659354135304e+02
1.646977858018803715e+02 1.696359245128764144e+02 1.731502316391878935e+02
1.649258107371576614e+02 1.697879172911840726e+02 1.733484841259027007e+02
1.650828757323886009e+02 1.699014886224281327e+02 1.734811725030658067e+02
1.650864933914702135e+02 1.698724179043466336e+02 1.734953910614525228e+02
1.650949107507834981e+02 1.698751805423082146e+02 1.735440318844529202e+02
1.650459224690012263e+02 1.697550245265022397e+02 1.735280181223599811e+02
1.648395115138302174e+02 1.695145353590407353e+02 1.732611765908161772e+02
1.648777728573375043e+02 1.695971215424444836e+02 1.733017815778716511e+02
1.651015669709769611e+02 1.698398555661534317e+02 1.734953399645728211e+02
1.647147090884316754e+02 1.693613639460417062e+02 1.729688990325657585e+02
1.637918381250851496e+02 1.685861016487259860e+02 1.722009265567515968e+02
1.641171753644910609e+02 1.689758209565335960e+02 1.726295067447881308e+02
1.649211677340236974e+02 1.698953331516555352e+02 1.734528205477585630e+02
1.650259435890448287e+02 1.700004905300449707e+02 1.735101921242676042e+02
1.646094154516964068e+02 1.694570786210655342e+02 1.729593677612753879e+02
1.649147806240632121e+02 1.698140175773266094e+02 1.733289923695326422e+02
1.658087307535086552e+02 1.704544863060362445e+02 1.740187729935958600e+02
1.657769348685106934e+02 1.701997717672707324e+02 1.737199107507834981e+02
1.651739405913612302e+02 1.694325589317345759e+02 1.729342485352227925e+02
1.654900872053413252e+02 1.697469205613843712e+02 1.732683131216787160e+02
1.661860301130944322e+02 1.705511343507289723e+02 1.740895592042512590e+02
1.660757528273606738e+02 1.704742539855566292e+02 1.739455579779261427e+02
1.651442158332197891e+02 1.694363264749966049e+02 1.729089930508243640e+02
1.650130467366126084e+02 1.693651928055593316e+02 1.728205954489712610e+02
1.659321944406594866e+02 1.704395796430031282e+02 1.737520745333151524e+02
1.662556887859381334e+02 1.708483035835944861e+02 1.739950538220466001e+02
1.661696212017986056e+02 1.707130331107780421e+02 1.737893241586047282e+02
1.664654551028750404e+02 1.711153937866194212e+02 1.740507800790298347e+02
1.671337239405913522e+02 1.719082572557569222e+02 1.747215015669709715e+02
1.673079404551028802e+02 1.720706056683471843e+02 1.748369089794249760e+02
1.671225984466548482e+02 1.717850047690421036e+02 1.745495503474587906e+02
1.673157071808148260e+02 1.719320309306445154e+02 1.747228607439705570e+02
1.678962597084071433e+02 1.726115206431393858e+02 1.754210042240087262e+02
1.679517611391197818e+02 1.726033621746832125e+02 1.755031986646682185e+02
1.673296770677204108e+02 1.718636053958304899e+02 1.749291729118408512e+02
1.672859756097560933e+02 1.717091531543807150e+02 1.749330392424035949e+02
1.677952275514375344e+02 1.721882920016350909e+02 1.755721453876549845e+02
1.678150735795067590e+02 1.720540979697506430e+02 1.755185754189944021e+02
1.668795646545850957e+02 1.709415485761002742e+02 1.745218456192941687e+02
1.667095891810873525e+02 1.707662726529499935e+02 1.743990291592860160e+02
1.674792001635100291e+02 1.717948562474451535e+02 1.754784371167733923e+02
1.676046736612617565e+02 1.720358223191170453e+02 1.756513012672026264e+02
1.667661398010628204e+02 1.711997819866466841e+02 1.748159694781305404e+02
1.662957521460689350e+02 1.707652575282735938e+02 1.744066391879002538e+02
1.668962494890311916e+02 1.715383533178907101e+02 1.751894229459054486e+02
1.673590645864559292e+02 1.720336932824635596e+02 1.756776911023300158e+02
1.672311316255620568e+02 1.718296464095925842e+02 1.753536142526229753e+02
1.670547315710587384e+02 1.716171515192805543e+02 1.751011139119771087e+02
1.672054435209156509e+02 1.717751124131353038e+02 1.752655470772584749e+02
1.672098821365308652e+02 1.717806002180133476e+02 1.752412488077394812e+02
1.671440421038288662e+02 1.715853692601171758e+02 1.750572046600354383e+02
1.671074158604714626e+02 1.714066119362310872e+02 1.749283315165554029e+02
1.670269416814279850e+02 1.712027149475405281e+02 1.748364797656356586e+02
1.668379206976427440e+02 1.709239542171958135e+02 1.745785256846981781e+02
1.667145285461234607e+02 1.707094052323204778e+02 1.744045271835399831e+02
1.666416201117318394e+02 1.707856315574328789e+02 1.744705341327156418e+02
1.667304469273742882e+02 1.710713789344597444e+02 1.746733001771358431e+02
1.666558693282463537e+02 1.710976870145796340e+02 1.746199652541218086e+02
1.661406152064313915e+02 1.709341701866739243e+02 1.743325214606894633e+02
1.663331380297043154e+02 1.711478948085570266e+02 1.745070445564790873e+02
1.667667154925739226e+02 1.716382920016351079e+02 1.750710893854748633e+02
1.668980242539855681e+02 1.716929009401825965e+02 1.751944270336558134e+02
1.666033247036380942e+02 1.712193759367761174e+02 1.747875323613571368e+02
1.667164634146341484e+02 1.713393820684016760e+02 1.749248978062406366e+02
1.674431496116637277e+02 1.721774049598037948e+02 1.757896137075895808e+02
1.678550245265022625e+02 1.725085195530726310e+02 1.761173490938820123e+02
1.677236340100831171e+02 1.722298610164872628e+02 1.758099264204932410e+02
1.677017509197438301e+02 1.721536244719989099e+02 1.757534882136530996e+02
1.680341906254257935e+02 1.724886258345823649e+02 1.761067890720806588e+02
1.681612890039514809e+02 1.726281237225780103e+02 1.762426624880774000e+02
1.681347901621474250e+02 1.725111220874778439e+02 1.761305389017577454e+02
1.679980004087750274e+02 1.722517134486987231e+02 1.758983955579779206e+02
1.678456567652268632e+02 1.718907174001907663e+02 1.756164838533860291e+02
1.677966241994822099e+02 1.717466037607303520e+02 1.754920459190625479e+02
1.679293057637280242e+02 1.718958952173320540e+02 1.756646920561384491e+02
1.681248705545714586e+02 1.720837069082981259e+02 1.758221317618204012e+02
1.682368885406731067e+02 1.722621917154925768e+02 1.759350354271699075e+02
1.683512501703229418e+02 1.724310430576372823e+02 1.760817720397874382e+02
1.683071671889903200e+02 1.724180269791524722e+02 1.760573238860880281e+02
1.682042580733069883e+02 1.723458849979561194e+02 1.759823613571331293e+02
1.678695769178362127e+02 1.719705852295953150e+02 1.756351580596811459e+02
1.673476461370758841e+02 1.714051199073443286e+02 1.750704557841667679e+02
1.672357337511922708e+02 1.712224758141436212e+02 1.749643616296498294e+02
1.675147772176045748e+02 1.715285665622019451e+02 1.753361561520643193e+02
1.673120247990189284e+02 1.712592928191851627e+02 1.750530249352772785e+02
1.663549734296225608e+02 1.702136735250034008e+02 1.739789685243221129e+02
1.661188820002725208e+02 1.701315540264341166e+02 1.739529738383976110e+02
1.665066289685243248e+02 1.706921447063632513e+02 1.745088499795612620e+02
1.660896954625970920e+02 1.703249863741654053e+02 1.740761786346913880e+02
1.649509265567515968e+02 1.692108938547486048e+02 1.730448221828586952e+02
1.649626822455375361e+02 1.695720295680610548e+02 1.732314927101784860e+02
1.656390277967025497e+02 1.704859279193350687e+02 1.739306342825998115e+02
1.654743663986919273e+02 1.703587920697642630e+02 1.736894501975746152e+02
1.647299938683744358e+02 1.696410307943861540e+02 1.729702037062270108e+02
1.646149850115819504e+02 1.695492948630603678e+02 1.729036755688785831e+02
1.653180848889494428e+02 1.704476529499931985e+02 1.737596436844256687e+02
1.659142832811009782e+02 1.710690727619566758e+02 1.743188888131898011e+02
1.658900565472135042e+02 1.707916916473633933e+02 1.740375289548984767e+02
1.653489474042785048e+02 1.701731605123313784e+02 1.734273913339692115e+02
1.653951185447608623e+02 1.703421549257392087e+02 1.735460110369260178e+02
1.656362242812372187e+02 1.705820752146069026e+02 1.737655879547622249e+02
1.653770268428941392e+02 1.701895489848753300e+02 1.733218830903392700e+02
1.650297145387654894e+02 1.697965356315574468e+02 1.729082674751328454e+02
1.656747649543534635e+02 1.705256983240223576e+02 1.735947676795203733e+02
1.661893718490257470e+02 1.709540809374574053e+02 1.740233683063087540e+02
1.653106315574328846e+02 1.700569048916746056e+02 1.732778069219239683e+02
1.641981264477449258e+02 1.687451764545578499e+02 1.721841054639596678e+02
1.650252929554435184e+02 1.694867045919062605e+02 1.730010117182177396e+02
1.662456397329336539e+02 1.705727006404142116e+02 1.741317822591633728e+02
1.659917223054912085e+02 1.702934800381523246e+02 1.739031271290366476e+02
1.652618612890039458e+02 1.695478266793841158e+02 1.730271017849843247e+02
1.659598412590271153e+02 1.702614354816732600e+02 1.737094938002452693e+02
1.670341701866739470e+02 1.712427544624608231e+02 1.746534507426079870e+02
1.667224621883090379e+02 1.709052800109006682e+02 1.742925807330699115e+02
1.654391061452514009e+02 1.696170322932279646e+02 1.730683471862651572e+02
1.653291490666303218e+02 1.695856417768088420e+02 1.729430201662351863e+02
