1.788222164574037549e+02 1.767932240323752069e+02 1.835593338175780787e+02
1.792142783023762718e+02 1.771923005084569809e+02 1.839815502749818279e+02
1.805698557642419928e+02 1.786355297291688373e+02 1.853679672097125604e+02
1.797410086126387796e+02 1.777186261284632280e+02 1.844762996783231301e+02
1.794326761440282212e+02 1.774722320224136070e+02 1.841190515720659846e+02
1.805040365258898021e+02 1.788232541247276117e+02 1.846958078240116095e+02
1.792412576527965200e+02 1.779909515409359813e+02 1.828362353429490383e+02
1.773832624260662101e+02 1.771831794126802890e+02 1.810042025526616101e+02
1.788588772439555896e+02 1.799274774307357063e+02 1.831955484071806666e+02
1.789255681228598007e+02 1.807649372211268997e+02 1.832972916882847301e+02
1.758768288886583093e+02 1.780666389955380282e+02 1.798557953720037403e+02
1.764060392238248482e+02 1.786913043478260761e+02 1.804538445574348771e+02
1.787823077721282630e+02 1.810964719310988755e+02 1.830843623534294977e+02
1.774979765487184693e+02 1.784830030092352331e+02 1.811986614091522370e+02
1.772846840302998999e+02 1.774651758846113978e+02 1.806047940230362201e+02
1.811385285877347826e+02 1.810948324167272006e+02 1.847467261595932371e+02
1.803497250181591767e+02 1.800701670644391470e+02 1.838796928504721393e+02
1.768431980906921126e+02 1.760242814153782263e+02 1.795787278198609442e+02
1.785412368994500412e+02 1.791901421604233633e+02 1.823272595205976927e+02
1.807099304762893155e+02 1.822545605478883601e+02 1.851513334025111419e+02
1.766871121718376969e+02 1.781259624364428760e+02 1.804833869461450604e+02
1.764223617308290954e+02 1.779787174431877190e+02 1.801683303932759088e+02
1.791492580678634567e+02 1.810579744733838368e+02 1.837549652381446492e+02
1.786736536266473081e+02 1.785273010272906618e+02 1.816320535436339014e+02
1.781824219155338938e+02 1.768814880149424198e+02 1.802416312130330880e+02
1.811162187402718757e+02 1.797633184601016865e+02 1.834971049081664489e+02
1.807651966379578710e+02 1.791498910449309960e+02 1.829422849434471345e+02
1.785500985783957617e+02 1.764540209608799444e+02 1.802718792155235121e+02
1.782364532530870633e+02 1.782562623222994773e+02 1.815472034865622106e+02
1.783070146311092685e+02 1.791647400643353762e+02 1.820371069835010758e+02
1.760118086541454829e+02 1.772682785099097202e+02 1.797251945626232157e+02
1.761590225173809188e+02 1.778467054062467696e+02 1.801412472761232664e+02
1.786542596243644425e+02 1.801792985368890641e+02 1.830054477534502553e+02
1.776806786344297961e+02 1.790887101795164540e+02 1.822512607657984915e+02
1.763353325723772969e+02 1.774307875894988058e+02 1.807115181072948076e+02
1.783980906921241001e+02 1.795177648645844215e+02 1.830245200788627074e+02
1.794558472553699175e+02 1.805517069627477440e+02 1.841543737677700392e+02
1.776533257237729515e+02 1.786917401681021147e+02 1.821310573830029966e+02
1.775858877243955476e+02 1.792172564075957268e+02 1.824110096503061129e+02
1.777869253917194214e+02 1.797886686728234906e+02 1.828018885545294268e+02
1.760445159281934195e+02 1.783934730725329416e+02 1.811257549029781160e+02
1.764078758949880807e+02 1.788568641693473182e+02 1.815697104908166466e+02
1.771153678530663171e+02 1.796778976860018702e+02 1.823926429386738732e+02
1.766626647296876627e+02 1.783152640863339116e+02 1.812233475147867523e+02
1.778666286188647803e+02 1.789446300715990503e+02 1.820181591781674797e+02
1.793497872781986189e+02 1.800630694199439574e+02 1.833753969077513659e+02
1.777537511673757535e+02 1.780145480958804569e+02 1.812460309224862556e+02
1.771386219777939175e+02 1.775337034346788414e+02 1.806246030922486341e+02
1.789989623326761432e+02 1.797293659852651331e+02 1.828545813012348162e+02
1.780747328006640942e+02 1.788390785514164065e+02 1.819165715471619933e+02
1.765167168205873338e+02 1.774324063505240190e+02 1.802920514682992632e+02
1.783472761232748667e+02 1.794336930580056162e+02 1.823661616685690490e+02
1.784861471412265246e+02 1.793967002179101371e+02 1.822571339628514977e+02
1.764269585970737921e+02 1.770816747950607066e+02 1.797298640655805855e+02
1.772714433952474735e+02 1.777042440593545791e+02 1.803725121925910457e+02
1.779701359344194316e+02 1.784114973539483344e+02 1.810797551105115701e+02
1.771917505447753456e+02 1.776063401473487602e+02 1.802058109370135810e+02
1.773035695755940537e+02 1.777634222268340807e+02 1.801764553284216959e+02
1.772617827124623773e+02 1.777965756978312868e+02 1.801796617204524296e+02
1.769719622289094048e+02 1.775187298951956052e+02 1.798196845491335409e+02
1.773620421292933429e+02 1.780742347203486702e+02 1.801705925080419206e+02
1.776542907543841352e+02 1.783893950399501875e+02 1.805756044412161430e+02
1.774189062986406498e+02 1.779250596658711174e+02 1.801114143405624191e+02
1.770827020857113325e+02 1.772368579433433524e+02 1.795288263982567116e+02
1.774832624260662044e+02 1.774692124105011999e+02 1.797265642834907169e+02
1.780009754072844146e+02 1.778921967417246037e+02 1.802009857839576625e+02
1.772273114039638813e+02 1.770465601328214120e+02 1.793944069731244042e+02
1.769062467572896082e+02 1.767183667116322567e+02 1.791182110615336853e+02
1.779027913251011626e+02 1.779245823389021552e+02 1.804242606620317417e+02
1.771738196534191161e+02 1.772447960983708697e+02 1.797973850783438934e+02
1.749961191242087750e+02 1.750806786344298018e+02 1.775243436754176685e+02
1.755633080834284669e+02 1.757298951956002782e+02 1.781563453356853870e+02
1.770039120058109461e+02 1.770535747639306976e+02 1.799215419736432580e+02
1.758528795268236991e+02 1.756735394832416830e+02 1.787259416830964085e+02
1.752018781778561731e+02 1.749390474213967082e+02 1.779480751271142367e+02
1.770953616270623741e+02 1.768280585244370684e+02 1.799725952059769725e+02
1.772011414340562396e+02 1.767957351872989591e+02 1.799585244370654777e+02
1.759816540417142221e+02 1.755191968454913365e+02 1.784514579225900093e+02
1.772916156480232530e+02 1.772667220089239493e+02 1.798907751374909196e+02
1.782767147452526615e+02 1.785545397945418813e+02 1.808120992009961583e+02
1.763182110615336740e+02 1.768549652381446435e+02 1.784542803777109157e+02
1.761601016913977276e+02 1.767849953304970541e+02 1.781185223617308395e+02
1.782126180346580782e+02 1.785745667738922862e+02 1.800890629864065602e+02
1.780264190100653821e+02 1.780816955484071684e+02 1.795723772958389475e+02
1.770114454705821174e+02 1.768018262944899845e+02 1.782525059665871083e+02
1.785590017640344627e+02 1.783417453564387358e+02 1.798985783957663216e+02
1.793318252568226683e+02 1.790634222268340636e+02 1.808166026771816917e+02
1.772564906091107275e+02 1.772179412680294774e+02 1.786218947805333528e+02
1.772082390785514292e+02 1.774899450036318456e+02 1.788695755940645427e+02
1.782355919892082738e+02 1.789076372315035712e+02 1.805199128359448082e+02
1.768582442668880219e+02 1.775084154819964795e+02 1.791323440904845938e+02
1.762930787589498891e+02 1.770512088824322916e+02 1.785992217495071088e+02
1.784064439140811373e+02 1.792001764034450559e+02 1.808739960568641720e+02
1.788067863442980183e+02 1.795942305696793539e+02 1.813821106153367282e+02
1.769569368060599857e+02 1.776969181280481394e+02 1.794179412680294661e+02
1.767905260973331849e+02 1.775199647193109911e+02 1.792507004254435969e+02
1.787890941164262699e+02 1.795402199854726462e+02 1.814393275915741413e+02
1.789696897374701621e+02 1.795710387049911674e+02 1.814555359551727634e+02
1.774653107813634847e+02 1.778558057486769712e+02 1.795278924976652490e+02
1.787064335374079178e+02 1.790540313375531696e+02 1.808293659852651274e+02
1.802929231088513120e+02 1.805099616063090195e+02 1.825260558265020165e+02
1.788663173186676261e+02 1.789051675832727994e+02 1.807724603092248685e+02
1.781932447857217028e+02 1.785652277679775750e+02 1.802084881187091412e+02
1.794322299470789801e+02 1.802278302376258239e+02 1.819059873404586369e+02
1.788746705406246633e+02 1.797923835218429076e+02 1.814336307979661740e+02
1.784120473176299697e+02 1.793917505447753342e+02 1.809811559613987697e+02
1.793475978001452802e+02 1.804893224032375088e+02 1.821572169762374074e+02
1.786860641278406092e+02 1.798492269378437243e+02 1.814567188959219664e+02
1.775950607035384508e+02 1.787441319912835809e+02 1.804462488326242635e+02
1.784204627996264492e+02 1.796497665248521400e+02 1.815357683926533241e+02
1.784097955795371888e+02 1.797790806267510675e+02 1.816863131679983496e+02
1.776724914392445669e+02 1.790614921656116962e+02 1.809263671266991764e+02
1.789613676455328459e+02 1.805578810833246735e+02 1.824515824426688937e+02
1.790393275915741356e+02 1.806503891252464484e+02 1.823656428349071348e+02
1.773173497976548845e+02 1.789442253813427328e+02 1.804318771401888455e+02
1.786666389955380225e+02 1.803529936702293242e+02 1.818448272283905851e+02
1.796407699491543042e+02 1.813774929957455697e+02 1.829026564283490757e+02
1.781032271453771898e+02 1.795221541973643298e+02 1.809497457715056612e+02
1.792308394728650001e+02 1.804747535540105901e+02 1.821182836982463300e+02
1.812914911279443686e+02 1.824290339317214773e+02 1.844414236795683166e+02
1.797096191760921329e+02 1.806763930683822821e+02 1.825124208778665604e+02
1.787996679464563670e+02 1.796987029158451890e+02 1.814862612846321497e+02
1.803604233682681297e+02 1.814704887413095378e+02 1.832800664107087130e+02
1.800925806786344197e+02 1.812851094739026792e+02 1.831044619694925757e+02
1.787583480336204218e+02 1.798821209920099591e+02 1.816656324582338868e+02
1.795087267821936337e+02 1.807222372107502224e+02 1.825100757497146446e+02
1.802092041091626129e+02 1.813999169866141017e+02 1.832930268755836778e+02
1.795175677077928924e+02 1.806788627166130539e+02 1.824507834388295180e+02
1.794729480128670787e+02 1.806193628722631388e+02 1.824343260350731555e+02
1.800935975926118147e+02 1.812337449413717820e+02 1.830857943343364127e+02
1.799577358098993329e+02 1.810607139151188107e+02 1.828136453253086984e+02
1.794963681643665154e+02 1.805828266057901885e+02 1.822891459997924528e+02
1.797051987132925319e+02 1.809158244266888005e+02 1.826792570301961121e+02
1.798362768496420188e+02 1.811165092871225397e+02 1.828982048355297252e+02
1.790555670851924788e+02 1.805216872470685985e+02 1.822392238248417584e+02
1.785326346373352635e+02 1.801534294905053457e+02 1.818213655701981963e+02
1.792270623638061693e+02 1.808618657258483040e+02 1.826154716197986829e+02
1.792438829511258689e+02 1.809517380927674708e+02 1.826949880668257720e+02
1.782589706340147302e+02 1.800802843208467436e+02 1.817250596658711288e+02
1.785802428141537916e+02 1.804998651032478847e+02 1.821727819860952593e+02
1.791268340769949248e+02 1.810533464771194474e+02 1.827752620109992847e+02
1.790433744941371685e+02 1.810450970218947759e+02 1.827516343260350595e+02
1.797237937117360218e+02 1.817249662758119655e+02 1.831558472553699346e+02
1.797069731244163222e+02 1.816605997717131800e+02 1.829604026149216622e+02
1.793870291584518100e+02 1.813182629448998568e+02 1.822327695340873674e+02
1.803848604337449331e+02 1.823205769430320515e+02 1.833583065269274641e+02
1.803819964719311031e+02 1.822105738300300857e+02 1.832322714537719150e+02
1.790887516862094060e+02 1.809004773269689679e+02 1.818031130019715818e+02
1.802922071183978403e+02 1.822813323648438200e+02 1.831663484486873585e+02
1.812333298744422621e+02 1.833629552765383437e+02 1.843037356023658901e+02
1.793834907128774603e+02 1.814671474525267172e+02 1.822754799211372756e+02
1.791941683096399345e+02 1.812650617412057557e+02 1.820201203694095682e+02
1.814556708519248787e+02 1.831432395973850760e+02 1.843346269585970845e+02
1.809647193109888974e+02 1.822055203901629170e+02 1.835832001660267849e+02
1.790794334336411850e+02 1.799456988689426282e+02 1.812671163225070075e+02
1.806374286603714836e+02 1.813528172667842568e+02 1.828630590432707379e+02
1.826130331015876322e+02 1.833309847462903406e+02 1.849289094116426213e+02
1.809007990038393814e+02 1.820080315450866522e+02 1.834206703330912092e+02
1.801921241050119420e+02 1.815077825049289117e+02 1.827826398256718790e+02
1.818140500155650159e+02 1.834053024800249148e+02 1.846940334128878192e+02
1.809936183459582821e+02 1.826617308290962001e+02 1.839786759364947670e+02
1.785906402407388214e+02 1.803955795372003763e+02 1.814857009442772551e+02
1.796491231711113414e+02 1.817836671163225049e+02 1.830056137802220633e+02
1.811434678841963262e+02 1.835347203486562080e+02 1.848513022724914379e+02
1.793132613883988711e+02 1.816961191242087921e+02 1.828687350835322150e+02
1.781122237210750257e+02 1.804886271661305273e+02 1.815708000415066863e+02
1.797207014631109132e+02 1.820855971775448836e+02 1.833907958908374098e+02
1.801419943965964592e+02 1.824318460101691528e+02 1.838098889695963578e+02
1.784571547161979765e+02 1.804156895299367136e+02 1.817817785617930895e+02
1.784669918024281401e+02 1.802316073466846547e+02 1.816622807927778354e+02
1.803150150461761996e+02 1.820829303725225827e+02 1.836692642938673998e+02
1.803883885026460518e+02 1.820863442980180480e+02 1.837161357268859661e+02
1.788388087579122043e+02 1.805261180865414588e+02 1.819514890526097304e+02
1.792364117463941113e+02 1.810963059043270675e+02 1.825318460101691471e+02
1.804631005499636842e+02 1.826448376050638274e+02 1.840365155131264885e+02
1.800006537304140295e+02 1.822734460931825140e+02 1.835514682992632629e+02
1.791530766836152395e+02 1.815367022932447867e+02 1.827162810003113123e+02
1.802345335685379268e+02 1.825438103144132072e+02 1.838103144131991371e+02
1.801805229843312190e+02 1.822781986095257878e+02 1.836106983501089474e+02
1.786015565009857937e+02 1.804838435197675608e+02 1.817215627269897311e+02
1.792368475666701215e+02 1.810901836671163210e+02 1.823492373145169552e+02
1.804267510636090037e+02 1.822942513230258328e+02 1.836747639306838096e+02
1.785691293971152902e+02 1.805083013385908544e+02 1.817678530663069409e+02
1.775548822247587282e+02 1.794910864376880681e+02 1.805603092248625217e+02
1.790480543737677692e+02 1.809548510947390128e+02 1.821636193836256155e+02
1.793142056656635930e+02 1.811897063401473531e+02 1.824188336619279767e+02
1.780326138839888017e+02 1.799579433433641213e+02 1.811083428452838007e+02
1.779425962436442887e+02 1.801189789353533399e+02 1.814511881290858071e+02
1.783065165507938161e+02 1.806494033412887745e+02 1.821040365258897964e+02
1.774990764760817683e+02 1.800179931513956717e+02 1.814839161564802339e+02
1.773359136660786533e+02 1.798832209193732581e+02 1.814330497042648176e+02
1.779955069004876975e+02 1.805400954653937902e+02 1.822486458441423736e+02
1.785145896025734089e+02 1.803815502749818336e+02 1.822892186365051259e+02
1.787538134274151673e+02 1.799352599356646181e+02 1.820356023658814877e+02
1.790559302687558443e+02 1.799270104804399750e+02 1.820684445366815396e+02
1.787384870810418249e+02 1.794097748261907270e+02 1.815752101276330848e+02
1.785533361004461881e+02 1.790724395558783897e+02 1.812320639203071551e+02
1.787145999792466569e+02 1.790891356231192333e+02 1.812754176610978618e+02
1.779685067967209591e+02 1.787474213967002186e+02 1.807662550586282180e+02
1.773202033827954835e+02 1.786749818408218289e+02 1.804835737262633586e+02
1.769925599252879636e+02 1.786556708519248673e+02 1.803650098578395671e+02
1.768870291584518100e+02 1.786805748676974304e+02 1.803650928712254711e+02
1.772349797654871963e+02 1.790573518729895284e+02 1.807709660682785113e+02
1.767740479402303606e+02 1.786247691190204421e+02 1.803495071080211574e+02
1.764616270623638172e+02 1.784009027705717472e+02 1.800604752516343297e+02
1.782852651240012563e+02 1.803103040365258778e+02 1.821811352080522965e+02
1.785627269897270821e+02 1.805678323129604621e+02 1.825547161979869202e+02
1.766605063816540451e+02 1.786919684549133649e+02 1.803714433952474963e+02
1.772824011621873979e+02 1.793204316696067337e+02 1.810505759053647523e+02
1.788305593026875613e+02 1.808568745460205491e+02 1.826120576943032177e+02
1.778525993566462660e+02 1.798838954031337494e+02 1.815848396803984599e+02
1.778017640344505423e+02 1.798617619591159098e+02 1.814933900591470319e+02
1.793343675417661132e+02 1.811695859707377849e+02 1.829907128774515002e+02
1.785608176818512050e+02 1.800888035695755889e+02 1.819644287641382050e+02
1.780951229635778645e+02 1.793762477949569245e+02 1.812605893950399434e+02
1.797601847047836543e+02 1.809727093493825976e+02 1.829742762270415994e+02
1.797038601224447518e+02 1.808694406973124558e+02 1.828936702293244707e+02
1.783325931306423229e+02 1.795875583687869721e+02 1.815178582546435564e+02
1.792424924769119059e+02 1.806177233578914638e+02 1.826318252568226512e+02
1.799608488118709033e+02 1.814248832624260785e+02 1.834981321988170464e+02
1.788196637957870792e+02 1.803400643353740804e+02 1.823851302272491353e+02
1.785953408737158838e+02 1.800459375324271036e+02 1.821427726470893447e+02
1.799508456988689318e+02 1.813321469336930534e+02 1.834826605790183578e+02
1.804125765279651432e+02 1.816370654768081465e+02 1.838821936287226322e+02
1.793034658088616879e+02 1.803865829615025405e+02 1.827034243021687132e+02
1.794313167998339793e+02 1.804397426585036897e+02 1.827682681332364893e+02
1.802530248002490509e+02 1.811889073363079774e+02 1.835774618657258372e+02
1.795603507315554737e+02 1.804274255473695234e+02 1.828351042855660467e+02
1.790543633910968140e+02 1.800662343052817391e+02 1.825208571132095017e+02
1.795064024073881797e+02 1.808378229739545588e+02 1.833714849019404483e+02
1.792802013074608283e+02 1.807285150980595745e+02 1.832770883054892579e+02
1.781288160215834750e+02 1.796497250181591880e+02 1.821582027601950813e+02
1.783837086230154512e+02 1.800937013593441804e+02 1.824081975718584658e+02
1.789565113624572064e+02 1.810694822040053964e+02 1.831319082702085836e+02
1.781264086333921455e+02 1.802681021064646814e+02 1.821754384144443293e+02
1.775625090795890912e+02 1.797114143405624134e+02 1.814875064854207665e+02
1.784122548510947297e+02 1.805834076994915449e+02 1.824415689529936628e+02
1.786467572896129639e+02 1.808595413510428500e+02 1.827009339005914796e+02
1.788213136868320134e+02 1.807386946145065849e+02 1.825960049808031442e+02
1.798795372003735622e+02 1.813963370343468000e+02 1.833264086333921341e+02
1.803149735394832476e+02 1.813004669502957427e+02 1.832873715886686625e+02
1.795357476393068339e+02 1.804631109266369151e+02 1.823622704161045931e+02
1.794449206184497143e+02 1.807080315450866408e+02 1.825570509494656051e+02
1.802727093493825805e+02 1.821675728961295135e+02 1.840086645221541914e+02
1.799134896752101156e+02 1.821070768911486937e+02 1.838290131783750212e+02
1.780821417453564379e+02 1.803864169347307325e+02 1.820467054062467582e+02
1.776180242814153871e+02 1.799464874961087446e+02 1.815478053336100572e+02
1.785364428764138154e+02 1.809477742035903418e+02 1.825873612119954430e+02
1.788289509183355790e+02 1.809714226419010004e+02 1.827281000311300261e+02
1.786826813323648366e+02 1.805812908581508793e+02 1.824667323855971688e+02
1.790496938881394726e+02 1.806809795579537194e+02 1.827392030714952682e+02
1.794941164262737345e+02 1.809420670333091152e+02 1.830838020130746031e+02
1.786629760298848169e+02 1.800755110511570081e+02 1.822541766109785328e+02
1.780977067552142898e+02 1.795942824530455653e+02 1.817233993981529636e+02
1.797031752620110012e+02 1.813475562934523282e+02 1.836825775656324709e+02
1.804973020649579780e+02 1.821996471931098824e+02 1.846292829718792063e+02
1.782182006848604203e+02 1.798657050949465486e+02 1.820829303725225827e+02
1.772797654871848181e+02 1.788742554736951433e+02 1.810560651655079312e+02
1.788571754695444724e+02 1.809375635571235819e+02 1.832905157206599540e+02
1.793339109681436128e+02 1.816829718792155290e+02 1.841910760610148259e+02
1.774410604960049795e+02 1.799149735394832419e+02 1.823354155857632009e+02
1.769987859292310759e+02 1.794899346269585863e+02 1.818942409463525962e+02
1.787046902563038202e+02 1.806037771090588251e+02 1.831309536162706308e+02
1.790594790910034249e+02 1.805247587423472169e+02 1.829810418179931446e+02
1.780554218117671610e+02 1.790842897167168246e+02 1.814492995745563917e+02
1.782199024592715659e+02 1.790961502542284904e+02 1.814128878281622974e+02
1.796791532634637463e+02 1.804556293452319267e+02 1.828559717754487792e+02
1.797931617723357931e+02 1.807209089965757016e+02 1.831265746601639535e+02
1.794114662239286133e+02 1.804177026045449850e+02 1.827380720141122765e+02
1.796305281726678515e+02 1.807552246549756205e+02 1.831200684860433796e+02
1.794562311922797448e+02 1.806660475251634352e+02 1.830240842585866972e+02
1.786113417038497460e+02 1.798127218013904667e+02 1.821594064542907461e+02
1.791476704368579362e+02 1.804945833765694658e+02 1.827921448583583981e+02
1.795118501608384349e+02 1.809551001348967532e+02 1.832349071287745232e+02
1.782744422538134188e+02 1.797495071080211630e+02 1.819889695963474026e+02
1.785376569471827395e+02 1.800971256615129050e+02 1.822996783231295979e+02
1.791335685379267488e+02 1.807679360796928449e+02 1.830922797551105248e+02
1.777490712877451529e+02 1.794402199854726518e+02 1.815298536889073375e+02
1.778875479921137241e+02 1.793963681643664927e+02 1.815704161045968590e+02
1.792769326553906808e+02 1.805295423887101833e+02 1.828951229635778759e+02
1.780981425754903000e+02 1.790362560962955172e+02 1.815185949984434899e+02
1.776603714849019298e+02 1.785067448376050550e+02 1.809538964408010884e+02
1.794884922693784404e+02 1.803903081871951883e+02 1.827082909619176121e+02
1.790456573622496705e+02 1.799326865207014521e+02 1.820814361315762255e+02
1.780207014631109246e+02 1.788900902770571690e+02 1.807906817474317620e+02
1.795640552039016313e+02 1.805336826813323512e+02 1.825080834284528351e+02
1.793206184497250320e+02 1.801500363183563422e+02 1.821643872574452701e+02
1.772727093493825805e+02 1.781158036733423273e+02 1.797846010169139674e+02
1.778392964615544258e+02 1.789861056345335726e+02 1.810934315658399782e+02
1.783814672615959296e+02 1.798000518833661943e+02 1.819881394624883342e+02
1.769239182318148664e+02 1.784755006744837544e+02 1.806437895610667113e+02
1.767721905157206663e+02 1.784142575490297702e+02 1.806130331015876322e+02
1.773439037044723534e+02 1.789057383003009249e+02 1.811318875168620934e+02
1.766144339524748261e+02 1.779275189374286583e+02 1.801655598215212137e+02
1.762729480128670616e+02 1.775171733942098058e+02 1.797328421708000405e+02
1.766844453668153960e+02 1.779060496004980791e+02 1.800635467469129480e+02
1.765643976341185066e+02 1.777295112586904509e+02 1.798910345543218909e+02
1.771909100342430179e+02 1.783587423472034743e+02 1.805992736328732917e+02
1.777134274151706848e+02 1.787634948635467538e+02 1.811286188647919460e+02
1.767974888450762592e+02 1.776751478675936369e+02 1.801921967417246151e+02
1.774139462488326160e+02 1.782973643249974032e+02 1.808654145480958846e+02
1.790542077409982369e+02 1.798997509598422653e+02 1.825850990972294312e+02
1.782568226626543435e+02 1.791992321261803340e+02 1.817445470582131293e+02
1.767941890629864190e+02 1.778902355504825152e+02 1.802670333091211035e+02
1.772507419321365489e+02 1.784307564594790847e+02 1.807891875064854332e+02
1.784174743177337348e+02 1.796771194355089847e+02 1.820228286811248211e+02
1.778970426481270124e+02 1.791553180450347611e+02 1.814790910034243154e+02
1.772374182836982470e+02 1.785315658399916856e+02 1.805734979765487083e+02
1.781026979350420163e+02 1.793244578188232765e+02 1.813731140396388923e+02
1.780221334440178396e+02 1.792273321573103715e+02 1.811148178893846534e+02
1.773167790806267590e+02 1.785345231918646789e+02 1.802057486769741672e+02
1.782118190308187309e+02 1.794267614402822346e+02 1.811994292829718916e+02
1.788427934004358235e+02 1.799087786655598222e+02 1.817494863546747013e+02
1.786592300508457072e+02 1.795280273944173359e+02 1.813683096399294357e+02
1.788364324997405959e+02 1.795312545397945314e+02 1.814859707377814573e+02
1.790219881705925218e+02 1.795901836671163210e+02 1.815867489882743655e+02
1.787114039638891825e+02 1.791505136453253044e+02 1.812328525474732714e+02
1.789910449309951161e+02 1.794093078758949957e+02 1.815630901732904476e+02
1.788619279858877178e+02 1.795866348448687404e+02 1.816638372937636063e+02
1.781836671163225105e+02 1.791822558887620573e+02 1.811697416208363620e+02
1.783836671163224992e+02 1.796132198817059304e+02 1.816458856490609151e+02
1.787803777109058956e+02 1.801371796202137716e+02 1.822771194355089790e+02
1.782310054996368081e+02 1.796437895610667113e+02 1.815792466535228868e+02
1.779116737573933733e+02 1.792902459271557518e+02 1.811970530248002547e+02
1.782776693991906143e+02 1.797068693576839280e+02 1.814827954757704731e+02
1.785716094220192929e+02 1.800580367334232506e+02 1.818531078136349493e+02
1.781279858877244067e+02 1.796609525786032862e+02 1.814275811974681005e+02
1.775129189581820128e+02 1.790329251841859559e+02 1.807940022828681208e+02
1.786215108436235255e+02 1.803848915637646542e+02 1.821140707689114890e+02
1.788821106153367282e+02 1.808549341081249224e+02 1.825270208571132002e+02
1.777594375843104615e+02 1.798092352391823283e+02 1.813657258482930388e+02
1.784117256407595846e+02 1.804378022206080630e+02 1.820260869565217376e+02
1.790933070457611223e+02 1.812607865518314725e+02 1.829174016810210617e+02
1.779624675728961165e+02 1.802135519352495692e+02 1.817800871640552032e+02
1.784384559510220924e+02 1.808009131472449837e+02 1.824007056137802181e+02
1.796609733319497764e+02 1.819645325308705992e+02 1.837368475666701215e+02
1.786564906091107332e+02 1.809664833454394568e+02 1.826970011414340433e+02
1.783921656117048826e+02 1.807540417142264175e+02 1.824958285773581110e+02
1.792366089031856404e+02 1.816605686416934873e+02 1.833464874961087503e+02
1.785439348344920631e+02 1.810677804295942792e+02 1.825518522361730902e+02
1.784443291480751270e+02 1.810285047213863265e+02 1.824556604752516478e+02
1.792536889073363113e+02 1.818843104700632978e+02 1.833276123274877989e+02
1.781860952578603303e+02 1.809190723254124862e+02 1.823439348344920745e+02
1.782534087371588782e+02 1.810485213240635005e+02 1.824952786136764473e+02
1.800901940437895519e+02 1.830239804918543030e+02 1.847309017329044423e+02
1.794943447130849847e+02 1.823783853896440803e+02 1.842542907543841579e+02
1.773525474732800546e+02 1.802756355712358527e+02 1.819223513541558646e+02
1.780244993255162456e+02 1.809264708934315706e+02 1.826458130123482420e+02
1.797726367126699074e+02 1.823202552661616664e+02 1.843112275604441095e+02
1.793167790806267590e+02 1.815577046798796346e+02 1.835578914599979328e+02
1.786451800352807027e+02 1.807266472968766209e+02 1.827526823700321756e+02
1.792577150565528825e+02 1.812684756667012493e+02 1.832909826709556853e+02
1.789251011725640694e+02 1.809420981633288363e+02 1.829737677700529161e+02
1.782514994292829726e+02 1.802627996264397723e+02 1.823125972813116107e+02
1.787240946352599451e+02 1.809135208052298367e+02 1.829725018159178092e+02
1.784585348137387086e+02 1.806976029884818900e+02 1.827597073778146637e+02
1.775755940645429121e+02 1.799159697001141467e+02 1.818819549652381511e+02
1.788940852962540191e+02 1.815225277576009262e+02 1.834815087682888759e+02
1.793555878385389519e+02 1.821210438933277942e+02 1.840814153782297353e+02
1.778255473695133446e+02 1.807417453564387131e+02 1.824140500155650102e+02
1.786813219881705948e+02 1.816916986614091627e+02 1.832884092559925193e+02
1.797562415689529871e+02 1.826702397011518144e+02 1.843370343467884140e+02
1.783544879111756813e+02 1.809937117360174454e+02 1.826676351561689273e+02
1.788475044100861169e+02 1.812951437169243434e+02 1.831216768703953619e+02
1.802478883469959499e+02 1.824818615751790105e+02 1.845278302376258068e+02
1.785215834803362043e+02 1.804774826190723331e+02 1.826211995434263713e+02
1.783401992321261673e+02 1.802546954446404470e+02 1.824029781052194608e+02
1.803627788730932764e+02 1.822356127425547356e+02 1.845042544360278214e+02
1.796051883366192783e+02 1.813938466327695380e+02 1.836341496316281052e+02
1.779903081871951827e+02 1.797757393379682469e+02 1.818842585866971149e+02
1.787552142783023896e+02 1.805936806059977187e+02 1.827314828266057987e+02
1.793772543322610886e+02 1.811464252360693195e+02 1.834087475355401011e+02
1.785264190100653821e+02 1.806323544671578247e+02 1.827000311300197097e+02
1.783812804814776314e+02 1.807946145065891983e+02 1.827928297187921487e+02
1.785608799418906187e+02 1.810333610044619661e+02 1.830072532945937667e+02
1.784472864999481203e+02 1.810110822870187803e+02 1.829280273944173416e+02
1.784175573311196388e+02 1.810804503476185516e+02 1.829643976341185123e+02
1.778387257445263003e+02 1.805003735602365964e+02 1.824064957974473487e+02
1.777215315969700100e+02 1.805627166130538512e+02 1.823474110200269820e+02
1.777215627269897311e+02 1.808272180139047407e+02 1.825915326346373320e+02
1.768829407491957966e+02 1.801783023762581593e+02 1.817767977586385939e+02
1.765847151603196039e+02 1.799722008923938859e+02 1.815245408322091976e+02
1.772351146622392832e+02 1.801530144235757973e+02 1.819812701048043948e+02
1.765097852028639522e+02 1.790023347514786849e+02 1.810304866659748768e+02
1.763764968351146649e+02 1.785958078240116151e+02 1.807110822870187690e+02
1.767908996575697813e+02 1.788214693369305905e+02 1.810520182629448982e+02
1.765867386116011346e+02 1.785369305800560369e+02 1.808061429905572197e+02
1.773507626854830335e+02 1.792579640967105945e+02 1.815234927882121099e+02
1.777369928400954677e+02 1.797081041817993139e+02 1.818944069731244042e+02
1.766279132510117336e+02 1.786836982463422316e+02 1.806906091107190946e+02
1.772978208986199036e+02 1.793136141952889773e+02 1.812562726989727082e+02
1.788765902251737998e+02 1.809311403963889120e+02 1.830443602780948424e+02
1.768250907958908442e+02 1.792118501608384236e+02 1.811835529729168854e+02
1.754100134896752081e+02 1.779619487392342023e+02 1.796641070872678085e+02
1.770391511881290967e+02 1.798176195911590867e+02 1.816146933693057974e+02
1.770746497872781902e+02 1.799597903912005847e+02 1.817475874234720266e+02
1.751228701878177958e+02 1.780532219570405630e+02 1.796904845906402386e+02
1.756276538341807623e+02 1.783049808031545069e+02 1.799532115803673378e+02
1.768998235965549384e+02 1.793399190619487342e+02 1.809821936287226265e+02
1.759978520286396133e+02 1.782618345958285886e+02 1.798023347514786678e+02
1.751860537511673783e+02 1.772943135830652750e+02 1.787578084466120174e+02
1.762461761959116018e+02 1.782767666286188728e+02 1.798421085400020729e+02
1.768961813842482229e+02 1.785813116114973411e+02 1.803107087267821953e+02
1.760782297395454918e+02 1.774680294697519969e+02 1.792696378541039621e+02
1.765475978001452688e+02 1.776675728961295135e+02 1.796029262218532665e+02
1.777473072532945935e+02 1.787182006848604203e+02 1.807602158348033754e+02
1.769110200269793438e+02 1.775546746912939682e+02 1.796915015046176336e+02
1.762723772958389645e+02 1.768228909411642746e+02 1.789975511051156900e+02
1.774821313686832127e+02 1.783605271350005239e+02 1.805454913354778341e+02
1.774445885649060983e+02 1.785539794541869867e+02 1.806771090588357254e+02
1.754696171007574890e+02 1.768068486043374605e+02 1.787605893950399434e+02
1.760554321884403919e+02 1.775982463422226942e+02 1.795290131783750098e+02
1.781184082183252144e+02 1.795107502334751359e+02 1.816917816747950667e+02
1.767503164885337696e+02 1.779482307772128138e+02 1.804508664522154220e+02
1.756001660267718307e+02 1.766669399190619458e+02 1.791621043893327681e+02
1.776300819757185820e+02 1.787440697312441671e+02 1.813029469751997453e+02
1.783408322091937350e+02 1.794722320224136070e+02 1.821269067137075979e+02
1.768982359655494463e+02 1.780058835737262655e+02 1.805437273010273032e+02
1.774166130538549453e+02 1.788288367749299539e+02 1.811431254539794509e+02
1.782828577358098983e+02 1.798511466223928608e+02 1.819783438829511226e+02
1.767050845698869068e+02 1.784969803880875929e+02 1.800262633599668050e+02
1.772965134377918446e+02 1.791321054270001127e+02 1.807211891667531347e+02
1.792473695133340357e+02 1.808869046383729255e+02 1.828845387568745480e+02
1.778653730414029326e+02 1.791860745045138401e+02 1.814667738922901208e+02
1.775635675002594098e+02 1.787868320016602581e+02 1.811464978727819926e+02
1.792546435612742641e+02 1.804164366504098780e+02 1.828662446819549530e+02
1.785578499533049808e+02 1.797097333194977580e+02 1.821600705613780349e+02
1.780008820172252797e+02 1.791853066306941855e+02 1.816283075645947918e+02
1.789495382380408728e+02 1.803124831379059856e+02 1.828282764345750877e+02
1.774968039846425256e+02 1.790739026668050258e+02 1.813255784995330373e+02
1.770874546020545779e+02 1.788295423887101663e+02 1.810009442772647219e+02
1.791557849953304924e+02 1.809257133962851469e+02 1.832005084569887003e+02
1.784194770156687753e+02 1.797898516135726936e+02 1.820841963266576613e+02
1.776063920307149431e+02 1.785153263463733424e+02 1.808054892601431902e+02
1.800216561170488774e+02 1.808126699180242838e+02 1.833648749610874802e+02
1.800835633495901220e+02 1.807342533983604937e+02 1.832990245927155684e+02
1.775593545709245689e+02 1.780273217806371235e+02 1.804895091833558070e+02
1.786703953512503915e+02 1.790602677181695412e+02 1.816312960464875061e+02
1.787322195704057322e+02 1.800335996679464472e+02 1.821798277472242376e+02
1.771062675106360871e+02 1.785907128774514945e+02 1.804860018678011784e+02
1.773822973954550264e+02 1.792534398671785709e+02 1.809499429282971903e+02
1.783843727301027400e+02 1.804380720141122652e+02 1.820729065061741210e+02
1.773556916052713461e+02 1.789611497353948266e+02 1.807553906817474285e+02
1.772753346477119294e+02 1.784783438829511226e+02 1.804382587942305634e+02
1.790228183044515902e+02 1.799731866763515598e+02 1.821170800041506652e+02
1.788865933381757714e+02 1.796895091833558240e+02 1.818647608176818551e+02
1.773009131472449837e+02 1.780057798069938713e+02 1.801703642212306704e+02
1.780415170696274743e+02 1.786227975511051227e+02 1.809039742658503656e+02
1.794526616166857025e+02 1.808881809691812919e+02 1.827897167168205783e+02
1.788939192694822111e+02 1.809058835737262712e+02 1.823470374597903856e+02
1.772607657984850107e+02 1.795539898308602176e+02 1.805837812597281413e+02
1.776664625920929836e+02 1.800506485420773970e+02 1.810015980076787514e+02
1.789667427622704281e+02 1.810021479713603867e+02 1.823946248832624235e+02
1.788796617204524182e+02 1.806907855141641619e+02 1.823828992425028446e+02
1.787981633288367789e+02 1.803814568849226987e+02 1.822042233060080889e+02
1.795707792881602245e+02 1.810602677181695412e+02 1.829588046072429108e+02
1.799286084881186980e+02 1.813405105323233499e+02 1.834005603403548719e+02
1.787528172667842625e+02 1.802619072325412333e+02 1.824276123274877932e+02
1.775224239908685320e+02 1.790866037148490193e+02 1.811266161668569055e+02
1.783773062156272715e+02 1.800422019300612249e+02 1.821510117256407568e+02
1.791739856801909241e+02 1.809528483968039723e+02 1.830212410501193290e+02
1.777511881290858184e+02 1.796325827539690749e+02 1.817290131783750269e+02
1.774937947494033494e+02 1.794133962851509807e+02 1.815266161668569111e+02
1.792858358410293533e+02 1.812818200684860415e+02 1.835081041817993253e+02
1.793566877659022509e+02 1.813118709141849081e+02 1.836268755836878768e+02
1.772638995538030429e+02 1.790728857528276308e+02 1.813183459582857608e+02
1.775195185223617216e+02 1.793122029677285525e+02 1.815313894365466467e+02
1.797957766939919111e+02 1.814674068693576885e+02 1.839121822143820566e+02
1.788946145065891926e+02 1.802551727716094092e+02 1.827382587942305747e+02
1.772801390474213861e+02 1.783531596970011321e+02 1.807848708104181696e+02
1.792786966898412402e+02 1.802785099097229420e+02 1.827941475562934386e+02
1.802371381135208139e+02 1.812902251738092900e+02 1.838349797654871907e+02
1.776189789353533399e+02 1.788804295942720728e+02 1.811605686416934873e+02
1.773219155338798316e+02 1.789502438518211136e+02 1.809947805333609949e+02
1.784339524748365591e+02 1.804588149839161701e+02 1.824505240219985467e+02
1.767661409152225929e+02 1.788852028639618084e+02 1.806200373560236585e+02
1.763151603196015458e+02 1.784590847774203723e+02 1.801597592611808523e+02
1.788639618138424794e+02 1.810164158970634105e+02 1.829326138839888074e+02
1.790762166649372205e+02 1.810082390785514121e+02 1.830343779184393611e+02
1.775220193006122145e+02 1.792193109888969502e+02 1.811786551831482939e+02
1.783323959738507938e+02 1.797147348759987437e+02 1.816368268133236370e+02
1.789957144339524859e+02 1.803381654041714341e+02 1.822480336204212961e+02
1.793216457403756294e+02 1.803782401162187341e+02 1.823896440801079279e+02
1.801110407803258227e+02 1.808502230984746291e+02 1.831900072636712764e+02
1.793496004980803207e+02 1.798616996990764676e+02 1.823020234512815136e+02
1.793429905572273526e+02 1.797535643872574553e+02 1.822591366607865382e+02
1.809940956729272727e+02 1.813721905157206606e+02 1.839722008923938859e+02
1.796285566047525037e+02 1.800625090795890912e+02 1.827308187195185099e+02
1.778352495589913929e+02 1.785253190827020831e+02 1.809984019923212486e+02
1.789289405416623424e+02 1.797367334232644964e+02 1.823023139981322061e+02
1.793856801909307990e+02 1.802212514267925769e+02 1.828211891667531290e+02
1.787446093182525715e+02 1.796433433641174702e+02 1.821850887205561946e+02
1.782908996575697813e+02 1.793129604648749478e+02 1.817122652277679720e+02
1.781468299263256085e+02 1.792280585244370741e+02 1.814302480024904014e+02
1.788250181591781711e+02 1.800243332987444091e+02 1.822511466223928664e+02
1.791690982670955634e+02 1.804041610459686638e+02 1.825607346684653010e+02
1.779376258171630241e+02 1.791914081145584703e+02 1.812806890111030498e+02
1.778518314828266114e+02 1.790314309432395987e+02 1.811360381861575206e+02
1.783939919061948842e+02 1.796281415378229838e+02 1.818101276330808389e+02
1.771725329459375189e+02 1.784744526304866667e+02 1.805901629137698592e+02
1.765800145273425414e+02 1.778808135311819001e+02 1.799330185742450965e+02
1.777173601743281210e+02 1.790849538238040850e+02 1.812444536681539944e+02
1.776532219570405857e+02 1.786519871329251714e+02 1.808929127321780754e+02
1.766610978520286324e+02 1.773597696378541002e+02 1.795922693784372655e+02
1.773019093078758885e+02 1.777542596243644368e+02 1.800493929646155493e+02
1.774115181072947962e+02 1.777377503372418914e+02 1.800248313790598615e+02
1.768154716197987000e+02 1.770566566358825469e+02 1.793618138424820927e+02
1.769164055203901569e+02 1.773289716716820692e+02 1.796079900383936945e+02
1.771689529936702172e+02 1.778733838331430945e+02 1.800450762685483141e+02
1.767258379163640143e+02 1.776563764657051081e+02 1.796992943862197762e+02
1.763566566358825298e+02 1.773545813012348162e+02 1.793674898827435982e+02
1.766688803569575725e+02 1.777447338383314275e+02 1.797365570198194575e+02
1.768639929438622005e+02 1.779234927882120871e+02 1.799901732904430958e+02
1.765486562208156158e+02 1.776094842793400517e+02 1.796226419010065456e+02
1.764881809691812862e+02 1.775386116011206923e+02 1.795535540105842074e+02
1.767029573518729819e+02 1.777555567085192365e+02 1.798488326242606661e+02
1.760979142886790498e+02 1.771811767147452485e+02 1.792266784268963420e+02
1.754425547369513367e+02 1.769549756148178972e+02 1.788818719518522471e+02
1.756330081975718542e+02 1.777484694406973063e+02 1.795510532323337145e+02
1.751627996264397495e+02 1.775859811144547109e+02 1.793194666389955501e+02
1.746545397945418756e+02 1.772469233163847662e+02 1.789084051053232258e+02
1.753147763826917185e+02 1.779732178063712809e+02 1.796892290131783625e+02
1.756820276019508071e+02 1.778317007367438123e+02 1.796919892082598267e+02
1.757336515513126471e+02 1.772591262841133073e+02 1.793525889799730066e+02
1.766759261180865508e+02 1.779306526927467189e+02 1.801774826190723218e+02
1.771708415481996610e+02 1.783095154093597614e+02 1.806383003009235324e+02
1.766783542596243706e+02 1.776456366089031746e+02 1.799782919995849397e+02
1.770029988585659453e+02 1.779927985887724446e+02 1.803406246757289750e+02
1.776439867178582688e+02 1.786510117256407568e+02 1.809117152640863253e+02
1.767731555463318500e+02 1.778264501400850861e+02 1.800305281726678288e+02
1.761135000518833635e+02 1.771918958182006918e+02 1.793623015461243142e+02
1.767864895714433828e+02 1.779606101483864222e+02 1.802147452526720031e+02
1.779728649994811747e+02 1.787405105323233272e+02 1.813007263671266855e+02
1.773372937636193853e+02 1.777008405105323163e+02 1.804348656220815599e+02
1.761569990660994165e+02 1.762891771298121739e+02 1.792062571339628505e+02
1.771380512607657920e+02 1.771164262737366357e+02 1.802700321676870487e+02
1.781900280170177382e+02 1.780834492061844969e+02 1.812385078343882867e+02
1.771269067137075979e+02 1.770461139358721709e+02 1.798884196326657730e+02
1.768541973643249889e+02 1.768671785825464440e+02 1.792446612016187544e+02
1.783334232645013913e+02 1.784615232956314230e+02 1.807468506796720931e+02
1.784670125557746303e+02 1.786342222683407783e+02 1.807403029988585672e+02
1.773662135519352603e+02 1.775361419528898921e+02 1.794870499117982661e+02
1.778968662446819451e+02 1.783646570509494609e+02 1.803680294697520026e+02
1.792218947805333471e+02 1.798299885856594358e+02 1.819756770779288217e+02
1.788665767354985974e+02 1.795066825775656412e+02 1.817190411953927480e+02
1.781326865207014691e+02 1.788384351976756363e+02 1.810765590951540958e+02
1.782798900072636741e+02 1.789849538238040907e+02 1.812096918128048060e+02
1.789852651240012449e+02 1.796479713603818595e+02 1.818088928089654530e+02
1.792142264190100605e+02 1.797533983604856189e+02 1.819831067759676273e+02
1.781903081871951713e+02 1.787308913562311830e+02 1.808583687869669063e+02
1.778159593234408931e+02 1.783777627892497719e+02 1.804690152537096708e+02
1.791104596866244663e+02 1.796996368164366515e+02 1.818579640967105888e+02
1.790089343156583936e+02 1.794786966898412288e+02 1.817364117463941113e+02
1.777471827332157375e+02 1.780743696171007571e+02 1.804037459790391154e+02
1.785895091833558297e+02 1.788665248521324145e+02 1.812930580056033989e+02
1.800864376880772113e+02 1.802446093182525715e+02 1.828292829718792234e+02
1.794101587631005543e+02 1.793876517588461184e+02 1.819344920618449635e+02
1.787171422641901017e+02 1.788473902666804918e+02 1.811540002075334712e+02
1.802440386012244460e+02 1.805349901421604102e+02 1.827753138943654676e+02
1.799116633807201424e+02 1.800973954550171356e+02 1.824053336100446074e+02
1.772271142471723522e+02 1.774714849019404426e+02 1.795689529936702229e+02
1.783510013489675146e+02 1.787733942098163311e+02 1.808155131264916520e+02
1.807831067759676387e+02 1.813174743177337405e+02 1.836934938258794148e+02
1.790811352080523022e+02 1.790710283283179365e+02 1.816672615959323309e+02
1.774710802116841251e+02 1.771069108643768857e+02 1.798103662965653200e+02
1.796055203901629227e+02 1.790213344401784923e+02 1.820319705302480031e+02
1.800226003943135709e+02 1.794119539275708348e+02 1.825337968247379763e+02
1.773151084362353345e+02 1.771638788004565868e+02 1.799604648749610760e+02
1.772306941994396539e+02 1.772908373975303391e+02 1.800132717650721190e+02
1.789362042129293400e+02 1.791606309017329011e+02 1.820122340977482622e+02
1.788010791740168202e+02 1.791841651966379629e+02 1.819939503995019265e+02
1.785325931306423115e+02 1.790646778042959397e+02 1.817519456262322421e+02
1.791000207533464845e+02 1.796635467469129424e+02 1.824071183978416570e+02
1.790113832105427036e+02 1.795369513334024987e+02 1.821934834492061839e+02
1.788824737989000653e+02 1.794908270208571253e+02 1.820189996886998074e+02
1.794810833246860966e+02 1.800633184601016978e+02 1.825461554425651229e+02
1.796160734668465295e+02 1.801763723150357919e+02 1.826642731140396450e+02
1.796705302480024784e+02 1.800969492580678661e+02 1.825748676974162095e+02
1.799862509079589188e+02 1.802069419943966011e+02 1.827535747639306862e+02
1.802117982774722407e+02 1.803349278821209793e+02 1.828805644910241881e+02
1.801116841340666213e+02 1.802344816851717439e+02 1.827089343156584107e+02
1.800228494344713113e+02 1.800791013800975406e+02 1.825829926325619965e+02
1.796238352184289795e+02 1.795514371692435418e+02 1.821660890318563872e+02
1.796425962436442774e+02 1.794676559095154005e+02 1.822128048147763764e+02
1.802573726263360072e+02 1.800489778976860009e+02 1.828443706547680847e+02
1.797847462903393136e+02 1.795565321158036625e+02 1.823347203486562194e+02
1.798852962540209717e+02 1.796358721593857126e+02 1.824278406142990434e+02
1.807187195185223629e+02 1.805687869668984149e+02 1.832896959634741165e+02
1.794355193524955894e+02 1.794653937947494171e+02 1.818972501815917724e+02
1.795199647193109911e+02 1.796301338590847649e+02 1.820281622911694512e+02
1.815432603507315434e+02 1.816285150980595517e+02 1.841404482722839191e+02
1.803445263048666618e+02 1.803513645325308801e+02 1.828918854415274495e+02
1.786403652588979867e+02 1.785942201930061231e+02 1.809673238559717845e+02
1.798200477326969065e+02 1.798915015046176222e+02 1.823378541039742800e+02
1.808635467469129310e+02 1.810336515513126585e+02 1.836488014942409563e+02
1.792497665248521344e+02 1.794723150357995110e+02 1.819671370758534863e+02
1.785770986821625002e+02 1.787495174846943939e+02 1.813191657154716268e+02
1.802820587319705226e+02 1.802264812701048129e+02 1.828934419425132205e+02
