1.776920907469619806e+02 1.714068267595703219e+02 1.751198726722242895e+02
1.792288270913690837e+02 1.729786093484301830e+02 1.767547696072332144e+02
1.811394902741487272e+02 1.750036912612500544e+02 1.788678507735058645e+02
1.799061631620422190e+02 1.736388370453319965e+02 1.775056198415661015e+02
1.780790614242461913e+02 1.722825577537223580e+02 1.755801501389407235e+02
1.794603293102733232e+02 1.739055410393596333e+02 1.767601198623035259e+02
1.809570942723238431e+02 1.759581933557297475e+02 1.777181058438057448e+02
1.800349218199162067e+02 1.752626187217452696e+02 1.765724358176765918e+02
1.788126892289826344e+02 1.743785823897806040e+02 1.752215793621168700e+02
1.791200593090290738e+02 1.749790448343079845e+02 1.755392144664261025e+02
1.792180954750943442e+02 1.751520156774915904e+02 1.756024324996889447e+02
1.785734104765459733e+02 1.745957654182738281e+02 1.749081746920492719e+02
1.786758844510804067e+02 1.747386566297540469e+02 1.750090829911658545e+02
1.792473870847331057e+02 1.753561133922276269e+02 1.755863195222097772e+02
1.791621459085064885e+02 1.752750197005516100e+02 1.755932147152751952e+02
1.778472896188461618e+02 1.740405416614823082e+02 1.744173821077516493e+02
1.768824291817012977e+02 1.731177989299489752e+02 1.733621065074032686e+02
1.775231429637924521e+02 1.737513583011903222e+02 1.737931442080378304e+02
1.787931442080378304e+02 1.749946290075069442e+02 1.750867342706648344e+02
1.790130023640661818e+02 1.751669155157397029e+02 1.753181639085894403e+02
1.780505889428062005e+02 1.740875845049977215e+02 1.741466239475757902e+02
1.779732383559371272e+02 1.740045103894487966e+02 1.740291049728339772e+02
1.791796171871759782e+02 1.753498921654016840e+02 1.753057629297830999e+02
1.798956078138608916e+02 1.760675625233295989e+02 1.760782422960474491e+02
1.795145680394840610e+02 1.755365704450250917e+02 1.755647733399693209e+02
1.788995168180498467e+02 1.748468230268342154e+02 1.749323856331135119e+02
1.789760690141429222e+02 1.748784579652440812e+02 1.749747003442412279e+02
1.789365953299324019e+02 1.749897038696030904e+02 1.751086122516693706e+02
1.786411388992576121e+02 1.747441624154949977e+02 1.748803035958690941e+02
1.782572684666749581e+02 1.744351748164738183e+02 1.744970345485463099e+02
1.780069677740450516e+02 1.741980527560034773e+02 1.742820704242876673e+02
1.777003131350835758e+02 1.739238003400937203e+02 1.739543465638090538e+02
1.771180270415992766e+02 1.733833208908796735e+02 1.732750922815312435e+02
1.766759362946372960e+02 1.729642486831736505e+02 1.727856683671353437e+02
1.769501472357015359e+02 1.732813031396458143e+02 1.731387437269296186e+02
1.774956244037990984e+02 1.739393845132926799e+02 1.737252498859441801e+02
1.775785740948115006e+02 1.739838455476753438e+02 1.738264796151134419e+02
1.770564265273111744e+02 1.734665920119447549e+02 1.733093712413421201e+02
1.769836381734478152e+02 1.734257185516983952e+02 1.733199680643689646e+02
1.776777819252623374e+02 1.741571274522002284e+02 1.741167205839658152e+02
1.780256418232341957e+02 1.744720770602629614e+02 1.744337231968810897e+02
1.773684106839201888e+02 1.737851706689892524e+02 1.738352411762266172e+02
1.768700696777404460e+02 1.731301376964870826e+02 1.732262763883704508e+02
1.774103417527269642e+02 1.735024573845962550e+02 1.737174215088548692e+02
1.776698913359047651e+02 1.736893845132926799e+02 1.739262473559786031e+02
1.765699058521007032e+02 1.725805234125502921e+02 1.728459727925013567e+02
1.756735722284434473e+02 1.716378623864626149e+02 1.719798535937953545e+02
1.761228588611007524e+02 1.721192090746961867e+02 1.724623926838372654e+02
1.762730496453900741e+02 1.724446725560947300e+02 1.725313964580481922e+02
1.756875492513790391e+02 1.720175438596491233e+02 1.721035523205175934e+02
1.757831176641367108e+02 1.721818360914105597e+02 1.720475509103728484e+02
1.768956181825722638e+02 1.733976297125793167e+02 1.730887458006718873e+02
1.768873335821824071e+02 1.733582389780598021e+02 1.731203911077931252e+02
1.756635664219650721e+02 1.721226722242959681e+02 1.718591721620836950e+02
1.764930322259549484e+02 1.730240761478163449e+02 1.726495064493384746e+02
1.784327485380117082e+02 1.749985276429845271e+02 1.745704035502467661e+02
1.778580938161005349e+02 1.742737547177636657e+02 1.738486064451909954e+02
1.761641574385135414e+02 1.725492306416158499e+02 1.721261664800298661e+02
1.766789121148023582e+02 1.731451723279830901e+02 1.727081000373273696e+02
1.778556675376384248e+02 1.743701422587200796e+02 1.738741964248683303e+02
1.767256024221309758e+02 1.732900750694703618e+02 1.727032785865372659e+02
1.748834349467048241e+02 1.713959396126249430e+02 1.708850109908340471e+02
1.752146634316287077e+02 1.717763987391647049e+02 1.713349612210194550e+02
1.768392849736634673e+02 1.734807764091078752e+02 1.729442785450624172e+02
1.764001078345983160e+02 1.729630251752312233e+02 1.725150138940732347e+02
1.752563560200738380e+02 1.717768445937538786e+02 1.713612666417817536e+02
1.762284952926050323e+02 1.727431151756459826e+02 1.723428103355315102e+02
1.778067686947865980e+02 1.742659574468084998e+02 1.738248724648500740e+02
1.776073887437269434e+02 1.739028762805358497e+02 1.734499917050308966e+02
1.769305400024884989e+02 1.731289349259673997e+02 1.726148023723611686e+02
1.776405582514205150e+02 1.737766786943718671e+02 1.730636327817178994e+02
1.785397640081290831e+02 1.746947658744971079e+02 1.738113412965036844e+02
1.782879287462154139e+02 1.742805254862925608e+02 1.734320642030608326e+02
1.779960702583883005e+02 1.739314731865123917e+02 1.731280328480776518e+02
1.785515324955414656e+02 1.745413711583924226e+02 1.735964808593587918e+02
1.788095164033013873e+02 1.747398801376964741e+02 1.737415080253826147e+02
1.780211625399195441e+02 1.739431483555223679e+02 1.729460827008419415e+02
1.773602608767782272e+02 1.732569470366222788e+02 1.723004852556924220e+02
1.775119862303512832e+02 1.734822280287006038e+02 1.725226348969350170e+02
1.777520011612956807e+02 1.736944340757330565e+02 1.727069180042304311e+02
1.775648355522375539e+02 1.735743747667039827e+02 1.725771535813529169e+02
1.772404400481108269e+02 1.733238044875782862e+02 1.724592198581560183e+02
1.771033656837128376e+02 1.732671083737713218e+02 1.725346626021318173e+02
1.772781510513873400e+02 1.734988594417485785e+02 1.727538053170752050e+02
1.771684500850234372e+02 1.734183360291982865e+02 1.728099000456223280e+02
1.767302890796731845e+02 1.730819128198747592e+02 1.724360976317863106e+02
1.771431607979760372e+02 1.734664986935423769e+02 1.728086972751026451e+02
1.778937518145244780e+02 1.742455414541080927e+02 1.735348285015138288e+02
1.768020301936875285e+02 1.732571751482725801e+02 1.727188627597362256e+02
1.750883310522168301e+02 1.715950085023433189e+02 1.710467110447513619e+02
1.760628136535191288e+02 1.725805648873957807e+02 1.722254883663058251e+02
1.777930301522126797e+02 1.742563663887852101e+02 1.736777197129940760e+02
1.763085106382978609e+02 1.728889096263116301e+02 1.724361598440545720e+02
1.740489403176973155e+02 1.706827589067230804e+02 1.704167807224918079e+02
1.750893782920658737e+02 1.717399838248102526e+02 1.714944320019907877e+02
1.772864356517771967e+02 1.739250031106134031e+02 1.735232155447720857e+02
1.766301895400439719e+02 1.732418812989921548e+02 1.729313902368213576e+02
1.749519513914810602e+02 1.717109721703786533e+02 1.713006615237858341e+02
1.761183381029405552e+02 1.727231035626892321e+02 1.725789992119779299e+02
1.779822695035460924e+02 1.743020612998216450e+02 1.743982622039733030e+02
1.772115631869271226e+02 1.733351789639583558e+02 1.736336112147982362e+02
1.753709924930529667e+02 1.715017004686657458e+02 1.718333022271991979e+02
1.760758160175853391e+02 1.722075401269130168e+02 1.724270353780432288e+02
1.778516755837584640e+02 1.739132242544896485e+02 1.741403612459043586e+02
1.776450375347351951e+02 1.736237402015677560e+02 1.738129691841897966e+02
1.760149516818049733e+02 1.719361702127659441e+02 1.721292459873087068e+02
1.753453403011073704e+02 1.712416324499191376e+02 1.714583488864003868e+02
1.759312036000166017e+02 1.718992887063995738e+02 1.720999543776699454e+02
1.761806229521795046e+02 1.723637966073576422e+02 1.724776243208494009e+02
1.757762743146281821e+02 1.721143979926174836e+02 1.721673717390402771e+02
1.749700033179876471e+02 1.714210630002903315e+02 1.713451847704367310e+02
1.748761042677616047e+02 1.714852142175770382e+02 1.713294450665671320e+02
1.759953340798805641e+02 1.725286487495334029e+02 1.723579175480071228e+02
1.766242482684251911e+02 1.731430260047281422e+02 1.728974741819086773e+02
1.761774293890755132e+02 1.727273754717763552e+02 1.724186781966737101e+02
1.761421965078179994e+02 1.726621562772178606e+02 1.723616813902368108e+02
1.767644021401020211e+02 1.732534942557338979e+02 1.729454709468707279e+02
1.770688171374061710e+02 1.735608954419144823e+02 1.732968976815561462e+02
1.764006988511467853e+02 1.729860126083530361e+02 1.727370287420679347e+02
1.758058147733399608e+02 1.724937995105968298e+02 1.722593111028161559e+02
1.762409584836796341e+02 1.729792522085355131e+02 1.725982539090041996e+02
1.767054871220604753e+02 1.734415826801045171e+02 1.730797872340425556e+02
1.758598150221890535e+02 1.724833893243747696e+02 1.721379971797105100e+02
1.746016755837584640e+02 1.711487287959852210e+02 1.708639936128737986e+02
1.747836879432624073e+02 1.712654597486624368e+02 1.710480797146530563e+02
1.755839554560159286e+02 1.719537762846833289e+02 1.718466052838953146e+02
1.752021587657085888e+02 1.715717514827257162e+02 1.715289909170088265e+02
1.741717058603956616e+02 1.704898282941396133e+02 1.703811019866450920e+02
1.739793766330720359e+02 1.703116212517108465e+02 1.701436481274107280e+02
1.753216892704574548e+02 1.717142590518850227e+02 1.714923064161586126e+02
1.760825245738459728e+02 1.723977645058272117e+02 1.721470490647422480e+02
1.743619406080212286e+02 1.706181099912902823e+02 1.705276637219526492e+02
1.730500186636804756e+02 1.693216789017460826e+02 1.691457944506656759e+02
1.746575110945211691e+02 1.711743084069511838e+02 1.708164530712123224e+02
1.758428932852225159e+02 1.721886068599394548e+02 1.719314213429555025e+02
1.732663514578408126e+02 1.697527995520716786e+02 1.693574405872838042e+02
1.714833582182406246e+02 1.680375969474513624e+02 1.678204242876695389e+02
1.735720210692215062e+02 1.700566546389614757e+02 1.698560511799593655e+02
1.747179710505578498e+02 1.710926133300153538e+02 1.709158371697565428e+02
1.721627058189208128e+02 1.686948591928995143e+02 1.686002550702998519e+02
1.704896831321803461e+02 1.670440670233503511e+02 1.671430260047281422e+02
1.728147111277010595e+02 1.692803595869105493e+02 1.692976131226411098e+02
1.748546514039235262e+02 1.714302807847040810e+02 1.712018684417900545e+02
1.732319584422048138e+02 1.699867384181494003e+02 1.697129940690970784e+02
1.712710588528057656e+02 1.680948011281157903e+02 1.679480009124465880e+02
1.726029198291236355e+02 1.693562067106300049e+02 1.691868752851395641e+02
1.748486271826137397e+02 1.715989797188005355e+02 1.711632657293351656e+02
1.740013479324789500e+02 1.706763406743809810e+02 1.703217307453029719e+02
1.722828999211977816e+02 1.690500912446601092e+02 1.686169486956161165e+02
1.730617249388245966e+02 1.699302185724358196e+02 1.695002695864957900e+02
1.746345029239766120e+02 1.714858881838165132e+02 1.709734249927419114e+02
1.742550702998631209e+02 1.710653539878063896e+02 1.705662456969847653e+02
1.726599581104060519e+02 1.695039712164572165e+02 1.691014474721081626e+02
1.724108498195844277e+02 1.692124756335282711e+02 1.690036083115590486e+02
1.736643648127410700e+02 1.704396022562316091e+02 1.702725830533781277e+02
1.737591244660113716e+02 1.705503919372900441e+02 1.703914603293102630e+02
1.727432396001824770e+02 1.694885322052175241e+02 1.693492804114304704e+02
1.729410538758243092e+02 1.697397660818713518e+02 1.695451868441789998e+02
1.739609514329559090e+02 1.708041972543652207e+02 1.704403488034507177e+02
1.739377462568951955e+02 1.707997594458960577e+02 1.704526460951433080e+02
1.730821098253908872e+02 1.699309029073866668e+02 1.696074094811496877e+02
1.732543341213553845e+02 1.701279498983866176e+02 1.698287607316162848e+02
1.745353469370826645e+02 1.712494193521629029e+02 1.710315623574302322e+02
1.743277860727468749e+02 1.710432893699970975e+02 1.708504209696818918e+02
1.727173489278752356e+02 1.694956969847787320e+02 1.693910559495665780e+02
1.728232238397411891e+02 1.696378209116170979e+02 1.695215876570859734e+02
1.744522935589564838e+02 1.711634419974285493e+02 1.710090829911658545e+02
1.740635083571813766e+02 1.707609493592136403e+02 1.706259591058023375e+02
1.720764485089792970e+02 1.689443096511965621e+02 1.686872381900377320e+02
1.721044543984073698e+02 1.689772510472398608e+02 1.687498133631952157e+02
1.736075027995520657e+02 1.703558334370204363e+02 1.701835158226535611e+02
1.735023433287711043e+02 1.702822363236697072e+02 1.699728132387706978e+02
1.717503940110323128e+02 1.687256646343992372e+02 1.684517129111194151e+02
1.711926299199535606e+02 1.682695761270789205e+02 1.680315623574302322e+02
1.730891190742814558e+02 1.702402637800174148e+02 1.699135664219650721e+02
1.744447866119198807e+02 1.716032723653104313e+02 1.713225187673675975e+02
1.731937290033594650e+02 1.705171291111940661e+02 1.702325287213305103e+02
1.719549790552030117e+02 1.693187860312720261e+02 1.689485711915723130e+02
1.729370515532329762e+02 1.702211438762390685e+02 1.698915329102898966e+02
1.740007258097963643e+02 1.711872381900377320e+02 1.708456720998714218e+02
1.740232673883289749e+02 1.711597299987557506e+02 1.708257330678943333e+02
1.738252561071710147e+02 1.709330595993529869e+02 1.705571108622620500e+02
1.733422089502716688e+02 1.705650636638878552e+02 1.702089191655261118e+02
1.728832068350545512e+02 1.702199307370080135e+02 1.698143689602256359e+02
1.734477313259507980e+02 1.708518725892745920e+02 1.703976089751565723e+02
1.739684376425697678e+02 1.713393782920658737e+02 1.708980340923230017e+02
1.735296856206710743e+02 1.708797022106092527e+02 1.705025610717100051e+02
1.725998921654016840e+02 1.700740222305171869e+02 1.696088507320310157e+02
1.725557525610716993e+02 1.701384222968769393e+02 1.696547115424494905e+02
1.736429845298826251e+02 1.711974098958981472e+02 1.706929824561403564e+02
1.742105366845008518e+02 1.717385218365061519e+02 1.712316473808635067e+02
1.731162125171083801e+02 1.707455621915308370e+02 1.702050620048940459e+02
1.723623449877649136e+02 1.698795155738044969e+02 1.694546472564389603e+02
1.730723113931400690e+02 1.703823254945875192e+02 1.698906826759570379e+02
1.739175272697109165e+02 1.710564991082908080e+02 1.706754282277798609e+02
1.739543673012317981e+02 1.710326718095475087e+02 1.707324250342167602e+02
1.738643461490605944e+02 1.708982518352619024e+02 1.706056986437725413e+02
1.735027580772261615e+02 1.705101509684376424e+02 1.701991725768321544e+02
1.730077246899755323e+02 1.700361868027041510e+02 1.697016299614283810e+02
1.735528182157521542e+02 1.705760959727925012e+02 1.701356953257849227e+02
1.736167827962340766e+02 1.706412011115258736e+02 1.702060470324747996e+02
1.727422027290448341e+02 1.697949483638173547e+02 1.693102111069636351e+02
1.726815250300692526e+02 1.697554435734726894e+02 1.692546555514080637e+02
1.733280141843971762e+02 1.703452366139936203e+02 1.698684832648998508e+02
1.729147380863506385e+02 1.699584007299572761e+02 1.694824561403508767e+02
1.725465036705238333e+02 1.697002820289494309e+02 1.691409522624528279e+02
1.737941499730413568e+02 1.709542947202521646e+02 1.703216374269005939e+02
1.741762058811330860e+02 1.713542884990253299e+02 1.707178569947326991e+02
1.728935962838538387e+02 1.701382252913607829e+02 1.695942826925469831e+02
1.733222284434490348e+02 1.705456015926340569e+02 1.700379702210609310e+02
1.755064908133217330e+02 1.726033553150014654e+02 1.721156215005599108e+02
1.748000394011032199e+02 1.719052714528638433e+02 1.714511426319936902e+02
1.723936066525652109e+02 1.695909128613495795e+02 1.690928621790883710e+02
1.729876301273277761e+02 1.701019659076769983e+02 1.695913898220729266e+02
1.750153145867031697e+02 1.721014993156650519e+02 1.716188876446435359e+02
1.742300920741570280e+02 1.713649993778773251e+02 1.708423126373854188e+02
1.719379121562772070e+02 1.691884513292687870e+02 1.685703206005557604e+02
1.720313342457799308e+02 1.692793019783501336e+02 1.687467027497822585e+02
1.739338268839948682e+02 1.710623055866616937e+02 1.705749139396955627e+02
1.740762826095972855e+02 1.711568371282816940e+02 1.706019866450997426e+02
1.722537223673841709e+02 1.693291340052258249e+02 1.688684210526315894e+02
1.719513500062212188e+02 1.689982269503546206e+02 1.686158392434988116e+02
1.736271307701878754e+02 1.706634108912944328e+02 1.700614657210401788e+02
1.738640454564306879e+02 1.710564991082908080e+02 1.702550495624403766e+02
1.730561673095267849e+02 1.703484301770975833e+02 1.694642072083281619e+02
1.734450769358384150e+02 1.706973580523412579e+02 1.697054663846377309e+02
1.734700136866990192e+02 1.707145182696694405e+02 1.698474036746713125e+02
1.723726100120277067e+02 1.696071606320766421e+02 1.686896333623657256e+02
1.728668139023682215e+02 1.699141055949566521e+02 1.690640164240388117e+02
1.748302123512089850e+02 1.715450313135083604e+02 1.708001430882169984e+02
1.741653809464559686e+02 1.708479843225084096e+02 1.702151196549292820e+02
1.718351893326697279e+02 1.686250673966239617e+02 1.678731284475965424e+02
1.712028119945253195e+02 1.680761374476380183e+02 1.675699888017917090e+02
1.729306229521795046e+02 1.699080087926672604e+02 1.696081975032143134e+02
1.736653809464559686e+02 1.706927647132014556e+02 1.703688669072207631e+02
1.713717701464061918e+02 1.687202314296379200e+02 1.682353282734021889e+02
1.702663203517066961e+02 1.675729127783999104e+02 1.672627535149931646e+02
1.726501700468665774e+02 1.698204139189581383e+02 1.695395047903446653e+02
1.745639231056364338e+02 1.715364978640454581e+02 1.710155738044875875e+02
1.731476089751565723e+02 1.702186242793745521e+02 1.696781863050060224e+02
1.712674712786694897e+02 1.683995168180498467e+02 1.679502820289494309e+02
1.720573597113350672e+02 1.692850877192982466e+02 1.688025486292563642e+02
1.745673966239475874e+02 1.718327837916303622e+02 1.710661420098710153e+02
1.747203558541744428e+02 1.721139832441624264e+02 1.710630210277466858e+02
1.718810294056654584e+02 1.695907573306789402e+02 1.684723881216042400e+02
1.703862759736219914e+02 1.680812906971921450e+02 1.670426672473145118e+02
1.719529156816390980e+02 1.696007631371573154e+02 1.685855937124134130e+02
1.733985836340259539e+02 1.708458794740989504e+02 1.698882460287835556e+02
1.720498527642984641e+02 1.694730724565550872e+02 1.687503525361867958e+02
1.700137178051511739e+02 1.673475695740533240e+02 1.666652668906308463e+02
1.709106735514910156e+02 1.682906971921529475e+02 1.676130189540043887e+02
1.731760710878851910e+02 1.705029861888764344e+02 1.698082721579362158e+02
1.726339326448508871e+02 1.698964373107710060e+02 1.694205445647214958e+02
1.710694599975115011e+02 1.682552880428020501e+02 1.679100514288084298e+02
1.722343743519555517e+02 1.693606756252332843e+02 1.691729086309153445e+02
1.739298556675376517e+02 1.709711335075276963e+02 1.708009207415702235e+02
1.728988532205217439e+02 1.699562233005682117e+02 1.698947472108166323e+02
1.714445273941354628e+02 1.686215627721786632e+02 1.685025818091327494e+02
1.728848761975861521e+02 1.700241590975073507e+02 1.698004541495583055e+02
1.744164385550163843e+02 1.715097362199825852e+02 1.711320144332462405e+02
1.722205010161337100e+02 1.694053025589979597e+02 1.690470324748040412e+02
1.695938264692464088e+02 1.668910870557007229e+02 1.665202811994525405e+02
1.712921384430343039e+02 1.687090539587740068e+02 1.683269462071253884e+02
1.744644042138442899e+02 1.717032889552486381e+02 1.712261001202770387e+02
1.734332358674463990e+02 1.706916759985068950e+02 1.702044398822114317e+02
1.696487599021193660e+02 1.671525859566173153e+02 1.667130459126539677e+02
1.692239952718676079e+02 1.667499377877317386e+02 1.662416013437849927e+02
1.733447181784247846e+02 1.706662208120774835e+02 1.698550039401103220e+02
1.748849073037202970e+02 1.722353179046908167e+02 1.712859275849197331e+02
1.726190431753141752e+02 1.700169424743892819e+02 1.690755982746464383e+02
1.718827609804653491e+02 1.692780473642735615e+02 1.682193189830367999e+02
1.739203579279167116e+02 1.712791671851022386e+02 1.703860478619717185e+02
1.744453983658910943e+02 1.717807121230973451e+02 1.709186367218282214e+02
1.729172576832151265e+02 1.702581498071419617e+02 1.693154473062087959e+02
1.728661088299946016e+02 1.702222014847994558e+02 1.694160341752726993e+02
1.745933909833685789e+02 1.718417942018166116e+02 1.711034693708265877e+02
1.747386566297540469e+02 1.719744307577454379e+02 1.712545414955829415e+02
1.729249097922110252e+02 1.702418916677035270e+02 1.695080253826054388e+02
1.718672804943801680e+02 1.689683857990129070e+02 1.684660632076645470e+02
1.729866243623242497e+02 1.700379183775040417e+02 1.698273402181577012e+02
1.744442785450624172e+02 1.714515055368918865e+02 1.711499626726390488e+02
1.738332296462195643e+02 1.708531894156194255e+02 1.705299344697440915e+02
1.726701609224005551e+02 1.696422587200862608e+02 1.693737402015677560e+02
1.733773485131267762e+02 1.704583385176890147e+02 1.702506117539712136e+02
1.751790158019161368e+02 1.722501762680934121e+02 1.720762100286176519e+02
1.751222471071295388e+02 1.721993488449255665e+02 1.719921301480652005e+02
1.735230911202355912e+02 1.706280950603459132e+02 1.704705735971133436e+02
1.729256148645846167e+02 1.700822757247729271e+02 1.699120318526813378e+02
1.741013956285512734e+02 1.712839367923354530e+02 1.711112044295134922e+02
1.750859773547343536e+02 1.722695139148106591e+02 1.719905541039359491e+02
1.738480672721994154e+02 1.710666086018829617e+02 1.708434946704823574e+02
1.723163908589440609e+02 1.695810314794077271e+02 1.694231471112770180e+02
1.732597776948280739e+02 1.704631599684791183e+02 1.703565696155281728e+02
1.742091887520219018e+02 1.712553191489361666e+02 1.711098253909004256e+02
1.731520882584712240e+02 1.702731014889469634e+02 1.699803098170959288e+02
1.724313902368213576e+02 1.694753846791920751e+02 1.690879992534527787e+02
1.735753597942847648e+02 1.706136099705528579e+02 1.702186242793745521e+02
1.740919186263531060e+02 1.712513790386130950e+02 1.707056944962880038e+02
1.731664903985732735e+02 1.704099995852515406e+02 1.697279042760565630e+02
1.732238604786197129e+02 1.704913213885778305e+02 1.698226742980382369e+02
1.745510451661067464e+02 1.718523080751524219e+02 1.712053419601012081e+02
1.749797913815270931e+02 1.722628053585500254e+02 1.715592053419601086e+02
1.746128530546223772e+02 1.719439985898552550e+02 1.711653083654763350e+02
1.743746215420347596e+02 1.717074260710878946e+02 1.710747273028908069e+02
1.743225291360789697e+02 1.715848679026170487e+02 1.710565198457135807e+02
1.742883538633818716e+02 1.715483078263033576e+02 1.710155219609306982e+02
1.741571585583343733e+02 1.714147691924847550e+02 1.709168533034714414e+02
1.739238314462278652e+02 1.712212994069097078e+02 1.705496246526481627e+02
1.738421467380034073e+02 1.711563912736924919e+02 1.704622371531665976e+02
1.738077744597901244e+02 1.711842520011612976e+02 1.704234996474638137e+02
1.733923105636431501e+02 1.708274957488283405e+02 1.701426008875616844e+02
1.731053461075857456e+02 1.705943034299697274e+02 1.698139438430591781e+02
1.740931732404296781e+02 1.714649848616813870e+02 1.707556716851229623e+02
1.749699825805648743e+02 1.723488449255526405e+02 1.716452552776740959e+02
1.741483036788187917e+02 1.714969930737007928e+02 1.708750259217784446e+02
1.728903094023474694e+02 1.701721931898303808e+02 1.695681328024553238e+02
1.735598170959313222e+02 1.708461179544606239e+02 1.702526025465555222e+02
1.749736323669694400e+02 1.721522334204305196e+02 1.716728775247812280e+02
1.745093214715275280e+02 1.716212931856828732e+02 1.712182821118991285e+02
1.727830450831570772e+02 1.700073203102318473e+02 1.696420617145701044e+02
1.722215689934054978e+02 1.694573327526854882e+02 1.690998817966903118e+02
1.733913877483306294e+02 1.705316453071212379e+02 1.702050101613371567e+02
1.740132615818505997e+02 1.711785699473269347e+02 1.707050101613371567e+02
1.728461801667288853e+02 1.701646758740823770e+02 1.694747521877980887e+02
1.715810418481191277e+02 1.689193936377587022e+02 1.681647899299074993e+02
1.723516963211812083e+02 1.697385010990834076e+02 1.689527912571025752e+02
1.735680187466301732e+02 1.709673281904524913e+02 1.701363381858902528e+02
1.732320828667413082e+02 1.705431131019036854e+02 1.697596014267346902e+02
1.721729915806063502e+02 1.694333499232715496e+02 1.686774293890755132e+02
1.722159491518393963e+02 1.693532516278876869e+02 1.686422276139521443e+02
1.735094666334867952e+02 1.706169383269047444e+02 1.700225519472439828e+02
1.743149807141968495e+02 1.713939591887520351e+02 1.708356351872589300e+02
1.733093919787648929e+02 1.704849549997926204e+02 1.698023619924515799e+02
1.724148936170212778e+02 1.697015055368918865e+02 1.689685724358176628e+02
1.731357886441873006e+02 1.705066359752810001e+02 1.697514827257268450e+02
1.737971672680519362e+02 1.710897411969640416e+02 1.703166189705943339e+02
1.726506159014557795e+02 1.700450624196424769e+02 1.692139479905437440e+02
1.716447264733938880e+02 1.689865206752104712e+02 1.681494960806271024e+02
1.722219526357264385e+02 1.694898594002737298e+02 1.687775704035502429e+02
1.730368192940981373e+02 1.702086081041848047e+02 1.695183422504251212e+02
1.731183588403633280e+02 1.702341669777279947e+02 1.694905333665132048e+02
1.720620774750113924e+02 1.691590456638049034e+02 1.683809464559744526e+02
1.713546721413462706e+02 1.684725332835635072e+02 1.678470822446186332e+02
1.726021836506158991e+02 1.698401248392849823e+02 1.694202542408029615e+02
1.735475094355273598e+02 1.707202521670606643e+02 1.703273609555804455e+02
1.724208141512172858e+02 1.695820061382771371e+02 1.692265045000207238e+02
1.707267222429596529e+02 1.678580730786777906e+02 1.676354568454232492e+02
1.712429078014184256e+02 1.684165215047073900e+02 1.681693729003359579e+02
1.735282443697897179e+02 1.706346066110903621e+02 1.703741860561569297e+02
1.735555140807100543e+02 1.706325017626809313e+02 1.702916303761768404e+02
1.709362220563228334e+02 1.679141574385135414e+02 1.676440939819999301e+02
1.704462900750694700e+02 1.674304985276429818e+02 1.671498071419684095e+02
1.723446248600224067e+02 1.694703143793289257e+02 1.689328003815685690e+02
1.725134378499440118e+02 1.697181162125171170e+02 1.689508419393637837e+02
1.708533449462900649e+02 1.682268362987847752e+02 1.672708411098668648e+02
1.702233938866077665e+02 1.677521877981004650e+02 1.667837190493965522e+02
1.711831632864667654e+02 1.687916407448882126e+02 1.678271121065073999e+02
1.716665733482642793e+02 1.692781199452531951e+02 1.682578698519347995e+02
1.715196072332130655e+02 1.690874393430384544e+02 1.679801957612707781e+02
1.715301418439716201e+02 1.691503359462485889e+02 1.680958068931193168e+02
1.714574675459333832e+02 1.690712537845796533e+02 1.679109638754095499e+02
1.707326324084442888e+02 1.683469059765252496e+02 1.671987993032225859e+02
1.708309588984280936e+02 1.683468852391024768e+02 1.672222222222222285e+02
1.723050578574094800e+02 1.697484239558707770e+02 1.686398428103355229e+02
1.726842727385840419e+02 1.700809796358508663e+02 1.689690597652523820e+02
1.712457280909128485e+02 1.685627825473850123e+02 1.673864315042926592e+02
1.712187901787565920e+02 1.684921508854879448e+02 1.673645431545767508e+02
1.723346294222554036e+02 1.696503566836713617e+02 1.685977458421467361e+02
1.717316577495748788e+02 1.690394633154991482e+02 1.678825536062378205e+02
1.704549479490688952e+02 1.677299883870432495e+02 1.666349280411430414e+02
1.714224938824602873e+02 1.688395234540251408e+02 1.677845485463066666e+02
1.730087304549790588e+02 1.704589191655261118e+02 1.694241010327236552e+02
1.724333913981170383e+02 1.697515656754178508e+02 1.687086599477416939e+02
1.710424702417983553e+02 1.682797685703620800e+02 1.671222160009953939e+02
1.717416324499191376e+02 1.688698726722242895e+02 1.678314047530172957e+02
1.739649019119903812e+02 1.710138007548421797e+02 1.699946601136410891e+02
1.741695906432748586e+02 1.711980320185807329e+02 1.701349384098544135e+02
1.719812430011198217e+02 1.689970552859690542e+02 1.680709427232383462e+02
1.710378561652357803e+02 1.680739081746920363e+02 1.672589481979179595e+02
1.729682302683422392e+02 1.701338496951598813e+02 1.693414727717639323e+02
1.742690058479532240e+02 1.713522354941727883e+02 1.706198208286674003e+02
1.728676122931442194e+02 1.700170876363485490e+02 1.693395649288706295e+02
1.712266289245572466e+02 1.682861453278586623e+02 1.676081767657915407e+02
1.717106611090373747e+02 1.687912674712786725e+02 1.681957820082120065e+02
1.728441790054332046e+02 1.699591472771763847e+02 1.694045974866243682e+02
1.726456803948405252e+02 1.697539712164572165e+02 1.691470283273194752e+02
1.717032267429803767e+02 1.687948239392808318e+02 1.682462672639044285e+02
1.719174857948654278e+02 1.690982331715814269e+02 1.684619571979594355e+02
1.730307017543859729e+02 1.703436294637302524e+02 1.694520758160175831e+02
1.735950085023433189e+02 1.709836692795819317e+02 1.700082846003898567e+02
1.729108705570071720e+02 1.702463605823068349e+02 1.691716540168388008e+02
1.722734643938451313e+02 1.695816432333789692e+02 1.684995852515449428e+02
1.733310936916759886e+02 1.706591908257641705e+02 1.696118680270415950e+02
1.744510389448799401e+02 1.718642735680809608e+02 1.708656837128281722e+02
1.741279810045207626e+02 1.715063145452283209e+02 1.705069574053336510e+02
1.733479843225084096e+02 1.706831321803326205e+02 1.697908630915349875e+02
1.735351914064120251e+02 1.709326137447638132e+02 1.700654162000746510e+02
1.739340446269337690e+02 1.713530338849487862e+02 1.704303326282609703e+02
1.734552486416988017e+02 1.708998486168138982e+02 1.699522313466882224e+02
1.731683982414665479e+02 1.706232632408444374e+02 1.696177678238148587e+02
1.737012255816846960e+02 1.710841628302434572e+02 1.701152689643731151e+02
1.739789929907510952e+02 1.713758865248227039e+02 1.704112023557712234e+02
1.735365911824478360e+02 1.709808282526647645e+02 1.700371303554394160e+02
1.728782713284392969e+02 1.702805669611380779e+02 1.693815374725229219e+02
1.733252250010368698e+02 1.707871821989963053e+02 1.698417838331052110e+02
1.741280017419435069e+02 1.716768383725270724e+02 1.707120919912073305e+02
1.739687590726224471e+02 1.714776139521380287e+02 1.705331695076935716e+02
1.734422877524781086e+02 1.708680581477333931e+02 1.700119136493716496e+02
1.734990979221102521e+02 1.708543196051594748e+02 1.700636638878520159e+02
1.736422587200862608e+02 1.709131309360872706e+02 1.701575214632325412e+02
1.732060262950520553e+02 1.703873543196051514e+02 1.696169175894819716e+02
1.725437455932976718e+02 1.697035274356103116e+02 1.689865621500559882e+02
1.728957115009746701e+02 1.701465928414416737e+02 1.693819003774210898e+02
1.736203185268134916e+02 1.708964165733482616e+02 1.700652191945584946e+02
1.729072415080253791e+02 1.701970780971340957e+02 1.693767782340010797e+02
1.720225104723984941e+02 1.692925635602007333e+02 1.684539007092198517e+02
1.723549520965534327e+02 1.696509891750653196e+02 1.688085624818547501e+02
1.732471693417942049e+02 1.705523516237402077e+02 1.696955953714072507e+02
1.733318920824519864e+02 1.706565053295176426e+02 1.697267118742482808e+02
1.727161980009124420e+02 1.699869665297996733e+02 1.691079382854298956e+02
1.731043403425822191e+02 1.703846688233586235e+02 1.695335427813031401e+02
1.742561175397121644e+02 1.716796793994442396e+02 1.707339077599436052e+02
1.745797768653311834e+02 1.719604329973870733e+02 1.710442743975778797e+02
1.738897183857990001e+02 1.711606942889137599e+02 1.702039940276222580e+02
1.737974783293932148e+02 1.710582514205134714e+02 1.701215316660445467e+02
1.745811766413670227e+02 1.719137012152129671e+02 1.709695470946870728e+02
1.748993820248019517e+02 1.722814483016050815e+02 1.712967628883082511e+02
1.741820538343494604e+02 1.716947036622288465e+02 1.707325598274646552e+02
1.741704305088963451e+02 1.717999771888349585e+02 1.708584463522873307e+02
1.745882895773713130e+02 1.723568599394467356e+02 1.712875865787399903e+02
1.741031168346397919e+02 1.719390838206627734e+02 1.708243643979926105e+02
1.731190639127369195e+02 1.709882418812989897e+02 1.699182841856413972e+02
1.735907365932561959e+02 1.714549168429347503e+02 1.703819107461324620e+02
1.749337128281697176e+02 1.727635622744805346e+02 1.716761021940193359e+02
1.742543341213553845e+02 1.719542428766952753e+02 1.711267056530214461e+02
1.724958110406038827e+02 1.701392310563643093e+02 1.693228401974202768e+02
1.737461843142134228e+02 1.714302600472813367e+02 1.704642383144622784e+02
1.759615942930612675e+02 1.736584339098336898e+02 1.726734063290614358e+02
1.752802973746422879e+02 1.730057546348139965e+02 1.719151113599601786e+02
1.728573161627472814e+02 1.704342520011612976e+02 1.694716312056737593e+02
1.729757890589357601e+02 1.705775268549624570e+02 1.696393554809008322e+02
1.751137032889552358e+02 1.729173198954833879e+02 1.719165526108415349e+02
1.750540935672514706e+02 1.727756729293683406e+02 1.718199680643689646e+02
1.727508709717556314e+02 1.702907490357098368e+02 1.694288499025341252e+02
1.722074260710878946e+02 1.697493156650491528e+02 1.688624590435900643e+02
1.735786259383683898e+02 1.712476359338061513e+02 1.703527954045871127e+02
1.742761291526689149e+02 1.718892932686325707e+02 1.709968375430301535e+02
1.733218033262826054e+02 1.708747044917257654e+02 1.699784745551822880e+02
1.717267740865165138e+02 1.692285056613164045e+02 1.683888059391978800e+02
1.714687590726224471e+02 1.690216083945087178e+02 1.682120919912073305e+02
1.726747024179834966e+02 1.702884057069387325e+02 1.693451432955912139e+02
1.732818319439260222e+02 1.709283418356766617e+02 1.699234789100410694e+02
1.720517295010576220e+02 1.695755671685122934e+02 1.685942826925469831e+02
1.714848927875243589e+02 1.689783190245116202e+02 1.679593753888266860e+02
1.729140019078429020e+02 1.704969308614325314e+02 1.693859856497034571e+02
1.737368628426859232e+02 1.713383725270623472e+02 1.702026149890091631e+02
1.732510472398490435e+02 1.708167848699763454e+02 1.696834536103852997e+02
1.728171477748745417e+02 1.704507900958068944e+02 1.692055493343287367e+02
1.729240491891667659e+02 1.705122661855584454e+02 1.693974534444859330e+02
1.731121168761146407e+02 1.706175086060304409e+02 1.696189913317572859e+02
1.733122537431048045e+02 1.708273713242918177e+02 1.697730703828128185e+02
1.733412239226908866e+02 1.707943366098461411e+02 1.697950002073742155e+02
1.729021815768736303e+02 1.704415826801045171e+02 1.694760897515656666e+02
1.718172099871428031e+02 1.695816743395130857e+02 1.686270892953423868e+02
1.714599456679523826e+02 1.692386566297540469e+02 1.682295736385881924e+02
1.725763240844427742e+02 1.706000269586495790e+02 1.694582348305752646e+02
1.732656463854672211e+02 1.713087802247936509e+02 1.701712703745178601e+02
1.719067956534361770e+02 1.697417672431670326e+02 1.686966529799676380e+02
1.712251254614076572e+02 1.689786508232756717e+02 1.680361660652814066e+02
1.723380096221641509e+02 1.702159491518393963e+02 1.692643710339679046e+02
1.723185682883331253e+02 1.701678072249180786e+02 1.691773153332503909e+02
1.713145555970303917e+02 1.691026295052051012e+02 1.681300858529301934e+02
1.719988698104599507e+02 1.698352204388038729e+02 1.688780846916345126e+02
1.729815229563269838e+02 1.707774252415909757e+02 1.699158579071792872e+02
1.725473850109908369e+02 1.702650242627846353e+02 1.693731180788851702e+02
1.705520716685330456e+02 1.681351976276388314e+02 1.673424059557878252e+02
1.697523122226369594e+02 1.672797582016507079e+02 1.666080938161005349e+02
1.716656090581062699e+02 1.693087387499481622e+02 1.686066110903736899e+02
1.734166459292439129e+02 1.711477126622703224e+02 1.702943158724233683e+02
1.726582991165857948e+02 1.703492285678735811e+02 1.694187611463647158e+02
1.699587325287213275e+02 1.676887831280328385e+02 1.669398407365932542e+02
1.703287088880593956e+02 1.680400958068931061e+02 1.673078677781925307e+02
1.729841358715938782e+02 1.709832441624155024e+02 1.700538239807556806e+02
1.729824976151963938e+02 1.709035295093525804e+02 1.699227219941105602e+02
1.702023454025133731e+02 1.678660880925718573e+02 1.669033636099705404e+02
1.702267637178051416e+02 1.679124984446932842e+02 1.669133694164489157e+02
1.732051967981419409e+02 1.711329683546928777e+02 1.700067603998175230e+02
1.734110053502550670e+02 1.714195699058521143e+02 1.702986707312015255e+02
1.712807328605200894e+02 1.691120339264236350e+02 1.682225125461407629e+02
1.711426942059640908e+02 1.690513147526025364e+02 1.682467856994732642e+02
1.738969142714943246e+02 1.719591058023308960e+02 1.710077350586869045e+02
1.747514412508813280e+02 1.728504831819501533e+02 1.719478557504873208e+02
1.721615341545352749e+02 1.700542076230765929e+02 1.691087366762058934e+02
1.709047011737381183e+02 1.687105055783667069e+02 1.678815167351001492e+02
1.747596117954460624e+02 1.728694993986147495e+02 1.717486416988096778e+02
1.764058521007009119e+02 1.743686076894363453e+02 1.732848803450707180e+02
1.724648915432790091e+02 1.704225353573058044e+02 1.695315312512960872e+02
1.695935050391937295e+02 1.674335676662104504e+02 1.667450230185392570e+02
1.730120380739081725e+02 1.709899008751192468e+02 1.703295072788353934e+02
1.755206752104848533e+02 1.733157894736842195e+02 1.728344013106051307e+02
1.732952386877358890e+02 1.709242358259715502e+02 1.704590228526398619e+02
1.707678445522790298e+02 1.682051760607191682e+02 1.681322218074737691e+02
1.731024117622661720e+02 1.709227219941105602e+02 1.704879204512463104e+02
1.755681742773008125e+02 1.734004292646509953e+02 1.728747667039940268e+02
1.736194993986147495e+02 1.714338994649745018e+02 1.708681410974243988e+02
1.708978370868068453e+02 1.685818609763178699e+02 1.682972294803201976e+02
1.727135539795114312e+02 1.704490170461615151e+02 1.701347725104724020e+02
1.755871490191198916e+02 1.734357450955995148e+02 1.726756356020073895e+02
1.749414789929907386e+02 1.727496785699473207e+02 1.719312554435734626e+02
1.719050433412135419e+02 1.695059723777528973e+02 1.687350794243291432e+02
1.719754365227489643e+02 1.696226100120277067e+02 1.689671415536477070e+02
1.752770623366928078e+02 1.730393077848285088e+02 1.722327568329807832e+02
1.753315499149765628e+02 1.731170212765957501e+02 1.722445149516817935e+02
1.722546659201194359e+02 1.698177180540002382e+02 1.691311953050474983e+02
1.715233296005972363e+02 1.690298929948986029e+02 1.682789494421633378e+02
1.737563663887852101e+02 1.714947223259093221e+02 1.706354775828459935e+02
1.743739164696611397e+02 1.721456181825722638e+02 1.712766994317946114e+02
1.720725913483472311e+02 1.699134005225830606e+02 1.691984156609016736e+02
1.711463128862345116e+02 1.689953859234374249e+02 1.682560345900211587e+02
1.734402762224710841e+02 1.716471320144332537e+02 1.708133631952221094e+02
1.747538053170752050e+02 1.729445896064037242e+02 1.721704719837418622e+02
1.732208224461863892e+02 1.713816100535025555e+02 1.706579465803989990e+02
1.721610364563892119e+02 1.701490087511924116e+02 1.695017937870681521e+02
1.737771038115382964e+02 1.717716498693542349e+02 1.710602629505204959e+02
1.750727365103064983e+02 1.731053253701630013e+02 1.721851229729169290e+02
1.743357907179295694e+02 1.723212019410227640e+02 1.713009414789929963e+02
1.731395110115714715e+02 1.710288250176268150e+02 1.701016652150470634e+02
1.737541163784164837e+02 1.714263717805151259e+02 1.706194371863464880e+02
1.745288561237609315e+02 1.722114180249678554e+02 1.713576583302227334e+02
1.745205818920824470e+02 1.721012919414375233e+02 1.712307660403965031e+02
1.738802517523122333e+02 1.713658910870557008e+02 1.704835759611795538e+02
1.729632014433246354e+02 1.704031147608975232e+02 1.696033967898469541e+02
1.731549189166770475e+02 1.705671063000290246e+02 1.697006760399817438e+02
1.748257641740284498e+02 1.722457903031811099e+02 1.713275683298079741e+02
1.752624320849404853e+02 1.726626021318070627e+02 1.717903653933888961e+02
1.735823897805980778e+02 1.707642777155654983e+02 1.698388183816515209e+02
1.727534527808883809e+02 1.698422193189830409e+02 1.689488926216249922e+02
1.741997221185351066e+02 1.714862718261374539e+02 1.706068080958898463e+02
1.745540935672514706e+02 1.719430965119655070e+02 1.710396084774584153e+02
1.739135871593878448e+02 1.712836360997055181e+02 1.704093359877234377e+02
1.740847020032350372e+02 1.713644705735971172e+02 1.706575733067894305e+02
1.745448757828377211e+02 1.718315706523993072e+02 1.710656235743021796e+02
1.742958504417071026e+02 1.714776761644062901e+02 1.707678652897018026e+02
1.734932810750279941e+02 1.705316349384098658e+02 1.698777010493136004e+02
1.734851208991746603e+02 1.705326510721247644e+02 1.699434386794409306e+02
1.744347808054415054e+02 1.715161751897474289e+02 1.709100721662311742e+02
1.749761104889884393e+02 1.720711500974658748e+02 1.714096470490647448e+02
1.737405022603790883e+02 1.709099788478287962e+02 1.700619530504748980e+02
1.721530007050723725e+02 1.691873315084401384e+02 1.684615839243498954e+02
1.725462548214507876e+02 1.696405997262660321e+02 1.688509912488075884e+02
1.735926340674380981e+02 1.708434635643482125e+02 1.699922649413130955e+02
1.725999025341130562e+02 1.699007921695491632e+02 1.690492202729044777e+02
1.711553647712662212e+02 1.684129546679938585e+02 1.676071502633652699e+02
1.721315167351001492e+02 1.694496391688441008e+02 1.686288727136991383e+02
1.733721641574385046e+02 1.708182468582804461e+02 1.699122495956202670e+02
1.726294844676703519e+02 1.699997926257724714e+02 1.690904670067604059e+02
1.714488200406453586e+02 1.686881610053502527e+02 1.678658392434988116e+02
1.721359752809920849e+02 1.694649641242586426e+02 1.685279125710256665e+02
1.735443366098461411e+02 1.709184708224461815e+02 1.699110468251005841e+02
1.735612583468126502e+02 1.708603438264692329e+02 1.699740056405789801e+02
1.721902969598938284e+02 1.693093816100534923e+02 1.685884658454647251e+02
1.719356206710629920e+02 1.690639956866160674e+02 1.684878063954211882e+02
1.730339160549127087e+02 1.703304612002820306e+02 1.695407179295757203e+02
1.731761851437103417e+02 1.705939716312056760e+02 1.697895773713242988e+02
1.719280515117581274e+02 1.694841151341711338e+02 1.686725457260171765e+02
1.707987744183153040e+02 1.682470760233918270e+02 1.675139251793787025e+02
1.708753991953879847e+02 1.684294409190825661e+02 1.677495748828335707e+02
1.727537742109410601e+02 1.701021836506158991e+02 1.693670109078843780e+02
1.732817282568122437e+02 1.705040334287254780e+02 1.695460059723777420e+02
1.707915785326199796e+02 1.676317863215959392e+02 1.668304923064161471e+02
1.687643502965451319e+02 1.655038571606320659e+02 1.647529550827423179e+02
1.709211355812699651e+02 1.677725208411098663e+02 1.668427792293973653e+02
1.731918522666003071e+02 1.705426568786031396e+02 1.696990688897183759e+02
1.725003629048981679e+02 1.698911700053917286e+02 1.691979698063124715e+02
1.696676413255360671e+02 1.670631143461490637e+02 1.665240554103936006e+02
1.695079942764713223e+02 1.670609991290282323e+02 1.664645182696694405e+02
1.715727468790178705e+02 1.692809920783045072e+02 1.687190701339637542e+02
1.716562046368877361e+02 1.693068931193231208e+02 1.686635767906764443e+02
1.699067334411679440e+02 1.673333125959105701e+02 1.668420119447555123e+02
1.700698021649869247e+02 1.674599560366637547e+02 1.668887955704865078e+02
1.712400252996557697e+02 1.686737381278254873e+02 1.680325162788768694e+02
1.706388888888888857e+02 1.680293641906183950e+02 1.674968790178756706e+02
1.690238376674546998e+02 1.664693811953050613e+02 1.658934511218945715e+02
1.695832503836423086e+02 1.671464787856165231e+02 1.665015760441292230e+02
1.717385322052175241e+02 1.694376736759155619e+02 1.686395110115714715e+02
1.720881755215461908e+02 1.698636307079756023e+02 1.689995645141221985e+02
1.701122413006511636e+02 1.677127037451785441e+02 1.670123906100949682e+02
1.690171809547509554e+02 1.665270001244245464e+02 1.659060180000829519e+02
1.711932105677906293e+02 1.688073078677782064e+02 1.680065011820331051e+02
1.726204014765044974e+02 1.702079963502135911e+02 1.692833043009414666e+02
1.707707477914644869e+02 1.683262411347517684e+02 1.675614449836174344e+02
1.691943718634647951e+02 1.666561113184853298e+02 1.659960702583883005e+02
1.715595475094355322e+02 1.692442142590518870e+02 1.684439156401642492e+02
1.732108166397080140e+02 1.710270519679814072e+02 1.699844158268010403e+02
1.710493135913068841e+02 1.686846252747708377e+02 1.677859586910538781e+02
1.692754862925635564e+02 1.669118037410310649e+02 1.661317863215959392e+02
1.715184666749616440e+02 1.691758118701007731e+02 1.682212164572187021e+02
1.726527725934220996e+02 1.703564451909916500e+02 1.694694330388619221e+02
