1.599585180900970443e+02 1.570602853287063851e+02 1.621553049289891533e+02
1.623155709787288856e+02 1.596556648030332326e+02 1.647578818841976727e+02
1.614088811773022201e+02 1.585188741083478021e+02 1.636175053017158234e+02
1.596065805539489872e+02 1.565158023263286395e+02 1.616091767881241594e+02
1.612928603560182523e+02 1.584643146327356931e+02 1.633769552085341559e+02
1.616923783818520519e+02 1.591576698155645602e+02 1.633580168369641967e+02
1.602346057451320576e+02 1.580677141571878508e+02 1.614454662296767538e+02
1.605985090932459229e+02 1.585973137973138023e+02 1.617798856114645503e+02
1.615652271704903171e+02 1.598480367585630688e+02 1.627768716663453574e+02
1.607583253004305561e+02 1.589589807852965748e+02 1.616976479660690131e+02
1.602679262258209576e+02 1.583952188162714378e+02 1.611400167084377699e+02
1.604064391748602247e+02 1.585905918642760639e+02 1.611839856050382309e+02
1.600937150568729521e+02 1.584577790630422101e+02 1.609785296574770257e+02
1.606764539554013140e+02 1.594823918771287197e+02 1.619320802005012467e+02
1.608650793650793673e+02 1.598106098579782781e+02 1.622348885033095485e+02
1.594864982970246103e+02 1.582524901998586131e+02 1.606388149861834052e+02
1.585704453441295527e+02 1.573294068504594918e+02 1.597058222479275003e+02
1.603805603752972218e+02 1.597264378895957861e+02 1.620430242272347527e+02
1.613761776235460559e+02 1.609867424972688070e+02 1.633230833493991270e+02
1.600299916457811094e+02 1.595429149797570858e+02 1.617791722896986073e+02
1.591720454983612854e+02 1.586048197416618564e+02 1.608276845961056551e+02
1.596010924747766921e+02 1.591140415140415030e+02 1.613979949874686781e+02
1.602046976415397523e+02 1.598304543409806513e+02 1.620933294775400100e+02
1.605868260394576055e+02 1.601593470856628869e+02 1.624098965362123295e+02
1.606786838892101912e+02 1.602718205770837301e+02 1.625025641025640937e+02
1.603847310584152694e+02 1.598752136752136721e+02 1.621762868710237058e+02
1.602773986247670450e+02 1.597247092089197338e+02 1.620465265728423674e+02
1.608028918449971059e+02 1.603022299338088885e+02 1.626468093310198526e+02
1.608760169654906633e+02 1.601407300302037129e+02 1.625494698284171875e+02
1.606793715056872998e+02 1.596885225885226021e+02 1.622391427286164003e+02
1.610888053467000702e+02 1.599447143499775166e+02 1.626130261551314220e+02
1.608668658826553610e+02 1.595566544566544565e+02 1.622475997686524067e+02
1.600292012081485780e+02 1.586910224278645387e+02 1.614430435062014055e+02
1.605674763832658698e+02 1.594334490071332198e+02 1.622419188998136406e+02
1.610603881498618364e+02 1.600718784139836828e+02 1.629153974680290560e+02
1.606319902319902440e+02 1.595550285971338553e+02 1.625013816592764044e+02
1.605956879377932012e+02 1.595127883812094467e+02 1.625528243686138410e+02
1.598813315339631060e+02 1.587101728680676160e+02 1.617568536726431603e+02
1.591323565323565390e+02 1.579663517768780991e+02 1.609573934837092679e+02
1.606882141250562199e+02 1.599284814600603966e+02 1.628224985540774981e+02
1.614888503309555858e+02 1.607047233468286151e+02 1.637046076730287325e+02
1.591236360131096887e+02 1.581718848403058928e+02 1.610535376903797840e+02
1.591117216117216060e+02 1.583093181672128935e+02 1.610878542510121463e+02
1.604537304800462607e+02 1.599072874493927259e+02 1.627615384615384642e+02
1.583781055202107950e+02 1.576446179551442697e+02 1.603625409678041365e+02
1.580108733371891390e+02 1.573332305121778916e+02 1.600061307113938653e+02
1.605685110211425979e+02 1.602526444315917900e+02 1.630317203264571617e+02
1.590882398303450884e+02 1.585576826682089973e+02 1.612287834972045459e+02
1.574925711715185344e+02 1.566042863569179246e+02 1.589980528243686138e+02
1.604336096651886123e+02 1.599564937985990696e+02 1.623357624831309067e+02
1.610076151918257210e+02 1.604839341944605167e+02 1.628221258273889873e+02
1.588446500867553368e+02 1.578806117858749474e+02 1.600119658119658084e+02
1.603149154938628556e+02 1.596693657219973090e+02 1.623410192147034365e+02
1.616001542317331712e+02 1.611485380116959050e+02 1.640458967932652001e+02
1.593806824754193201e+02 1.586928475033738266e+02 1.616262450999293208e+02
1.599170811644495984e+02 1.592780219780219682e+02 1.621817042606516281e+02
1.613493734335839633e+02 1.608921920185078136e+02 1.638732472206156388e+02
1.601002956108219166e+02 1.595061050061050025e+02 1.623963434226592142e+02
1.591929503245292779e+02 1.584605038236617247e+02 1.614018572071203721e+02
1.598527536790694796e+02 1.591688002056422988e+02 1.619699055330634394e+02
1.598854957907589380e+02 1.591480753164963744e+02 1.618153589100957390e+02
1.598305121778805926e+02 1.590764475290791040e+02 1.617886125570336162e+02
1.607728809202493494e+02 1.599869031553241996e+02 1.625614292140607802e+02
1.610957586273375739e+02 1.601866011181800786e+02 1.625834136623610391e+02
1.601552213868003207e+02 1.589763639868903056e+02 1.612800591221643742e+02
1.600710751237066916e+02 1.587998586209112659e+02 1.611163421373947813e+02
1.606143821091189636e+02 1.593544373754899937e+02 1.616638647901805825e+02
1.603260587365850540e+02 1.591897307370991541e+02 1.615454405243878853e+02
1.602395540132382337e+02 1.593084056294582638e+02 1.617398946083156659e+02
1.599892487629329594e+02 1.591099993573677693e+02 1.616531778163356989e+02
1.593461281408649768e+02 1.585105520210783254e+02 1.610570464623096143e+02
1.589493413019728791e+02 1.581784653942548573e+02 1.607064648801490989e+02
1.587434419381787905e+02 1.581164385322280168e+02 1.605741854636591484e+02
1.586504144977829185e+02 1.581189962084698948e+02 1.605361416361416502e+02
1.581765889081678438e+02 1.575819484608958305e+02 1.600790501895764919e+02
1.573630293682925299e+02 1.568207891523680928e+02 1.591587237324079354e+02
1.583818199344514994e+02 1.579782083413662406e+02 1.603207698734014457e+02
1.597643596169911859e+02 1.594407171775592928e+02 1.618020435704646331e+02
1.590052310262836670e+02 1.584698669751301452e+02 1.607715828031617491e+02
1.580738705738705789e+02 1.574116894801105389e+02 1.596005719426771918e+02
1.592097230255124884e+02 1.586804382751751064e+02 1.608336289441552651e+02
1.601967996915365404e+02 1.597085919928025248e+02 1.618734014523488156e+02
1.586841012788381136e+02 1.578689351584088456e+02 1.598421373947689688e+02
1.580340273761326273e+02 1.571004112846217993e+02 1.590369063684853188e+02
1.606309491677912717e+02 1.598819356082514105e+02 1.618441102756892178e+02
1.599000449842555156e+02 1.589976993766467501e+02 1.609366878735299906e+02
1.571245228455754841e+02 1.559155388471178014e+02 1.577622582096266228e+02
1.593410770516033779e+02 1.585891716470663937e+02 1.604431270483902097e+02
1.598689929953087869e+02 1.592091767881241537e+02 1.614114902641218521e+02
1.563651436283015244e+02 1.554193689351584169e+02 1.574885932780669577e+02
1.574536469378574566e+02 1.566609215346057340e+02 1.588822183664289014e+02
1.608356275303643770e+02 1.603590900327742474e+02 1.629165477797056667e+02
1.598459739091317999e+02 1.584429920956236799e+02 1.608821798084956072e+02
1.581453698348435069e+02 1.561120043698990969e+02 1.585237645395540085e+02
1.603920377867746367e+02 1.584140286613970829e+02 1.609799434483645086e+02
1.603108412055780434e+02 1.582586466165413412e+02 1.607783818520660759e+02
1.580392969603495885e+02 1.556990360516676333e+02 1.581075959128590682e+02
1.594446693657220067e+02 1.575538525801683818e+02 1.601210397789345166e+02
1.605966840177366635e+02 1.589564680933102068e+02 1.616392005655163473e+02
1.584884326200115652e+02 1.567174924490713863e+02 1.591865497076023530e+02
1.582306728359359909e+02 1.565416939785360739e+02 1.590259816207184542e+02
1.590340723603881372e+02 1.575115866589550819e+02 1.600041385515069692e+02
1.580090097037465569e+02 1.565476768845189781e+02 1.589806824754193144e+02
1.583804061435640449e+02 1.571255510571299965e+02 1.594111239637555286e+02
1.593460510249983884e+02 1.582856050382366107e+02 1.605351262772315408e+02
1.587037401195295843e+02 1.576476511792301380e+02 1.598669172932330866e+02
1.585105841526894039e+02 1.574048197416618393e+02 1.596186491870702469e+02
1.597207505944348043e+02 1.588779898464109124e+02 1.609768266820898361e+02
1.598061821219716023e+02 1.590680418996208516e+02 1.611073581389370872e+02
1.585903155324207887e+02 1.577905083220872768e+02 1.597338538654328204e+02
1.597397917871602147e+02 1.589563074352548142e+02 1.609075830602146482e+02
1.616361480624638602e+02 1.611282244071717855e+02 1.630926225820962543e+02
1.599259623417518128e+02 1.591704453441295470e+02 1.610510314247156316e+02
1.578351198509093365e+02 1.569106934001670766e+02 1.587841077051603236e+02
1.604190476190476318e+02 1.597305571621361082e+02 1.619453248505880083e+02
1.610504530557162184e+02 1.604696934644302928e+02 1.625595463016515509e+02
1.584077180129811779e+02 1.575397146712936092e+02 1.595838506522717068e+02
1.585183407236038704e+02 1.577169012274275417e+02 1.597660882976672383e+02
1.596310005783689974e+02 1.591037079879185114e+02 1.610611014716277793e+02
1.598037336932073913e+02 1.593056808688387775e+02 1.611972045498361297e+02
1.599720133667502182e+02 1.595195360195360195e+02 1.615018507807981507e+02
1.595745260587365806e+02 1.590044984255510485e+02 1.610102564102564031e+02
1.598058608058608172e+02 1.591107769423558977e+02 1.613529336160915193e+02
1.602930852772958019e+02 1.593340723603881486e+02 1.618953601953601833e+02
1.592342587237324096e+02 1.580877000192789694e+02 1.607925004819741730e+02
1.596643531906689759e+02 1.585212904055009346e+02 1.613323179744232334e+02
1.608770965876229013e+02 1.597513977250819437e+02 1.626614549193496657e+02
1.594992866782340570e+02 1.583383715699505103e+02 1.611533706060021984e+02
1.585024869866975052e+02 1.573422659212132828e+02 1.599257502731186946e+02
1.601513013302486854e+02 1.593058929374718957e+02 1.618214253582674758e+02
1.600949232054495326e+02 1.592837285521495971e+02 1.617044341623289085e+02
1.578371891266628211e+02 1.567640190219137537e+02 1.592165863376389723e+02
1.588842426579268761e+02 1.581644046012467015e+02 1.605742111689480112e+02
1.608140350877193043e+02 1.603635113424587075e+02 1.629712871923398154e+02
1.592481074481074472e+02 1.586148962148962198e+02 1.611114324272218994e+02
1.577935865304286267e+02 1.571546430178009075e+02 1.595305957200694138e+02
1.602848274532485107e+02 1.600020692757534846e+02 1.624384422594948774e+02
1.615494891073838346e+02 1.609851680483259315e+02 1.634793008161429100e+02
1.596899299530878409e+02 1.585048261679840493e+02 1.606976286871023660e+02
1.604727395411605926e+02 1.592199151725467630e+02 1.615040871409292436e+02
1.624861384229805310e+02 1.614117987275882058e+02 1.637628301523038488e+02
1.605289634342265970e+02 1.592138165927639477e+02 1.616039843197737866e+02
1.573802840434419466e+02 1.563526380052695970e+02 1.582828095880727517e+02
1.587537047747574093e+02 1.581976865240023074e+02 1.601579975579975610e+02
1.609305057515583712e+02 1.607780990938885566e+02 1.628487372276846088e+02
1.591527472527472469e+02 1.588950260266049668e+02 1.608729965940492264e+02
1.573621810937600287e+02 1.569614484930274330e+02 1.589116059379217347e+02
1.594606773343615487e+02 1.592749694749694811e+02 1.612367971210076405e+02
1.607401066769487841e+02 1.603708759077180162e+02 1.624758563074352651e+02
1.592780348306663996e+02 1.584312640575798525e+02 1.607511535248377470e+02
1.590956172482488284e+02 1.580682411156095384e+02 1.604344772186877321e+02
1.602516804832594346e+02 1.593024612814086538e+02 1.616891716470663880e+02
1.601565709144656466e+02 1.591068954437375567e+02 1.616177109440267259e+02
1.595538590064905975e+02 1.584239444765760538e+02 1.610359488464751507e+02
1.595813829445408487e+02 1.584426386479018163e+02 1.611383522909838746e+02
1.599778484673221612e+02 1.588378574641732541e+02 1.616280508964719616e+02
1.601462373883426551e+02 1.590731443994601761e+02 1.619193496561917698e+02
1.590434226592121263e+02 1.578942291626502197e+02 1.605903669429985143e+02
1.585493091703617949e+02 1.574519246835036199e+02 1.600585823533191956e+02
1.588667823404665569e+02 1.578905468800205654e+02 1.604355118565644887e+02
1.586239573292204739e+02 1.576279287963498348e+02 1.601210976158344579e+02
1.582707859392070020e+02 1.573357174988753968e+02 1.597529528950581721e+02
1.586865689865690001e+02 1.576941263414947514e+02 1.602207634470792357e+02
1.595465458518090145e+02 1.585607480239059157e+02 1.611475740633635496e+02
1.597989139515455292e+02 1.588101471627787475e+02 1.613524516419253132e+02
1.585159244264507379e+02 1.573288413341044816e+02 1.598753486279802019e+02
1.585002827581774909e+02 1.573233275496433521e+02 1.599269648480174908e+02
1.601236874236874144e+02 1.593353190668980233e+02 1.615392905340273728e+02
1.590349077822762069e+02 1.583913501702975282e+02 1.602810616284300522e+02
1.578451513398881900e+02 1.572532870638133886e+02 1.590210911895122479e+02
1.588885804254225320e+02 1.586160401002506148e+02 1.602819870188291134e+02
1.586925326135852572e+02 1.584234367971210133e+02 1.599844033159822629e+02
1.576967482809588148e+02 1.568988175567122880e+02 1.586897564423880169e+02
1.579206220679904789e+02 1.566488271961956116e+02 1.587116637748216590e+02
1.579596748280958707e+02 1.564036051667630716e+02 1.586846925004819866e+02
1.584610821926611379e+02 1.568157637683953567e+02 1.592185913501702998e+02
1.586264893001735174e+02 1.569843840370156158e+02 1.593474969474969498e+02
1.577537754643017820e+02 1.558550285971338667e+02 1.583185849238480785e+02
1.576532356532356403e+02 1.559702589807853030e+02 1.582886575412891261e+02
1.577639933166248909e+02 1.564188226977700538e+02 1.585665124349334860e+02
1.569944605102499793e+02 1.559683182314761325e+02 1.578893644367328477e+02
1.570627915943705375e+02 1.560819034766403206e+02 1.580355182828866987e+02
1.570166377482167093e+02 1.560618790566159078e+02 1.580283979178716152e+02
1.569004241372662420e+02 1.559475676370413169e+02 1.580520596362701724e+02
1.572866011181800729e+02 1.564007583060214586e+02 1.585790501895764919e+02
1.563025383972752422e+02 1.553238480817428240e+02 1.574554591607223131e+02
1.562312062206798942e+02 1.552618212197159551e+02 1.574150761519182709e+02
1.573702718334297401e+02 1.565428057322794189e+02 1.586988368356789465e+02
1.560543988175567165e+02 1.549865111496690417e+02 1.571673350041771187e+02
1.560039971724182237e+02 1.549203264571685565e+02 1.570412569886254062e+02
1.582730222993380949e+02 1.573800205642311028e+02 1.595130454340980748e+02
1.578230512177880485e+02 1.568116637748216817e+02 1.589185335132703472e+02
1.567774564616669863e+02 1.557122935543988262e+02 1.579024741340530795e+02
1.582163678426836384e+02 1.573154360259623559e+02 1.595394704710494125e+02
1.579964269648480126e+02 1.570146134567187062e+02 1.592148190990296257e+02
1.573033224085855579e+02 1.561266885161622042e+02 1.583010089325878766e+02
1.589555491292333329e+02 1.580883812094338339e+02 1.602651950388792557e+02
1.592421245421245430e+02 1.584000963948332412e+02 1.605068761647709152e+02
1.576138808559861104e+02 1.567218430692115021e+02 1.586606259237838117e+02
1.576010410641989665e+02 1.567014844804318443e+02 1.586417325364693909e+02
1.589714092924619138e+02 1.582724310776942218e+02 1.601752522331469777e+02
1.594753871859134904e+02 1.588569307885097430e+02 1.607225563909774451e+02
1.580714799820063092e+02 1.570507101086048465e+02 1.589799048904312144e+02
1.577011695906432749e+02 1.564659661975451570e+02 1.584590900327742418e+02
1.599479339374076119e+02 1.589386928860613182e+02 1.610091510828353023e+02
1.594802647644752938e+02 1.582258338153075101e+02 1.603689865689865712e+02
1.575737484737484806e+02 1.559649058543795377e+02 1.581653685495790853e+02
1.595164128269391313e+02 1.583813443866075374e+02 1.605498682603945895e+02
1.598657091446565062e+02 1.588427157637683820e+02 1.609255253518411450e+02
1.571229355439881772e+02 1.557712357817621012e+02 1.579474198316303557e+02
1.582644367328577744e+02 1.571748280958807413e+02 1.593022749180643984e+02
1.603870638133795978e+02 1.596705160336739198e+02 1.618670972302551263e+02
1.581938050253839663e+02 1.570909324593535246e+02 1.591370863055073528e+02
1.564801169590643326e+02 1.551744425165477708e+02 1.572622774885932699e+02
1.592775335775335748e+02 1.584604524130839991e+02 1.606375232954180206e+02
1.591191568665252873e+02 1.583085662875136563e+02 1.603431270483902154e+02
1.569083927768138267e+02 1.558226784910995377e+02 1.577839149154938525e+02
1.591767752715121276e+02 1.584552792237002734e+02 1.600889145941777656e+02
1.608761519182571931e+02 1.602991324465008631e+02 1.618566158987211736e+02
1.586253389884968783e+02 1.577777456461666929e+02 1.590991003148897960e+02
1.578762354604459972e+02 1.569432105905790138e+02 1.582555427029111286e+02
1.605172996594049266e+02 1.599012081485765577e+02 1.612448493027440293e+02
1.606358845832530164e+02 1.598559861191440064e+02 1.612757149283465026e+02
1.589485958485958577e+02 1.576247349142086023e+02 1.591373626373626280e+02
1.607746545851809117e+02 1.596670136880663335e+02 1.613233596812544306e+02
1.620536212325685881e+02 1.610008868324657669e+02 1.627226399331662492e+02
1.593050318102949632e+02 1.579427671743461303e+02 1.594618212197159437e+02
1.593354990039200629e+02 1.580280766017608016e+02 1.595562688773215143e+02
1.621883233725338869e+02 1.612544887860677250e+02 1.629397532292269091e+02
1.609539425486793789e+02 1.597905725853094339e+02 1.615924490713964303e+02
1.577785296574770371e+02 1.562713771608508466e+02 1.579813058286742375e+02
1.598297795771480025e+02 1.586816785553627653e+02 1.604476833108411995e+02
1.627073517126148658e+02 1.616449135659661920e+02 1.633217595270226923e+02
1.597010539168433922e+02 1.581436989910674242e+02 1.597396375554270378e+02
1.588811901548743606e+02 1.571728423623160324e+02 1.588695585116637687e+02
1.623718334297281558e+02 1.609639933166249079e+02 1.627805346700083646e+02
1.616478182636077463e+02 1.600375875586401833e+02 1.618925968768074029e+02
1.584346828609986630e+02 1.570972495340916453e+02 1.590398239187712761e+02
1.595236360131096944e+02 1.584075509286035697e+02 1.604721354668723166e+02
1.600136495083863508e+02 1.590628751365593416e+02 1.611939849624060059e+02
1.590764025448235941e+02 1.583271190797506449e+02 1.605337124863440579e+02
1.596643981749244858e+02 1.589861384229805310e+02 1.612179230126598668e+02
1.598763639868903113e+02 1.591017608122871252e+02 1.612984062720904888e+02
1.593467129361866341e+02 1.584785168048325943e+02 1.604256667309298905e+02
1.594481781376518086e+02 1.585799820062977972e+02 1.604444251654778100e+02
1.598245356982199041e+02 1.588642889274468359e+02 1.607991902834008044e+02
1.594119786646102455e+02 1.583943448364501023e+02 1.602829124092282029e+02
1.595366814472077692e+02 1.585640190219137651e+02 1.604289377289377398e+02
1.603549450549450626e+02 1.595803804382751707e+02 1.614416489942805697e+02
1.600764796606901825e+02 1.592084506137137794e+02 1.611387892808945423e+02
1.600695713643082172e+02 1.592463723411091792e+02 1.610883362251783240e+02
1.610808816914079955e+02 1.603431399010346468e+02 1.621425872373240793e+02
1.600555748345221900e+02 1.590087012402801747e+02 1.609064198958935776e+02
1.595835743204164316e+02 1.585401580875265211e+02 1.604436218752008187e+02
1.614368742368742460e+02 1.606799305957200659e+02 1.625562110404215730e+02
1.609747317010474887e+02 1.600240730030203622e+02 1.619424844161686394e+02
1.599230383651436398e+02 1.588475033738191655e+02 1.607515069725596106e+02
1.613773793458003922e+02 1.604230447914658555e+02 1.622799948589422172e+02
1.610369127948075345e+02 1.598973202236360009e+02 1.617884326200115765e+02
1.596452991452991341e+02 1.581502281344386631e+02 1.601103335261229859e+02
1.606022620654199500e+02 1.592321316110789837e+02 1.611385515069725614e+02
1.614770901613006799e+02 1.602184306921149073e+02 1.620784910995437258e+02
1.605227106227106333e+02 1.592249277038750677e+02 1.611030717820191569e+02
1.601687423687423575e+02 1.588708309234625062e+02 1.607425358267463480e+02
1.612429278324015058e+02 1.600994280573227968e+02 1.620735171261487153e+02
1.608428442902127244e+02 1.596326778484673241e+02 1.616002377739219753e+02
1.591001992159886811e+02 1.576744553691922022e+02 1.596245742561532097e+02
1.597876229034123696e+02 1.585684210526315780e+02 1.606450870766660159e+02
1.609936893515840950e+02 1.598699955015744365e+02 1.622085341559025835e+02
1.585679776363986946e+02 1.571647644752907809e+02 1.595850330955594245e+02
1.575772186877450167e+02 1.560857078593920733e+02 1.584439753229226824e+02
1.603194460510250110e+02 1.592931752458068217e+02 1.618448493027440520e+02
1.590544952123899520e+02 1.580837992416939812e+02 1.602874622453569771e+02
1.555756378124799255e+02 1.542699890752522265e+02 1.559977186556133972e+02
1.580458775142985530e+02 1.572718912666281028e+02 1.589932716406400743e+02
1.591166698798277821e+02 1.584230512177880712e+02 1.601678234046655120e+02
1.559440781440781336e+02 1.548787095944990710e+02 1.564908167855536192e+02
1.567211811580232563e+02 1.557965619176145537e+02 1.575173639226270836e+02
1.590619754514491433e+02 1.584862669494248451e+02 1.604013238223764404e+02
1.573315918000128590e+02 1.565058093952830802e+02 1.582367906946854248e+02
1.568219330377225162e+02 1.558809009703746540e+02 1.576757856178908810e+02
1.589668851616220024e+02 1.583253839727524053e+02 1.600507358138937093e+02
1.575630872051924598e+02 1.565467514941199170e+02 1.583068311805153883e+02
1.559972431077694353e+02 1.546903476640318615e+02 1.563052053209947871e+02
1.588007583060214643e+02 1.578531328320802061e+02 1.595528436475804881e+02
1.588738770001927776e+02 1.578758177495019481e+02 1.596045241308399341e+02
1.557618854829381121e+02 1.543685945633314134e+02 1.560634470792365391e+02
1.569771672771672684e+02 1.555642375168690990e+02 1.574567637041321291e+02
1.588572006940428025e+02 1.575523873787031732e+02 1.597067990489043154e+02
1.566871602082128447e+02 1.550283850652271838e+02 1.573231604652657154e+02
1.556794807531649667e+02 1.539300430563588407e+02 1.561514812672707535e+02
1.578931559668401690e+02 1.564833365464944279e+02 1.587078850973587691e+02
1.577827967354283203e+02 1.564776235460446117e+02 1.583669237195553023e+02
1.555408714092924640e+02 1.540209048261679925e+02 1.555087912087912230e+02
1.562180708180708280e+02 1.548284686074159708e+02 1.561661461345671853e+02
1.571167277167277234e+02 1.558645331276910326e+02 1.571080907396696773e+02
1.551349720454983583e+02 1.536013688066319673e+02 1.548572006940428025e+02
1.548936572199730222e+02 1.536481845639740413e+02 1.550448043184885307e+02
1.566746931431141832e+02 1.559183021656705819e+02 1.574295932138037415e+02
1.556922819870188164e+02 1.549454019664545967e+02 1.565459289248763071e+02
1.538882719619561783e+02 1.531006619111882401e+02 1.546160401002506148e+02
1.553521303258145281e+02 1.546547843968896530e+02 1.563531071267913433e+02
1.568806631964526730e+02 1.563068311805153883e+02 1.577851037851037859e+02
1.554255831887410864e+02 1.545879763511342446e+02 1.559004112846218106e+02
1.535175695649379861e+02 1.523487243750401774e+02 1.532332947754000259e+02
1.566191825718141502e+02 1.557987725724567838e+02 1.569741469057258598e+02
1.589038750722961311e+02 1.584005655163549875e+02 1.594457939721097546e+02
1.551810359231411951e+02 1.543451256345993272e+02 1.549231604652657381e+02
1.550956558061821227e+02 1.542196324143692436e+02 1.548802326328642209e+02
1.597367971210076405e+02 1.594747574063363516e+02 1.603710622710622715e+02
1.582148383779962728e+02 1.574709787288734617e+02 1.583140222350748729e+02
1.552655741918899821e+02 1.540662553820448579e+02 1.547923912344965061e+02
1.596659019343229886e+02 1.587393933551828411e+02 1.599480817428185730e+02
1.602591542959964102e+02 1.591934387250176712e+02 1.604759398496240692e+02
1.560842362316046490e+02 1.543617762354604395e+02 1.556459867617762427e+02
1.580787931366878638e+02 1.565979114452798626e+02 1.579985797827903014e+02
1.610755606966133371e+02 1.599840370156159679e+02 1.616013623803097516e+02
1.574674121200436900e+02 1.561316753422016461e+02 1.574509607351712646e+02
1.551392712550607200e+02 1.538046269519953739e+02 1.550408585566480326e+02
1.594782533256217505e+02 1.589129426129426008e+02 1.604122549964655207e+02
1.598787674313990124e+02 1.593987340145234839e+02 1.607935929567508424e+02
1.559933294775400157e+02 1.548819613135402733e+02 1.562739669687038031e+02
1.583231154810102055e+02 1.573316496369128004e+02 1.589253389884968897e+02
1.609934965619176239e+02 1.601652464494569870e+02 1.619560825139772646e+02
1.584564488143435597e+02 1.571414047940363616e+02 1.588927832401516582e+02
1.574991645781119587e+02 1.560885868517447364e+02 1.578988432620011508e+02
1.598844547265599942e+02 1.587171261487050913e+02 1.604870509607351607e+02
1.595750787224471310e+02 1.582751108540582266e+02 1.598005269584216990e+02
1.582880213353897432e+02 1.568080136238031059e+02 1.581896343422659186e+02
1.589057451320609289e+02 1.575498297024612953e+02 1.587347278452541559e+02
1.588505237452605741e+02 1.575527922370027625e+02 1.585799370220422873e+02
1.583218366428892807e+02 1.569950581582160396e+02 1.579493927125506048e+02
1.582207891523680985e+02 1.568883426515005510e+02 1.577865625602467787e+02
1.585611143242722108e+02 1.572673928410770543e+02 1.583635049161364918e+02
1.593988625409677979e+02 1.581491485123063967e+02 1.595217980849559751e+02
1.597998650472334816e+02 1.585960992224150061e+02 1.600751044277359938e+02
1.592151661204292736e+02 1.578381209433840979e+02 1.594844033159822629e+02
1.591393226656384456e+02 1.577552085341559120e+02 1.593951159951159866e+02
1.605213610950453074e+02 1.595373497847182023e+02 1.610012659854765218e+02
1.596268106162843026e+02 1.588972945183471381e+02 1.599576633892423274e+02
1.582541546173125084e+02 1.576437825332562284e+02 1.584823147612621312e+02
1.599421502474133945e+02 1.596108861898335647e+02 1.603491420859841980e+02
1.602861512756249738e+02 1.597841269841269707e+02 1.604401002506265570e+02
1.589120557804768339e+02 1.579953152111046961e+02 1.587368870895186603e+02
1.599167020114388436e+02 1.588330955594113618e+02 1.596794550478761039e+02
1.601937664674506721e+02 1.590074159758370342e+02 1.599622003727266986e+02
1.591216695585116554e+02 1.577942869995501667e+02 1.586308656256024676e+02
1.599402159244264396e+02 1.587387507229612424e+02 1.598069340016708395e+02
1.605005976479660603e+02 1.593012659854765047e+02 1.605806953280637401e+02
1.595548807917228942e+02 1.581274661011503042e+02 1.595612814086498190e+02
1.604755221386800201e+02 1.591303129618919172e+02 1.607089518668466042e+02
1.608608251397725155e+02 1.594908746224535605e+02 1.611526701368806584e+02
1.591162778741726243e+02 1.574120686331212653e+02 1.591258659469185659e+02
1.593951802583381436e+02 1.579081164449585515e+02 1.595317139001349460e+02
1.606847760426707907e+02 1.595571878413983598e+02 1.609890366942998412e+02
1.596932652143178473e+02 1.585425036951352809e+02 1.599877835614677792e+02
1.586777070882334044e+02 1.574798020692757632e+02 1.588540710751236986e+02
1.595243300559089903e+02 1.584922370027633178e+02 1.598603110339952309e+02
1.594775078722447006e+02 1.584875971981235239e+02 1.598715056872951550e+02
1.581073003020371459e+02 1.568798213482423876e+02 1.583290598290598155e+02
1.574246963562752910e+02 1.562842040999935875e+02 1.575380952380952522e+02
1.579968382494698176e+02 1.569075637812480011e+02 1.582116830537883061e+02
1.585130261551314277e+02 1.574545851809009775e+02 1.587831116252168897e+02
1.594625088361930523e+02 1.585663839084891720e+02 1.599634663582031919e+02
1.595907589486536722e+02 1.586816142921406083e+02 1.601100057836899850e+02
1.580760298181350834e+02 1.569099093888567609e+02 1.582387442966390267e+02
1.590880084827453231e+02 1.580080007711586632e+02 1.593540967804125614e+02
1.609906432748537952e+02 1.601213675213675174e+02 1.614743139901034681e+02
1.595615191825718000e+02 1.583968896600475489e+02 1.596874236874236885e+02
1.584410577726367251e+02 1.571028789923526858e+02 1.584104684788895270e+02
1.609078593920699234e+02 1.598936957779063164e+02 1.611454790823211738e+02
1.613250883619304545e+02 1.604321637426900509e+02 1.616163678426836441e+02
1.586321251847567737e+02 1.574871602082128277e+02 1.588641668273247092e+02
1.588950196002827511e+02 1.579620846989268159e+02 1.595213932266563859e+02
1.603221836642889286e+02 1.596450677976993688e+02 1.613534412955465598e+02
1.585922884133410378e+02 1.577781890623995764e+02 1.596192147034252287e+02
1.578230640704324799e+02 1.568367007261743993e+02 1.587841848210269404e+02
1.598068247541931726e+02 1.591033224085855693e+02 1.610289055973266557e+02
1.595872501767238703e+02 1.589083220872694540e+02 1.606161172161172033e+02
1.588351841141314935e+02 1.580732664995823029e+02 1.596466872308977543e+02
1.602594113488850383e+02 1.595738512949039318e+02 1.611362830152303900e+02
1.589508643403380290e+02 1.581317653107126660e+02 1.595556069661332685e+02
1.562285778548936435e+02 1.554028725660304531e+02 1.566882141250562199e+02
1.584612492770387462e+02 1.581404087140929278e+02 1.596901677270098219e+02
1.597395218816271552e+02 1.598176402544823702e+02 1.612779705674442425e+02
1.566606901870059687e+02 1.563460445986761727e+02 1.577566608829766608e+02
1.562332883490778102e+02 1.559631900263479167e+02 1.573512113617376826e+02
1.587594242015294697e+02 1.588903669429985257e+02 1.602476061949746224e+02
1.579048840048839963e+02 1.573839277681383066e+02 1.586767110082899421e+02
1.566315918000128420e+02 1.554279930595720032e+02 1.566596362701625935e+02
1.582501574448942847e+02 1.571889660047554855e+02 1.584946918578497446e+02
1.584750915750915681e+02 1.572916714864083190e+02 1.585938757149283447e+02
1.575253068568858055e+02 1.564399010346378702e+02 1.577059636270162457e+02
1.584785682154103199e+02 1.577548743654006671e+02 1.588715763768395277e+02
1.582877000192789581e+02 1.577281344386607600e+02 1.587495469442837930e+02
1.568748987854251027e+02 1.562875971981235068e+02 1.571794036372983783e+02
1.575540775014459314e+02 1.571016901227427525e+02 1.579196067090803979e+02
1.585084313347471152e+02 1.581456654456654576e+02 1.589060793008161454e+02
1.578245485508643355e+02 1.572567958357431905e+02 1.581910802647644800e+02
1.574720519246835124e+02 1.567581774950195950e+02 1.577051089261615573e+02
1.583725081935608330e+02 1.576350748666538095e+02 1.586870638133796092e+02
1.585188612557033707e+02 1.577816078658183869e+02 1.587683310841205468e+02
1.574015744489428812e+02 1.564667887667887669e+02 1.572696292012081472e+02
1.571467129361866171e+02 1.562323758113231804e+02 1.564878349720455049e+02
1.588267592057065656e+02 1.579748859327806656e+02 1.581148126727074157e+02
1.593260266049739755e+02 1.584872630293682789e+02 1.584126534284428942e+02
1.581477218687745108e+02 1.571029818135081371e+02 1.569081485765696300e+02
1.586765182186234711e+02 1.576918128654970701e+02 1.576141057772636600e+02
1.599455754771544207e+02 1.592240665766981635e+02 1.592547072810230588e+02
1.590816914080072024e+02 1.582053981106612639e+02 1.583672129040550089e+02
1.573551506972559650e+02 1.562392841077051742e+02 1.565282629651050570e+02
1.578741854636591597e+02 1.568210911895122308e+02 1.572717820191504359e+02
1.587309298888246190e+02 1.578763961185013898e+02 1.582939014202171961e+02
1.568589293747188549e+02 1.559268427478953924e+02 1.563012145748987791e+02
1.556384101278838159e+02 1.546271769166505976e+02 1.551071589229484005e+02
1.580975837028468618e+02 1.573637748216695513e+02 1.579186748923590926e+02
1.579424073003020510e+02 1.572761390656127389e+02 1.578129940235203321e+02
1.538737741790373263e+02 1.527944219523166964e+02 1.532657027183342962e+02
1.550619497461602805e+02 1.543432555748345294e+02 1.546235074866653747e+02
1.582591478696741945e+02 1.580455369192211208e+02 1.581875457875457869e+02
1.547703360966518744e+02 1.541754643017800959e+02 1.540666024034445059e+02
1.532560760876550319e+02 1.525030782083413783e+02 1.525596298438403835e+02
1.588117280380438388e+02 1.583917678812415772e+02 1.582571364308206512e+02
1.581838763575605640e+02 1.574858106805475302e+02 1.572602724760619424e+02
1.552265214317845903e+02 1.540035151982520460e+02 1.535644817171132956e+02
1.585271704903283876e+02 1.576213161107897918e+02 1.573541610436347185e+02
1.588963691279480770e+02 1.579969410706252688e+02 1.576317203264571560e+02
1.563110854058222401e+02 1.549998586209112545e+02 1.544132896343422772e+02
1.589559989717884321e+02 1.583523102628365677e+02 1.575840819998714721e+02
1.605440010282115679e+02 1.602582610372083991e+02 1.593173060857271253e+02
1.567855150697255908e+02 1.563409163935479853e+02 1.553401195295932098e+02
1.567881305828674385e+02 1.564009318167212825e+02 1.553453826874879553e+02
1.608042477989846475e+02 1.603190219137587462e+02 1.591081614292140500e+02
1.598947047104941817e+02 1.588903605166763100e+02 1.575263607737291807e+02
1.577808559861191497e+02 1.563365400681190067e+02 1.550544373754900107e+02
1.600217466743782495e+02 1.587961570593149645e+02 1.576174667437825292e+02
1.601974101921470321e+02 1.589957907589486581e+02 1.578546944283786502e+02
1.584383201593727790e+02 1.570085277295803508e+02 1.560328834907782323e+02
1.595908103592313978e+02 1.585327549643339182e+02 1.580536983484351765e+02
1.594157637683953510e+02 1.584797699376646847e+02 1.583958807274596836e+02
1.570580939528308022e+02 1.558823083349399212e+02 1.561358524516419379e+02
1.575987211618790695e+02 1.565740312319259715e+02 1.569544695071010949e+02
1.591454533770323110e+02 1.579629329734592886e+02 1.582168369642053847e+02
1.588287320866268146e+02 1.572898078529657369e+02 1.575342394447657739e+02
1.586725724567829729e+02 1.570332305121778802e+02 1.573203200308463465e+02
1.590465908360645244e+02 1.573726624252940098e+02 1.576485829959514149e+02
1.582758820127241108e+02 1.564723603881498661e+02 1.566785810680547399e+02
1.580186427607480368e+02 1.562169976222607772e+02 1.563490842490842567e+02
1.589069918385707751e+02 1.576215089004562628e+02 1.578480239059186374e+02
1.579336675020885536e+02 1.569303643724696258e+02 1.573191568665252760e+02
1.563050703682282574e+02 1.554415783047361970e+02 1.558554848660111816e+02
1.578291048133153538e+02 1.573463080778870165e+02 1.577933744617955085e+02
1.584287899235267787e+02 1.580162071846282288e+02 1.583238609343872554e+02
1.573709851551956831e+02 1.568382944540839219e+02 1.570128333654649566e+02
1.579658376711008430e+02 1.574943769680611751e+02 1.576694042799306033e+02
1.589920185078079840e+02 1.586367714157187834e+02 1.587237195552985156e+02
1.585394704710494125e+02 1.580916714864083303e+02 1.581394319131161126e+02
1.577544245228455679e+02 1.571779705674442482e+02 1.572687745003534587e+02
1.582169911959385615e+02 1.578247670458196694e+02 1.582849174217595305e+02
1.592307242465137165e+02 1.590386543281280183e+02 1.598488721804511385e+02
1.581769359295675201e+02 1.579202429149797524e+02 1.589960221065484234e+02
1.564706317074738138e+02 1.561158344579397124e+02 1.572215217531006886e+02
1.581477475740633736e+02 1.580630357946147342e+02 1.592499646552278136e+02
1.593562046140993402e+02 1.595069918385707979e+02 1.606467643467643427e+02
1.571054173896279167e+02 1.569361223571749804e+02 1.580521945890367022e+02
1.562285521496047807e+02 1.559613842298052759e+02 1.570880470406786173e+02
1.599698605488079295e+02 1.600919735235524684e+02 1.613597712229291119e+02
1.610676434676434781e+02 1.605804639804639748e+02 1.618923333975965591e+02
1.573561596298438303e+02 1.556457939721097716e+02 1.567215346057451200e+02
1.581470471049418336e+02 1.564433005590900336e+02 1.575830216567058812e+02
1.618879377932009618e+02 1.603299145299145323e+02 1.616832337253389937e+02
1.592055202107833622e+02 1.572017800912537666e+02 1.584149926097294383e+02
1.566328834907782266e+02 1.551460381723539683e+02 1.561915493862862263e+02
1.603185913501702942e+02 1.598499967868388865e+02 1.609373690636848551e+02
1.594178844547265612e+02 1.590267399267399355e+02 1.601613199665831360e+02
1.552788509735878222e+02 1.545322537112010934e+02 1.554708694813957948e+02
1.570858042542253088e+02 1.567621746674378187e+02 1.577566865882655236e+02
1.591585887796414056e+02 1.591108026476447606e+02 1.600840562945826093e+02
1.572827196195617319e+02 1.565882912409228140e+02 1.573883169462116882e+02
1.570293554398817548e+02 1.561020757020756946e+02 1.568700212068632993e+02
1.594675856307435140e+02 1.587204228520018034e+02 1.593323244007454491e+02
1.589532356532356516e+02 1.579610243557611966e+02 1.586049546944283861e+02
1.573463145042092322e+02 1.564841077051603406e+02 1.573387442966390211e+02
1.591331919542445803e+02 1.586652657284236341e+02 1.597903091060985901e+02
1.594177109440267373e+02 1.591173832015937251e+02 1.602781312254996351e+02
1.573493155966840220e+02 1.568732793522267173e+02 1.581644817171132900e+02
1.576218687745003422e+02 1.571969474969475016e+02 1.585081871345029185e+02
1.597374333269070235e+02 1.591703360966518801e+02 1.599597455176402434e+02
1.599935351198509181e+02 1.590307306728359436e+02 1.596274661011503042e+02
1.589376518218623460e+02 1.576439560439560523e+02 1.581090546880020611e+02
1.583098708309234723e+02 1.568696163485637101e+02 1.572980721033352722e+02
1.588755928282243985e+02 1.574087076666023961e+02 1.577220808431334831e+02
1.601944862155388591e+02 1.589910417068311688e+02 1.596647130647130552e+02
1.599349399138872911e+02 1.588477090161300680e+02 1.597277424330056022e+02
1.578594820384294053e+02 1.566101407364565148e+02 1.576556776556776640e+02
1.580557611978664738e+02 1.569123899492320504e+02 1.580353511985090904e+02
1.601483580746738653e+02 1.591863761969025006e+02 1.603710429920956244e+02
1.579353897564423903e+02 1.567685624317203406e+02 1.577609536662168352e+02
1.566517640254482444e+02 1.554297731508257812e+02 1.563757920442130853e+02
1.593770965876229013e+02 1.585560053981106705e+02 1.594672064777327876e+02
1.592623610307820741e+02 1.584621553884711886e+02 1.592914337124863380e+02
1.578958871537818993e+02 1.569659983291562355e+02 1.578369834843519186e+02
1.588550350234560824e+02 1.579669944090996694e+02 1.588477604267077936e+02
1.588431784589679410e+02 1.578543474069789738e+02 1.587540325171904101e+02
1.584699762226078121e+02 1.574351969667759192e+02 1.583166955851166335e+02
1.581828288670394045e+02 1.571240665766981692e+02 1.580485444380181264e+02
1.573695520853415530e+02 1.562265150054623746e+02 1.570401002506265797e+02
1.576842040999935648e+02 1.568656705867232120e+02 1.576978150504466214e+02
1.583773022299338038e+02 1.577748602274918142e+02 1.586016065805539483e+02
1.579245421245421142e+02 1.573408135723925056e+02 1.581868903026797852e+02
1.574540710751236929e+02 1.568647901805796607e+02 1.577395540132382337e+02
1.576764732343679611e+02 1.571498104234946425e+02 1.579939592571171545e+02
1.585434226592121263e+02 1.580764860870123982e+02 1.590021592442645044e+02
1.584523938050253946e+02 1.579796606901870177e+02 1.589329541803226107e+02
1.575270291112396421e+02 1.569185977764925042e+02 1.579291369449264266e+02
1.580462630936315236e+02 1.574697834329413411e+02 1.585158987211618751e+02
1.589394833236938496e+02 1.584019471756313919e+02 1.595316689158794361e+02
1.579197802197802218e+02 1.573700469121521621e+02 1.583196645459803449e+02
1.578668208983998511e+02 1.574157444894287039e+02 1.581667502088554613e+02
1.590377739219844386e+02 1.588345222029432477e+02 1.594316432105905790e+02
1.570770194717563015e+02 1.568508900456268975e+02 1.573642889274468359e+02
1.553666152560889486e+02 1.550452862926547084e+02 1.554812351391298648e+02
1.582071332176595320e+02 1.578338281601439519e+02 1.585245678298309997e+02
1.585171711329606126e+02 1.579839277681383010e+02 1.588740248056037672e+02
1.562879570721675861e+02 1.552180515391041808e+02 1.561826553563395805e+02
1.582168498168498161e+02 1.573172418225049682e+02 1.586664096137780291e+02
1.582941713257502840e+02 1.573197609408135804e+02 1.585534091639354699e+02
1.542815050446629357e+02 1.527908553434869248e+02 1.539972816657027295e+02
1.570003084634663537e+02 1.558684146263093737e+02 1.571755542702911157e+02
1.598249148512306306e+02 1.589898528372212638e+02 1.604931623931623790e+02
1.555237838185206556e+02 1.542215153267784729e+02 1.556124285071653617e+02
1.551493862862283777e+02 1.538590064905854433e+02 1.553417389627915952e+02
1.592239766081871437e+02 1.584789088104877521e+02 1.599456268877321463e+02
1.566408714092924583e+02 1.555436797121007544e+02 1.567231026283657798e+02
1.530346507293875788e+02 1.515182700340594977e+02 1.528670779512884792e+02
1.570192018507808029e+02 1.563290148448043055e+02 1.577736006683375081e+02
1.567728359359938395e+02 1.560111496690444142e+02 1.574540003855793202e+02
1.522504594820384227e+02 1.509278195488721792e+02 1.522651886125570400e+02
1.545275046590836041e+02 1.541281987018829227e+02 1.555564873722768482e+02
1.570508643403380233e+02 1.573008482745324841e+02 1.585410899042477979e+02
1.541766017608122752e+02 1.541189705031810320e+02 1.551890559732665054e+02
1.539958100379153052e+02 1.539491677912730552e+02 1.550408714092924640e+02
1.575164321059057784e+02 1.575240922819870093e+02 1.590254739412634137e+02
1.567001349527665184e+02 1.562371441424072884e+02 1.577943191311612452e+02
1.549405051089261747e+02 1.540225563909774564e+02 1.557976865240023017e+02
1.575571364308206341e+02 1.569754514491356474e+02 1.587988818199344507e+02
1.576171068697384499e+02 1.569520210783368555e+02 1.588143564038300894e+02
1.551880534670008274e+02 1.542325493220230044e+02 1.560001221001220983e+02
1.563738448685816991e+02 1.560967547072810362e+02 1.579632157316367795e+02
1.573310584152689557e+02 1.573298245614035125e+02 1.592914851230640636e+02
1.554474198316303557e+02 1.552837671100828913e+02 1.572580232632864181e+02
1.555221772379667016e+02 1.555160850845061304e+02 1.574722447143499835e+02
1.570310841205578072e+02 1.568200565516355027e+02 1.589439817492448981e+02
1.561593727909517497e+02 1.555878285457232835e+02 1.578687616477090216e+02
1.565047040678619510e+02 1.557734657155709783e+02 1.581276203328834811e+02
1.586444187391555829e+02 1.580520403573035253e+02 1.604975130133024948e+02
1.579339438339438288e+02 1.569863440652914335e+02 1.595858556648030344e+02
1.556039714671293552e+02 1.547750787224471480e+02 1.569268170426065296e+02
1.568546622967675717e+02 1.564400488400488314e+02 1.584797378060536062e+02
1.585420217209691032e+02 1.584402287770708710e+02 1.604765760555234237e+02
1.568954180322601246e+02 1.564855857592699806e+02 1.585551185656448752e+02
1.556159244264507322e+02 1.552870895186684663e+02 1.571283850652271781e+02
1.582623096202043484e+02 1.577482038429406828e+02 1.599465844097423144e+02
1.577513270355375710e+02 1.568422723475354985e+02 1.590203200308463352e+02
1.551960670908039219e+02 1.538396118501381693e+02 1.560211811580232677e+02
1.574888631836000172e+02 1.564262450999293037e+02 1.588086241244135977e+02
1.590700019278966693e+02 1.581933101985733572e+02 1.605885033095559322e+02
1.569477282950967094e+02 1.556507036822826251e+02 1.579023970181864911e+02
1.564017993702204308e+02 1.558370541738962913e+02 1.577949746160272468e+02
1.583412441359809861e+02 1.584331662489557289e+02 1.601960349591928434e+02
1.572542381595013126e+02 1.574548293811451742e+02 1.589326392905340413e+02
1.561982327613906421e+02 1.563715892294839591e+02 1.578467129361866341e+02
1.581886960992224260e+02 1.584927639611850054e+02 1.602309170361801876e+02
1.590935929567508538e+02 1.592598033545401961e+02 1.611362380309748801e+02
1.574775014459224849e+02 1.573545530492899047e+02 1.592704581967739728e+02
1.568357432041642596e+02 1.565834843519054118e+02 1.584087269455690432e+02
1.587290919606708997e+02 1.588230962020435584e+02 1.607052503052503027e+02
1.584515326778484621e+02 1.583968189705031762e+02 1.603290855343486783e+02
1.563270740954951350e+02 1.557907460960092578e+02 1.578736842105263065e+02
1.578848210269262893e+02 1.575719491035280555e+02 1.596866718077244514e+02
1.593846732215153281e+02 1.592549000706895583e+02 1.614094788252683088e+02
1.571688644688644558e+02 1.565637491163807056e+02 1.585101021785232263e+02
1.561900713321765863e+02 1.560516869095816332e+02 1.579817428185849337e+02
1.585029111239637416e+02 1.591377160850845200e+02 1.609185913501702885e+02
1.581789602210654948e+02 1.587247349142085966e+02 1.604312319259687740e+02
1.559400167084377529e+02 1.562473491420859943e+02 1.578711393869288599e+02
1.567818456397403679e+02 1.571975130133024834e+02 1.588943191311612395e+02
1.580290919606709110e+02 1.583151789730736994e+02 1.599686459739091333e+02
1.578229869545658914e+02 1.578258145363408573e+02 1.594886511149668991e+02
1.572238416554206140e+02 1.570148833622517941e+02 1.586512820512820383e+02
1.569542510121457610e+02 1.567032645716856223e+02 1.582799498746867073e+02
1.573824175824175882e+02 1.570819998714735561e+02 1.587049161364950862e+02
1.567559411348885021e+02 1.564903283850652258e+02 1.582080843133474843e+02
1.556666987982777357e+02 1.553977315082578343e+02 1.571811387442966463e+02
1.563495019600282774e+02 1.563091575091575010e+02 1.582024677077308752e+02
1.569338795707216718e+02 1.569734785682153984e+02 1.588966197545144894e+02
1.562505044662939326e+02 1.562326264378895928e+02 1.581625024098708252e+02
1.568326842747895284e+02 1.567721483195167309e+02 1.588766146134567236e+02
