1.419007699312857085e+02 1.647270303833098808e+02 1.719558572729530681e+02
1.418118718436956840e+02 1.646003808262273367e+02 1.718352015895355578e+02
1.418433148439440288e+02 1.646315589038827625e+02 1.718688302011755979e+02
1.420075999668846691e+02 1.647367662886000517e+02 1.720254325689212749e+02
1.420360129149763964e+02 1.650059607583409331e+02 1.719586389601788312e+02
1.418721914065733927e+02 1.651726964152661594e+02 1.714903882771752706e+02
1.413876148687805312e+02 1.653958274691613610e+02 1.709986588293732837e+02
1.412253497806109692e+02 1.654423876148687782e+02 1.708093054060766747e+02
1.408663796671909836e+02 1.653716201672323791e+02 1.703429091812236038e+02
1.405878301183872736e+02 1.652564947429422944e+02 1.700303501945525397e+02
1.404370063746999051e+02 1.652133951486050307e+02 1.698686646245550094e+02
1.404368242404172520e+02 1.651393327262190667e+02 1.697346965808427797e+02
1.405043795016143804e+02 1.650658829373292633e+02 1.696387946022021822e+02
1.405392168225846490e+02 1.650424704031790668e+02 1.696719430416425212e+02
1.405173938239920517e+02 1.650079973507740760e+02 1.695831608576868916e+02
1.405165824985512018e+02 1.650548058614123761e+02 1.696014901895852347e+02
1.405669177912078851e+02 1.650244722245219009e+02 1.697098104147694357e+02
1.405905455749648070e+02 1.650404503684079884e+02 1.697059855948340044e+02
1.404599884096365656e+02 1.650405331567182827e+02 1.697429588542097747e+02
1.403672323867869807e+02 1.649672323867869750e+02 1.697017633910091945e+02
1.403726964152661765e+02 1.650039903965560200e+02 1.695935093964732232e+02
1.403036509644838077e+02 1.650329000745094845e+02 1.695759251593675003e+02
1.404144382813146876e+02 1.650147032039076009e+02 1.695483897673648528e+02
1.404399701962082929e+02 1.650924248696084078e+02 1.695652785826641207e+02
1.404656014570742570e+02 1.651870353506084825e+02 1.696062422385959110e+02
1.404611805613047579e+02 1.653244805033529303e+02 1.696520904048348370e+02
1.405594834009437761e+02 1.653462207136352333e+02 1.697348621574633682e+02
1.404986836658663663e+02 1.653702624389436266e+02 1.697446642934017689e+02
1.404652371885089792e+02 1.653936584154317302e+02 1.698242404172530939e+02
1.404265750476032792e+02 1.654325358059442124e+02 1.698165742197201666e+02
1.404429505753787453e+02 1.654949085189171285e+02 1.698180478516433425e+02
1.403844357976653612e+02 1.654327013825647725e+02 1.698938157132213007e+02
1.401902309793857171e+02 1.654248696084112851e+02 1.697515357231558824e+02
1.400501862736981593e+02 1.653355906945939182e+02 1.695672489444490338e+02
1.399473797499792909e+02 1.651797665369649906e+02 1.694407318486629777e+02
1.398754532659988286e+02 1.650500538124016998e+02 1.692784336451693150e+02
1.399497474956536109e+02 1.649442337941882499e+02 1.692914976405331515e+02
1.399654938322708801e+02 1.648728205977315895e+02 1.691614040897425184e+02
1.400354499544664293e+02 1.648074675055882210e+02 1.690935011176421767e+02
1.400592598725060043e+02 1.647225929298782887e+02 1.690011755940061278e+02
1.400231807268813782e+02 1.646475039324447494e+02 1.688490934680023088e+02
1.400065568341750009e+02 1.646241907442669117e+02 1.687855120456991358e+02
1.397898170378342684e+02 1.645865055054226218e+02 1.687832270883351384e+02
1.396994784336451687e+02 1.645594502856196755e+02 1.688382316416922038e+02
1.396924414272704666e+02 1.645440682175676841e+02 1.689729944531832189e+02
1.396303336368904695e+02 1.644763308220879310e+02 1.689633413362033423e+02
1.395299942048182800e+02 1.644801059690371687e+02 1.690474211441344607e+02
1.394568424538455247e+02 1.644090239258216855e+02 1.689326434307475893e+02
1.394210779037999828e+02 1.642963324778541221e+02 1.688095868863316582e+02
1.393750476032784036e+02 1.642584651047272075e+02 1.688468747412865412e+02
1.393316499710240919e+02 1.642600215249606777e+02 1.687640036426856511e+02
1.392953886911168127e+02 1.642742279990065413e+02 1.687204569914728154e+02
1.392916135441675749e+02 1.642260452024174242e+02 1.686996274526036927e+02
1.392743935756271298e+02 1.641777961751800774e+02 1.685572315589038794e+02
1.392553025912741020e+02 1.641893699809587019e+02 1.684892623561553080e+02
1.392485305074923474e+02 1.641881943869525742e+02 1.685080553025912877e+02
1.392195380412285886e+02 1.642445401109363274e+02 1.684083947346634602e+02
1.392849242486960861e+02 1.642652206308469260e+02 1.684916301018296281e+02
1.394670585313353683e+02 1.643717857438529677e+02 1.684342081298120775e+02
1.396221541518337688e+02 1.643599139001572951e+02 1.684465104727212577e+02
1.397110522394237933e+02 1.642449706101498350e+02 1.683022435632088616e+02
1.396610481000082871e+02 1.641325440847752191e+02 1.683517840880867595e+02
1.395457570990976137e+02 1.641014819107541882e+02 1.683334547561884165e+02
1.394685487209206087e+02 1.640093881943869576e+02 1.682697243149267194e+02
1.393962579683748686e+02 1.639377597483235434e+02 1.682881695504594859e+02
1.393596324199023115e+02 1.638007285371305670e+02 1.683079393989568757e+02
1.393820183790048759e+02 1.637127742362778235e+02 1.682313105389519023e+02
1.393062836327510468e+02 1.635918039572812290e+02 1.682190247537047867e+02
1.392818114082291459e+02 1.635275933438198592e+02 1.682098849242486835e+02
1.392024008609984378e+02 1.635994867124761925e+02 1.681541518337610626e+02
1.392123354582332979e+02 1.636180312939812893e+02 1.681890553853795893e+02
1.392048348373209592e+02 1.637259706929381480e+02 1.683556751386704207e+02
1.395343488699395778e+02 1.637817865717360633e+02 1.685145127907939298e+02
1.398183127742362899e+02 1.638934845599801235e+02 1.685615365510389836e+02
1.400814140243397503e+02 1.639785247123106160e+02 1.688091398294560861e+02
1.401672489444490566e+02 1.640741783260203590e+02 1.688723900985180819e+02
1.402920606010431186e+02 1.642145045119629003e+02 1.690042884344730396e+02
1.402184121202086260e+02 1.642971272456329075e+02 1.690657504760327754e+02
1.400693269310373239e+02 1.645050086927725772e+02 1.690485967381405885e+02
1.399120953721334502e+02 1.646394734663465442e+02 1.691005546816789433e+02
1.398433976322543231e+02 1.647288020531501047e+02 1.691127576786157931e+02
1.398587962579683790e+02 1.648399370808841695e+02 1.692524050004139440e+02
1.400131964566603244e+02 1.649327758920440488e+02 1.693849159698650624e+02
1.401588045367994084e+02 1.650998095868863231e+02 1.695043629439523158e+02
1.402379170461130968e+02 1.652436625548472477e+02 1.696138422054805801e+02
1.402429340177166921e+02 1.653274939978475118e+02 1.696024008609984151e+02
1.402647073433231242e+02 1.653237022932361810e+02 1.696427849987581737e+02
1.402529182879377458e+02 1.652647735739713539e+02 1.696781852802384378e+02
1.402123023429091688e+02 1.652796920274857086e+02 1.695957115655269547e+02
1.402246378011424781e+02 1.651778789634903433e+02 1.695624803377762930e+02
1.402516930209454529e+02 1.650146700885835003e+02 1.695155228081794974e+02
1.402339763225432705e+02 1.649518172034108829e+02 1.694391257554433423e+02
1.404208460965311644e+02 1.648249192813974560e+02 1.696054971438032908e+02
1.404868946104809879e+02 1.646501862736981536e+02 1.696683665866379727e+02
1.405241824654358709e+02 1.645800314595579152e+02 1.697631757595827366e+02
1.405032535805944178e+02 1.645169467671164796e+02 1.697664541766702655e+02
1.405248447719181968e+02 1.645164500372547423e+02 1.698571570494246146e+02
1.404932361950492634e+02 1.645744846427684536e+02 1.699053895189999253e+02
1.403208047023760230e+02 1.646764136103982139e+02 1.698828710986008730e+02
1.403291994370394775e+02 1.647501448795430008e+02 1.699048762314761234e+02
1.403398956867290224e+02 1.648025002069707625e+02 1.698808676214918592e+02
1.403683417501448787e+02 1.648121367662886030e+02 1.698202665783591385e+02
1.404331318817782801e+02 1.648417915390346877e+02 1.698774401854458063e+02
1.404683500289759195e+02 1.648779369153075720e+02 1.698740127493997818e+02
1.404063912575544464e+02 1.650173193145128039e+02 1.700010431327096683e+02
1.405124265253746216e+02 1.651705439191986216e+02 1.701114496233131774e+02
1.405697160360957128e+02 1.652835168474211400e+02 1.701828462621078017e+02
1.404941634241245083e+02 1.652963821508402873e+02 1.701110356817617344e+02
1.403642188922923992e+02 1.653854954880370940e+02 1.701523967215829032e+02
1.402905704114579066e+02 1.654301183872837271e+02 1.701813395148604968e+02
1.402345227253911730e+02 1.654630515771173123e+02 1.701992383475453323e+02
1.402028644755360460e+02 1.655216325854789261e+02 1.701554930043877789e+02
1.403252090404834860e+02 1.655272456329166459e+02 1.701806440930540703e+02
1.404670088583492031e+02 1.654906200844440889e+02 1.701580925573309173e+02
1.404777051080387480e+02 1.653994204818279741e+02 1.699898004801721925e+02
1.405153241162347797e+02 1.652756354002814874e+02 1.699320473549134931e+02
1.405259541352760948e+02 1.651260203659243189e+02 1.698884013577282985e+02
1.405205397797830926e+02 1.649736402020034802e+02 1.698333802467091687e+02
1.404779865882937315e+02 1.648144548389767294e+02 1.697084692441427194e+02
1.404167563540028141e+02 1.647209040483483591e+02 1.696504511962910726e+02
1.405027402930706160e+02 1.645098600877556123e+02 1.694892292408312073e+02
1.404720755029389920e+02 1.644847586720755146e+02 1.695363854623727207e+02
1.403543670833678334e+02 1.644685487209206087e+02 1.694254987995695103e+02
1.403381571322129275e+02 1.643963076413610338e+02 1.694625382895935104e+02
1.402192896762977057e+02 1.644148025498799655e+02 1.695277258051163187e+02
1.402128984187432650e+02 1.644395231393327208e+02 1.695086182631012548e+02
1.401464194055799339e+02 1.644747081712062311e+02 1.695591688053646919e+02
1.402775229737561062e+02 1.644916963324778578e+02 1.695866214090570452e+02
1.403469492507657890e+02 1.644440268234125426e+02 1.695688219223445685e+02
1.403318486629687811e+02 1.644176007947677647e+02 1.694684493749482499e+02
1.403398460137428572e+02 1.644123851312194802e+02 1.694196870601871012e+02
1.403402599552943002e+02 1.643929629936253036e+02 1.694447388028810337e+02
1.403252421558075866e+02 1.644091398294560804e+02 1.694294560808014012e+02
1.403734415100587682e+02 1.644651047272125197e+02 1.693270800562960403e+02
1.404693931616855593e+02 1.645553936584154258e+02 1.693784915969864926e+02
1.404789138173689764e+02 1.646178657173607007e+02 1.693230399867538836e+02
1.404201506747247379e+02 1.646297541187184379e+02 1.693331567182713684e+02
1.404440102657504781e+02 1.645801473631923102e+02 1.692788310290586935e+02
1.403038496564285253e+02 1.646943621160692146e+02 1.694068383144299901e+02
1.401950327013825586e+02 1.648388773905124651e+02 1.694460799735077501e+02
1.401366172696415333e+02 1.648835830780693641e+02 1.695670171371802439e+02
1.401059690371719455e+02 1.647287854954880402e+02 1.694917956784502167e+02
1.400840963655931830e+02 1.645335872174848930e+02 1.694135607252256079e+02
1.400842122692275780e+02 1.643946187598311042e+02 1.692884344730524049e+02
1.400868449374948170e+02 1.642018875734746359e+02 1.692080470237602583e+02
1.400994949913072389e+02 1.640776719927146416e+02 1.691685735574136800e+02
1.400709495819190238e+02 1.639950492590446345e+02 1.691180395728123074e+02
1.399863730441261680e+02 1.638396390429671214e+02 1.688245053398460129e+02
1.399964069873333870e+02 1.637033860418908944e+02 1.687178077655435118e+02
1.399578276347379813e+02 1.636054474708171256e+02 1.686113088831856999e+02
1.398990479344316498e+02 1.636378011424786791e+02 1.685549466015398536e+02
1.398350194552529047e+02 1.636190081960427278e+02 1.685471148273863662e+02
1.397546485636228226e+02 1.636830532328835091e+02 1.685627783756933411e+02
1.395858266412782598e+02 1.636517095786074947e+02 1.686039407235698206e+02
1.394895107210861909e+02 1.636867290338604164e+02 1.685056047686066734e+02
1.394514612136766232e+02 1.636404669260700473e+02 1.684935507906283760e+02
1.392792780859342656e+02 1.636645583243646058e+02 1.684618759831111845e+02
1.393112840466926059e+02 1.636286447553605399e+02 1.685372630184618004e+02
1.393325109694511070e+02 1.635521152413279253e+02 1.684829207715870609e+02
1.392393906780362727e+02 1.635708916301018405e+02 1.683670833678284566e+02
1.392556834175014444e+02 1.635573805778624035e+02 1.682558489941220330e+02
1.392505836575875549e+02 1.635612716284460646e+02 1.682974418412120201e+02
1.393244805033529303e+02 1.636142395893699870e+02 1.682697077572646833e+02
1.393668515605596383e+02 1.636699561221955435e+02 1.682323039986753770e+02
1.395321632585478824e+02 1.637184866296879022e+02 1.682907525457405313e+02
1.396283467174434918e+02 1.637949995860584522e+02 1.683601788227502141e+02
1.397264177498137201e+02 1.639315506250517558e+02 1.684412616938488156e+02
1.396107459226757044e+02 1.640232800728537086e+02 1.683749979302922384e+02
1.395150095206556955e+02 1.640256643761900932e+02 1.683876479841046319e+02
1.393721003394320803e+02 1.639418329331898292e+02 1.682346055137014673e+02
1.393627949333554170e+02 1.638217733256064150e+02 1.681612881861081235e+02
1.393258547893037473e+02 1.636729033860418951e+02 1.680711648315257776e+02
1.393223942379335938e+02 1.635664872919943775e+02 1.680605844854706561e+02
1.393295305902806547e+02 1.635042470403179209e+02 1.680174186604851343e+02
1.394994287606589864e+02 1.634047189336865529e+02 1.680858845930954431e+02
1.395684079807931255e+02 1.633712724563291658e+02 1.680945939233380386e+02
1.395942213759417143e+02 1.634372878549548886e+02 1.682309462703866245e+02
1.396935673482904292e+02 1.634991141650799022e+02 1.683456577531252663e+02
1.399211689709412951e+02 1.636504511962910726e+02 1.682868780528189347e+02
1.400798576041063086e+02 1.637908270552198076e+02 1.683853299114165054e+02
1.402431492673234459e+02 1.638487788724232246e+02 1.684895769517344206e+02
1.403737561056378809e+02 1.639716367248944380e+02 1.685952810663134471e+02
1.405996688467588456e+02 1.641252918287937632e+02 1.686986339928802181e+02
1.408925904462289793e+02 1.642702541601125859e+02 1.687512045699147336e+02
1.409530921433893411e+02 1.643391009189502370e+02 1.687915059193641980e+02
1.410932361950492577e+02 1.644027485719016397e+02 1.688470072025830007e+02
1.411213842205480660e+02 1.644508651378425270e+02 1.689087341667356554e+02
1.411123437370643217e+02 1.644978392251014156e+02 1.689516847421144234e+02
1.410525043463862858e+02 1.645389353423296654e+02 1.690216574219720087e+02
1.409272621905786878e+02 1.646165411043960489e+02 1.691182217070949605e+02
1.409486050169716123e+02 1.646807351601953826e+02 1.691236360625879627e+02
1.409382730358473452e+02 1.646921433893534186e+02 1.691121119297955033e+02
1.408627700968623344e+02 1.647732097027899556e+02 1.691421475287689304e+02
1.406875072439771373e+02 1.648250517426939439e+02 1.690537130557165426e+02
1.406500538124016941e+02 1.647677622319728528e+02 1.689894362116069146e+02
1.406637966719099211e+02 1.646744101332891717e+02 1.690038744929215966e+02
1.405663051577117244e+02 1.645923503601291600e+02 1.688937660402351071e+02
1.404965642851229290e+02 1.644602367745674201e+02 1.688453183210530710e+02
1.405110853547479053e+02 1.643706598228330051e+02 1.687623809918039512e+02
1.405418329331898235e+02 1.642322046527030466e+02 1.688234290918122440e+02
1.405720175511217747e+02 1.641341005050086892e+02 1.687665866379667250e+02
1.405878632337114027e+02 1.640418908850070352e+02 1.685779120788144780e+02
1.406076827551949577e+02 1.639680271545657888e+02 1.686629687888070066e+02
1.406523387697657199e+02 1.639275271131716067e+02 1.687294478019703661e+02
1.406150343571487724e+02 1.638709164665949061e+02 1.688286447553605569e+02
1.406223694014405226e+02 1.638363771835416856e+02 1.687778292905041724e+02
1.406757347462538235e+02 1.638127825151088643e+02 1.686770428015564107e+02
1.406546568424538464e+02 1.638692607003891055e+02 1.686784502028313568e+02
1.404919281397466762e+02 1.639109860087755521e+02 1.686108618263101278e+02
1.405093302425697459e+02 1.639902475370477646e+02 1.685510389932941564e+02
1.405143637718354057e+02 1.640555840715290969e+02 1.684761321301432133e+02
1.405460220216905327e+02 1.641529431244308341e+02 1.685063001904130999e+02
1.405609570328669520e+02 1.642266247205894558e+02 1.687534067389684651e+02
1.405526119711896627e+02 1.642668267240665614e+02 1.689035847338355723e+02
1.406134779369153023e+02 1.643246129646493898e+02 1.691039986753870323e+02
1.406568424538455133e+02 1.644487291994370537e+02 1.691559731765874517e+02
1.406439605927643015e+02 1.645376438446891427e+02 1.692647901316334185e+02
1.405789717691861824e+02 1.646160443745343116e+02 1.691779783094627021e+02
1.404983525126252175e+02 1.647749151419819498e+02 1.690070866793608673e+02
1.404541104396059268e+02 1.648437287854955002e+02 1.690650384965642843e+02
1.403255733090487638e+02 1.648788475867207524e+02 1.690539945359715261e+02
1.402717940226839914e+02 1.649211689709412951e+02 1.690137925324944206e+02
1.401334381985263633e+02 1.649342164086430955e+02 1.689736567596655448e+02
1.400452852057289590e+02 1.648710323702293294e+02 1.689752131798989865e+02
1.399562215415183459e+02 1.646949416342412462e+02 1.688939647321798248e+02
1.398387780445401063e+02 1.644670254160112677e+02 1.687995695007864754e+02
1.396801390843612865e+02 1.642879874161768328e+02 1.686215580759996726e+02
1.396988161271628428e+02 1.641198443579766604e+02 1.684869442834671815e+02
1.396467091646659355e+02 1.639430250848580215e+02 1.683318486629687811e+02
1.396365924331484507e+02 1.638222700554681808e+02 1.681387697657090712e+02
1.395855286033612117e+02 1.636975577448464207e+02 1.680942958854209905e+02
1.395494494577365572e+02 1.636261114330656596e+02 1.680623230399867509e+02
1.394802053150095276e+02 1.635332229489196152e+02 1.681173275933438163e+02
1.394701382564781795e+02 1.635454093881944004e+02 1.681500455335706476e+02
1.394850567099925627e+02 1.635846344896100675e+02 1.682115903634406777e+02
1.395664707343323130e+02 1.636500206970775650e+02 1.683303584733835692e+02
1.394852388442751874e+02 1.636691447967546935e+02 1.683751303915886979e+02
1.393445152744432392e+02 1.636560808013908570e+02 1.683582581339514945e+02
1.392212103650964536e+02 1.636034439937080833e+02 1.683537710075337372e+02
1.391351270800562929e+02 1.635573971355244680e+02 1.683007699312857142e+02
1.389501283218809533e+02 1.634463945690868343e+02 1.683474128653034256e+02
1.388575378756519569e+02 1.634926897922013325e+02 1.682196870601871126e+02
1.387084692441427194e+02 1.634863482076330854e+02 1.679616027816872190e+02
1.385967215829124939e+02 1.635165659408891372e+02 1.677695835747992419e+02
1.384462124348042096e+02 1.635184203990396554e+02 1.676363937412037330e+02
1.383938571073764479e+02 1.635528272207964164e+02 1.676870270717774645e+02
1.383783922510141622e+02 1.636754698236609045e+02 1.676938157132212837e+02
1.383778458481662312e+02 1.638349035516185097e+02 1.678302674062422284e+02
1.386174848911333584e+02 1.638926070038910439e+02 1.679457902144217201e+02
1.388584485470651657e+02 1.639883268482490166e+02 1.681033363689047064e+02
1.390372381819687178e+02 1.639911747661230095e+02 1.682309628280486891e+02
1.391202582995281034e+02 1.639878963490355090e+02 1.683140822915804335e+02
1.389647321798162238e+02 1.639010182962165629e+02 1.681747826806854960e+02
1.387113337196787768e+02 1.638362447222452261e+02 1.680064906035267711e+02
1.387335375444987164e+02 1.637763887739051256e+02 1.679307061842867768e+02
1.387653116979882384e+02 1.636746088252338893e+02 1.679028396390429805e+02
1.388000331153241120e+02 1.636123685735574043e+02 1.679242155807600057e+02
1.389467174434969650e+02 1.635554267737395548e+02 1.678550873416673426e+02
1.390662140905704121e+02 1.635007202582995376e+02 1.678379832767613209e+02
1.391625796837486462e+02 1.634763804950740962e+02 1.679111019124099755e+02
1.392157960096034515e+02 1.634887159533074055e+02 1.679876976570908198e+02
1.392226674393575649e+02 1.635576951734415161e+02 1.680743107873168185e+02
1.392502856196705068e+02 1.636297044457322727e+02 1.680474542594585614e+02
1.392585478930375018e+02 1.636569749151419728e+02 1.680518089245798592e+02
1.392970444573226132e+02 1.637188508982531800e+02 1.681642188922924106e+02
1.391731103568176309e+02 1.637741866048513941e+02 1.681966222369401578e+02
1.392550873416673483e+02 1.637957281231890079e+02 1.682329331898336022e+02
1.393449292159947106e+02 1.638177663713883589e+02 1.683027071777464982e+02
1.393923834754532720e+02 1.638885338190247580e+02 1.683444656014570739e+02
1.394611308883185643e+02 1.639425117973342196e+02 1.684202334630350322e+02
1.394820928884841464e+02 1.640481496812650164e+02 1.685852140077820991e+02
1.395531252587134645e+02 1.642007450947926088e+02 1.686781687225763733e+02
1.395430747578441810e+02 1.643483897673648357e+02 1.687681927311863603e+02
1.394543919198609103e+02 1.644917791207881521e+02 1.688118387283715549e+02
1.394597234870436182e+02 1.646220216905373093e+02 1.688784667604934100e+02
1.394438778044540186e+02 1.647302260120870869e+02 1.689465684245384693e+02
1.394732510969451198e+02 1.648278831029058722e+02 1.690567431078731602e+02
1.396168060269889963e+02 1.649076248033777574e+02 1.690867787068465873e+02
1.396749068631509090e+02 1.649122112757678735e+02 1.691817700140740044e+02
1.396944117890553798e+02 1.648161437205066591e+02 1.691823329745839999e+02
1.397176256312608587e+02 1.647342660816292721e+02 1.691542180644092923e+02
1.398006126334961436e+02 1.645933934928387998e+02 1.690609984270220991e+02
1.398570411457902196e+02 1.645068300355989663e+02 1.690940144051659786e+02
1.399063664210613354e+02 1.644021359384055074e+02 1.690926070038910609e+02
1.399054060766619614e+02 1.643272290752545643e+02 1.689754449871678048e+02
1.399988575213180013e+02 1.642122526699230036e+02 1.690196208295388658e+02
1.400182134282639197e+02 1.641782929050418147e+02 1.690544415928470983e+02
1.402079642354499640e+02 1.640685818362447321e+02 1.690672903386041810e+02
1.403641029886580043e+02 1.641128073516019583e+02 1.691422965477274545e+02
1.405336534481331228e+02 1.641149432900074601e+02 1.691053729613378493e+02
1.406582167397963303e+02 1.641898335954963102e+02 1.692168556999751559e+02
1.407972845434224780e+02 1.642532328835168585e+02 1.692542263432403331e+02
1.405427601622650968e+02 1.643532411623478708e+02 1.693610232635151931e+02
1.404671413196456626e+02 1.644394900240086201e+02 1.693597152082126058e+02
1.402670750889974443e+02 1.645657421972017573e+02 1.693273118635648586e+02
1.402195214835665240e+02 1.645983939067803590e+02 1.693753953141816453e+02
1.401406738968457546e+02 1.646458812815630495e+02 1.693847007202583086e+02
1.403038496564285253e+02 1.646566934348869893e+02 1.694021359384055074e+02
1.405398128984187451e+02 1.646844606341584552e+02 1.695107376438446920e+02
1.406325523636062655e+02 1.647527609901482037e+02 1.696032784170874947e+02
1.406875072439771373e+02 1.647911913237850854e+02 1.695586224025167610e+02
1.407088997433562270e+02 1.648507989071943030e+02 1.696217402102822973e+02
1.408313105389518967e+02 1.649649971024091428e+02 1.695956618925407611e+02
1.408781521649143258e+02 1.651554267737395492e+02 1.696305820018213524e+02
1.407969699478433654e+02 1.652839307889725831e+02 1.696715291000910781e+02
1.409072605348124796e+02 1.653245136186770310e+02 1.697268482490272277e+02
1.409530259127411114e+02 1.654183624472224494e+02 1.697559235036012808e+02
1.412928553688219324e+02 1.655332726219057804e+02 1.698873582250186303e+02
1.413343654276016252e+02 1.655619339349283905e+02 1.700139746667770453e+02
1.414577696829207696e+02 1.655238347545326576e+02 1.699763391009189490e+02
1.414960344399370911e+02 1.652942296547727494e+02 1.698510803874492865e+02
1.415091646659491573e+02 1.650898749896514630e+02 1.696742942296547767e+02
1.413053729613378664e+02 1.649587383061511616e+02 1.695738554516102283e+02
1.411487540359301249e+02 1.647820846096531113e+02 1.694464442420730279e+02
1.410259955294312419e+02 1.646829042139249850e+02 1.692978557827634631e+02
1.410036758009769073e+02 1.645851808924579984e+02 1.692950740955377000e+02
1.408838480006623115e+02 1.644687308552032334e+02 1.692174021028230868e+02
1.408917625631260933e+02 1.643465353092143459e+02 1.691359052901730138e+02
1.409170461130888441e+02 1.642649888235781077e+02 1.691577117311035749e+02
1.409590694593923388e+02 1.642937660402351128e+02 1.691144631178077589e+02
1.410573888566934215e+02 1.643087672820597618e+02 1.691131053895190064e+02
1.410269558738306159e+02 1.643698319397301191e+02 1.691558903882771858e+02
1.408209288848414644e+02 1.644350856859011571e+02 1.692114744598062828e+02
1.407448133123602929e+02 1.645575461544829921e+02 1.693580594420067769e+02
1.407020945442503432e+02 1.645794684990479482e+02 1.693728288765626360e+02
1.406402682341253296e+02 1.646360625879625843e+02 1.694357479923834831e+02
1.406095868863316412e+02 1.647510224356320805e+02 1.694339432072191300e+02
1.407183376107293782e+02 1.648053977978309490e+02 1.694764963987084911e+02
1.410024008609984207e+02 1.648954880370891658e+02 1.694882854540938695e+02
1.410814636973259439e+02 1.649534895272787480e+02 1.695187349946187680e+02
1.411960592764301623e+02 1.650249027237354085e+02 1.696382978723404165e+02
1.413200761652454673e+02 1.651530259127411284e+02 1.697374782680685428e+02
1.413654607169467567e+02 1.652855699975163475e+02 1.699377100753373497e+02
1.414802549879956928e+02 1.653999668846758766e+02 1.702036095703286662e+02
1.415423462207136254e+02 1.654615117145459067e+02 1.702878549548803733e+02
1.416173524298368989e+02 1.654522394237933725e+02 1.702884510307144694e+02
1.415871181389187825e+02 1.655260865965725543e+02 1.703730606838314543e+02
1.413003559897342427e+02 1.656374368739134013e+02 1.703871843695670236e+02
1.410687805281894214e+02 1.656370229323619583e+02 1.704282804867952734e+02
1.409236526202500102e+02 1.655470320390760719e+02 1.704493252752711214e+02
1.407404089742528299e+02 1.654164417584237015e+02 1.703040317907111501e+02
1.405519165493832361e+02 1.652135276099014902e+02 1.700701382564781738e+02
1.406432817286199111e+02 1.650297044457322500e+02 1.698749896514612203e+02
1.408289427932775766e+02 1.648313602119380619e+02 1.696642934017716584e+02
1.408449209371636641e+02 1.646829538869111786e+02 1.695185363026740504e+02
1.408260120870932894e+02 1.645477440185445914e+02 1.693771338686977401e+02
1.407593343819852691e+02 1.643746005464028599e+02 1.691996522890967753e+02
1.406393078897259841e+02 1.642146535309214244e+02 1.690663465518668716e+02
1.406007616524546791e+02 1.641196787813560718e+02 1.688788475867207524e+02
1.405153737892209733e+02 1.640343571487705958e+02 1.689339680437122411e+02
1.405036840798079254e+02 1.640222369401440403e+02 1.689868863316499699e+02
1.404879874161768498e+02 1.640472058945276785e+02 1.689544995446642872e+02
1.405207384717277819e+02 1.640512790793939928e+02 1.689207550293898521e+02
1.406761652454673310e+02 1.641178243232055536e+02 1.689572646742279858e+02
1.407807434390264234e+02 1.641284874575709978e+02 1.689738885669343347e+02
1.408485801804785069e+02 1.641708253994536051e+02 1.689911582084609734e+02
1.408460137428594976e+02 1.641218312774236381e+02 1.690158125672654990e+02
1.406977398791290739e+02 1.641990065402765140e+02 1.690384137759748455e+02
1.405654607169467738e+02 1.642107293650136626e+02 1.689009023925821680e+02
1.404285288517261279e+02 1.641817865717360689e+02 1.688913320639125857e+02
1.402891961255070896e+02 1.641423296630515836e+02 1.687906118056130538e+02
1.402490934680023145e+02 1.641051742693931601e+02 1.686923255236360717e+02
1.401527278748240803e+02 1.640897425283550035e+02 1.685651295637055966e+02
1.398979385710737517e+02 1.640333140160609275e+02 1.684844275188343374e+02
1.397302591274112160e+02 1.640177001407401178e+02 1.684600380826227308e+02
1.396081960427187596e+02 1.641414189916383748e+02 1.684375858928719367e+02
1.396105306730689506e+02 1.641461048100008213e+02 1.685508237436874026e+02
1.395310207798658837e+02 1.642384137759748342e+02 1.685970527361536426e+02
1.394332477854127035e+02 1.642218726715787795e+02 1.685758423710572060e+02
1.393548306979054416e+02 1.641281894196539497e+02 1.685347462538289562e+02
1.392785329911416454e+02 1.639061014984684164e+02 1.684651378425366204e+02
1.392466594916797646e+02 1.638005960758340791e+02 1.683135524463945671e+02
1.393544333140160632e+02 1.636666280321218778e+02 1.683152910009106620e+02
1.393099925490520832e+02 1.635084361288186017e+02 1.682336948422882585e+02
1.392830366752214672e+02 1.634504843116152131e+02 1.682395562546568328e+02
1.393801308055302570e+02 1.632812318900571142e+02 1.682453845517013065e+02
1.393043298286281981e+02 1.632565278582664234e+02 1.682778706846593195e+02
1.392790131633413466e+02 1.632741286530341824e+02 1.681469823660899010e+02
1.392994287606589978e+02 1.633099759913900186e+02 1.680429174600546389e+02
1.392883848000662397e+02 1.634422717112343832e+02 1.679941551452934902e+02
1.393501448795429951e+02 1.635586886331649907e+02 1.680507492342081264e+02
1.394147694345558364e+02 1.636798079311201377e+02 1.681606424372878621e+02
1.393593012666611344e+02 1.637512376852388343e+02 1.682140574550873282e+02
1.392032287441013239e+02 1.638248530507492262e+02 1.682305820018213467e+02
1.391490189585230439e+02 1.639141319645665931e+02 1.682741617683583115e+02
1.391111350277340932e+02 1.639658581008361580e+02 1.682999254905207351e+02
1.392658663796671874e+02 1.640942627700968615e+02 1.684437950161437243e+02
1.394060766619753338e+02 1.641395645334878850e+02 1.685296299362530021e+02
1.394632668267240660e+02 1.641895686729033912e+02 1.686699726798576080e+02
1.397027568507326691e+02 1.642948422882689101e+02 1.688005795181720430e+02
1.398587300273201492e+02 1.643471313850484421e+02 1.689987416176835779e+02
1.398953390181306418e+02 1.643698981703783488e+02 1.690588956039407265e+02
1.398684824902723847e+02 1.644767613213014386e+02 1.688447719182051401e+02
1.399050418080966836e+02 1.646064740458647293e+02 1.688103982117725081e+02
1.400526036923586446e+02 1.648043712227833453e+02 1.688968954383641119e+02
1.401284708999089332e+02 1.649119297955128616e+02 1.690386290255815993e+02
1.402011093633578867e+02 1.648575047603278279e+02 1.689387366503849535e+02
1.403368656345724048e+02 1.647451444656014701e+02 1.690276347379750064e+02
1.402996936832519168e+02 1.646314430002483675e+02 1.690240748406324940e+02
1.403386373044126287e+02 1.645032204652703172e+02 1.690539779783094616e+02
1.404336451693020820e+02 1.644050335292656655e+02 1.690557993211358507e+02
1.404017054391919999e+02 1.644168391423131084e+02 1.690394569086844854e+02
1.404616607335044307e+02 1.643751303915886979e+02 1.690843447305240375e+02
1.405270138256478276e+02 1.643337527941054645e+02 1.692284460634158449e+02
1.405135193310704551e+02 1.643086679360874314e+02 1.692230648232469434e+02
1.405904296713304120e+02 1.643128735822501767e+02 1.693614372050666361e+02
1.406162430664790008e+02 1.643593343819852635e+02 1.694530176339100933e+02
1.406708999089328529e+02 1.644689461048099872e+02 1.693418660485139640e+02
1.406201837900488556e+02 1.645101912409967611e+02 1.692980710323702169e+02
1.406253828959351040e+02 1.646150012418246433e+02 1.692114082291580530e+02
1.406588956039407208e+02 1.646734166735656970e+02 1.691326931037337431e+02
1.407132047354913595e+02 1.646818941965394458e+02 1.691109363357893756e+02
1.409005546816789547e+02 1.646582332974583949e+02 1.691543339680437157e+02
1.410426856527858206e+02 1.646941799817865615e+02 1.691099925490520661e+02
1.412084444076496368e+02 1.647452603692358650e+02 1.691581919033032477e+02
1.413155890388277101e+02 1.647643182382647637e+02 1.692313602119380676e+02
1.413745012004305011e+02 1.648362778375693267e+02 1.693318321053067166e+02
1.411591522477026217e+02 1.648212434804205770e+02 1.694346220713635205e+02
1.409919198609156297e+02 1.648703203907608383e+02 1.694219389022269979e+02
1.409563043298286402e+02 1.649965725639539755e+02 1.694418246543588111e+02
1.407893203079725026e+02 1.650784005298451973e+02 1.694462124348042096e+02
1.408659822833016051e+02 1.651802301515025988e+02 1.695905621326268715e+02
1.409384717277920345e+02 1.653181554764467194e+02 1.697695173441510121e+02
1.409727957612385012e+02 1.654548389767364824e+02 1.699129894858845944e+02
1.410193559069459468e+02 1.654495405248778752e+02 1.698856031128404709e+02
1.408885007037006289e+02 1.653233876976570969e+02 1.699004553357065959e+02
1.408873085520324651e+02 1.651709413030880000e+02 1.698484311615199829e+02
1.410172530838645457e+02 1.650481662389270525e+02 1.697186853216325915e+02
1.410347214173358736e+02 1.649239506581670582e+02 1.696818114082291515e+02
1.410834671744349578e+02 1.647671992714628573e+02 1.695180892457985067e+02
1.410554847255567381e+02 1.647033694842288298e+02 1.693782101167315091e+02
1.411230565444159311e+02 1.646427849987581737e+02 1.694734332312277445e+02
1.410256643761900932e+02 1.645648646411126776e+02 1.694577696829207696e+02
1.408668929547147854e+02 1.645569666363109604e+02 1.694309959433728068e+02
1.408425035185031788e+02 1.645850318734994744e+02 1.694885338190247523e+02
1.409338686977398822e+02 1.646355989734249476e+02 1.695911913237850683e+02
1.408672241079559626e+02 1.647120788144713970e+02 1.696148191075420186e+02
1.407935590694594055e+02 1.647434224687474114e+02 1.696132792449706130e+02
1.407380743439026389e+02 1.647466843281728757e+02 1.696536302674062426e+02
1.406011259210199569e+02 1.647455749648149776e+02 1.696872257637221537e+02
1.405856445069956067e+02 1.647703949002400918e+02 1.696548555343985356e+02
1.406159119132378521e+02 1.647833098766454043e+02 1.696366089908104868e+02
1.407969202748572002e+02 1.648350856859011628e+02 1.697314512790793799e+02
1.409781107707591730e+02 1.649058034605513683e+02 1.697218643927477331e+02
1.410788144713966403e+02 1.649269475949995751e+02 1.697628611640036524e+02
1.412003477109032303e+02 1.650447056875569274e+02 1.698374699892375190e+02
1.412906366421061364e+02 1.651086513784253782e+02 1.699130888318569532e+02
1.411345144465601322e+02 1.651596655352264236e+02 1.698551535723156007e+02
1.409958605844854844e+02 1.652640781521649274e+02 1.698017716698402069e+02
1.409444987167811973e+02 1.652642934017716811e+02 1.696801390843612865e+02
1.408575875486381221e+02 1.652955377100753367e+02 1.697958274691613667e+02
1.407535392002649246e+02 1.653975329083533268e+02 1.698495405248778809e+02
1.407460385793525859e+02 1.654210613461379182e+02 1.698079311201258292e+02
1.406005132875237962e+02 1.653963076413610338e+02 1.696803543339680402e+02
1.405433893534232936e+02 1.653317327593343862e+02 1.695130557165328185e+02
1.405264839804619612e+02 1.652149184535143718e+02 1.693637883930788917e+02
1.404677208378176942e+02 1.650522228661313022e+02 1.692242900902392648e+02
1.404337279576123763e+02 1.649301763391009104e+02 1.692484146038579240e+02
1.404710158125672592e+02 1.647671164831525914e+02 1.692641443828131571e+02
1.405285868035433339e+02 1.646307475784419125e+02 1.692304495405248872e+02
1.404767944366255392e+02 1.645181885917708371e+02 1.691842867787068485e+02
1.404910009106714028e+02 1.644516433479592763e+02 1.692012418246543461e+02
1.404215580759996556e+02 1.643879294643596438e+02 1.690871595330739297e+02
1.403928305323288441e+02 1.643808593426608127e+02 1.690138918784667510e+02
1.403819521483566461e+02 1.644460468581836210e+02 1.690136103982117675e+02
1.403038165411043963e+02 1.644603030052156498e+02 1.689430250848580215e+02
1.403001407401274889e+02 1.645327593343819785e+02 1.690570411457902082e+02
1.401257554433313999e+02 1.645570328669591902e+02 1.690253166652868515e+02
1.401141816375527753e+02 1.645605265336534444e+02 1.690761321301432361e+02
1.400433314016060820e+02 1.645450947926152878e+02 1.690330656511300731e+02
1.400247537047768844e+02 1.645823495322460417e+02 1.691348621574633739e+02
1.400299693683251974e+02 1.645629273946518651e+02 1.690839473466346590e+02
1.400589121616027910e+02 1.646184286778706962e+02 1.690864972265916037e+02
1.401787896349035520e+02 1.646565444159284652e+02 1.690375858928719310e+02
1.401974666777051084e+02 1.647145293484560113e+02 1.690303336368904752e+02
1.402270552198029634e+02 1.648042884344730510e+02 1.690994618759831098e+02
1.402718602533322212e+02 1.648553522642602900e+02 1.692500703700637530e+02
1.404473052405000431e+02 1.649230068714297488e+02 1.692600049672986131e+02
1.404806192565609706e+02 1.650308634820763416e+02 1.693656097359052808e+02
1.406228495736401953e+02 1.651491514198195318e+02 1.694925076579187078e+02
1.407588045367994027e+02 1.652962000165576626e+02 1.696682341253415132e+02
1.408180478516433425e+02 1.653709081877638880e+02 1.696990644920937257e+02
1.408678532991141594e+02 1.653432072191406519e+02 1.696869111681430695e+02
1.408186936004636038e+02 1.652837155393658293e+02 1.695253249441178980e+02
1.409187515522808098e+02 1.652103816541104493e+02 1.696133289179567782e+02
1.409470485967381421e+02 1.650840135772828887e+02 1.695260865965725543e+02
1.409966884675883705e+02 1.650374534315754715e+02 1.694681016640450366e+02
1.409731765874658436e+02 1.649384717277920345e+02 1.695746336617269776e+02
1.409446974087258866e+02 1.649101912409967667e+02 1.696727212517592420e+02
1.409946518751552276e+02 1.649413362033280919e+02 1.696423710572067307e+02
1.410132295719844251e+02 1.649506416094047552e+02 1.696506167729116612e+02
1.409665700803046491e+02 1.649908270552197962e+02 1.697498302839639166e+02
1.409983607914562356e+02 1.651161354416756240e+02 1.697630101829621765e+02
1.410592929878301049e+02 1.651679278085934186e+02 1.698992797417004681e+02
1.411340342743604594e+02 1.652356486464111356e+02 1.699370643265170884e+02
1.411635897011342138e+02 1.653251096945111271e+02 1.699495984766950869e+02
1.412439440351022313e+02 1.653494660153986331e+02 1.699754781024919339e+02
1.411510555509562153e+02 1.654551038993294014e+02 1.700836658663796754e+02
1.410273698153820590e+02 1.655179071115158536e+02 1.701340011590363304e+02
1.410466594916797760e+02 1.655535226426028714e+02 1.702422385959102655e+02
1.409749151419819384e+02 1.656232138422054732e+02 1.702784833181554802e+02
1.409772332146700933e+02 1.656615613875320889e+02 1.702472224521897601e+02
1.410463945690868570e+02 1.657398294560807983e+02 1.703801308055302570e+02
1.408941799817865785e+02 1.658395065816706619e+02 1.703654772746088213e+02
1.409143306565113107e+02 1.659025747164500331e+02 1.702980710323702169e+02
1.408169384882854445e+02 1.659530755857273050e+02 1.704506995612219669e+02
1.407551784088086890e+02 1.659656925242155694e+02 1.703731103568176195e+02
1.408215580759996612e+02 1.660515440019869118e+02 1.704128653034191530e+02
1.409305571653282527e+02 1.660939812898418779e+02 1.704391423131053784e+02
1.410196373872009303e+02 1.661444159284708917e+02 1.704770593592184866e+02
1.410651212848745786e+02 1.662821591191323876e+02 1.705559566189254213e+02
1.411156055964897860e+02 1.663272125175925282e+02 1.705675304247040458e+02
1.411520821260038190e+02 1.662564119546320001e+02 1.705413196456660216e+02
1.411364848083450738e+02 1.660337113999503345e+02 1.704275685073267539e+02
1.410677042801556524e+02 1.658333305737230035e+02 1.703402765129563647e+02
1.409951982780031585e+02 1.656759168805364766e+02 1.702523718850898149e+02
1.410175842371057229e+02 1.655220962000165628e+02 1.701781273284212261e+02
1.409613213014322355e+02 1.653937908767282181e+02 1.701224604685818349e+02
1.410790793939895593e+02 1.652075502938984926e+02 1.701378922096199915e+02
1.410123520158953454e+02 1.651342826392913423e+02 1.701810083616193481e+02
1.410046361453762813e+02 1.650872257637221594e+02 1.702620084444076554e+02
1.409968374865468945e+02 1.651030052156635577e+02 1.702514612136766345e+02
1.411484891133372059e+02 1.651784915969865040e+02 1.702546568424538407e+02
1.412989982614454902e+02 1.652695918536302599e+02 1.704134779369153136e+02
1.414256809338521350e+02 1.653745177580925656e+02 1.704516433479592763e+02
1.416198195214835778e+02 1.653928139746667796e+02 1.704675883765212347e+02
1.416807020448712535e+02 1.654430333636890396e+02 1.705359880784833138e+02
1.414866793608742341e+02 1.654602533322294846e+02 1.705064492093716240e+02
1.413593674973093925e+02 1.655073267654607037e+02 1.704091398294560804e+02
1.412834175014488096e+02 1.655287523801639225e+02 1.703716698402185727e+02
1.412168225846510552e+02 1.654792284129480890e+02 1.703564367911251054e+02
1.411352098683665872e+02 1.654984021856113827e+02 1.703032370229323647e+02
1.411042304826558507e+02 1.655143968871595348e+02 1.702241410712807408e+02
1.410032949747495650e+02 1.655443000248365024e+02 1.700985677622319656e+02
1.409552943124430726e+02 1.654953390181306361e+02 1.700317907111515865e+02
1.408906035267820300e+02 1.654869773987912822e+02 1.700296547727460847e+02
1.408094378673731342e+02 1.654220879211855220e+02 1.699226260452024064e+02
1.406734663465518622e+02 1.654244059938736768e+02 1.699429588542097918e+02
1.406830532328835091e+02 1.654391919860915721e+02 1.699225763722162412e+02
1.407527113171620101e+02 1.654552694759499900e+02 1.700430333636890339e+02
1.404943786737312621e+02 1.654667936087424494e+02 1.699992217898832791e+02
1.404385462372713107e+02 1.653805613047437646e+02 1.700295554267737259e+02
1.406138918784667737e+02 1.652110439605927752e+02 1.698699064492093669e+02
1.405783260203659211e+02 1.650691116814305701e+02 1.697749979302922441e+02
1.406399039655600518e+02 1.649019620829539008e+02 1.696271214504511988e+02
1.405365179236691802e+02 1.647213179898998305e+02 1.694714131964566661e+02
1.404582498551204708e+02 1.645357728288765600e+02 1.692881695504594859e+02
1.403586224025167724e+02 1.643070618428677960e+02 1.691196622236940073e+02
1.403064657670336999e+02 1.640523387697656972e+02 1.689159036344068170e+02
1.402412451361867625e+02 1.638863482076330911e+02 1.687250103485387740e+02
1.401123106217402210e+02 1.638243728785495534e+02 1.686705853133537403e+02
1.400628197698484882e+02 1.637934597234870466e+02 1.686105637883930797e+02
1.398034936666942656e+02 1.637880288103319799e+02 1.685599635731434773e+02
1.395589204404338091e+02 1.638622899246626332e+02 1.686894279327758852e+02
1.393454921765046777e+02 1.639444159284709031e+02 1.686747909595165140e+02
1.392314926732345270e+02 1.639753290835334099e+02 1.687308386455832476e+02
1.392117062670751011e+02 1.640356155310870179e+02 1.686981703783425814e+02
1.391676297706763705e+02 1.639984932527527235e+02 1.687532742776720056e+02
1.391535888732510955e+02 1.640248199354251142e+02 1.687252918287937860e+02
1.390445732262604395e+02 1.640010762480337689e+02 1.686490603526781911e+02
1.390245550128321952e+02 1.639422468747413006e+02 1.685489361702127553e+02
1.389650136600712074e+02 1.638553522642602900e+02 1.684983028396390523e+02
1.389600463614537489e+02 1.637708253994535994e+02 1.683192813974666819e+02
1.389580428843447351e+02 1.637250434638629031e+02 1.681550790628363359e+02
1.389232221210365026e+02 1.636930043877804337e+02 1.680906863150923130e+02
1.389448961006705758e+02 1.636932858680354457e+02 1.680501697160360948e+02
1.390312111929795549e+02 1.637383392664955579e+02 1.679981952148356754e+02
1.390348207633082325e+02 1.637906945939233481e+02 1.680612799072770827e+02
1.391914562463780101e+02 1.638436294395231414e+02 1.681684079807931198e+02
1.392659491679774817e+02 1.638905372961337719e+02 1.681756105637883820e+02
1.393370312111929934e+02 1.638638960178822686e+02 1.681901978640615880e+02
1.393813395148605139e+02 1.637543174103816455e+02 1.681228744101332779e+02
1.392287606589949576e+02 1.637026078317741451e+02 1.680994784336451744e+02
1.392036923586389605e+02 1.637428429505753797e+02 1.682297541187184322e+02
1.391384386124679224e+02 1.636928056958357445e+02 1.682282473714711557e+02
1.391319314512790868e+02 1.636635483069790666e+02 1.681996854044209044e+02
1.391303419157214876e+02 1.635438695256229948e+02 1.681436873913403360e+02
1.392027154565775220e+02 1.634421558075999599e+02 1.681770510803874572e+02
1.393018130639953540e+02 1.634391754284295075e+02 1.682532659988409591e+02
1.393681761735242901e+02 1.634479841046444335e+02 1.683139001572977804e+02
1.395702127659574501e+02 1.635105389519000028e+02 1.683850981041476871e+02
1.396229654772746187e+02 1.635261031542346188e+02 1.684872257637221651e+02
1.396354333968043591e+02 1.635864889477605857e+02 1.685544995446642815e+02
1.397321301432237703e+02 1.637035350608494184e+02 1.685608576868946216e+02
1.396982862819769764e+02 1.637433893534233107e+02 1.685738720092722929e+02
1.397851477771338580e+02 1.638342909181223490e+02 1.686938488285454127e+02
1.398560808013908456e+02 1.639602284957364020e+02 1.688066396224853065e+02
1.399334216408643101e+02 1.640425697491514256e+02 1.689155724811656683e+02
1.400609156387118048e+02 1.641532080470237531e+02 1.690331649971024035e+02
1.401927974170047264e+02 1.642467753953141880e+02 1.692185611391671500e+02
1.403246957529596841e+02 1.643419819521483589e+02 1.692445566685983920e+02
1.404234125341501738e+02 1.644487788724232189e+02 1.693683417501448787e+02
1.401825316665286891e+02 1.646596572563954055e+02 1.692812153323950781e+02
1.400640781521649103e+02 1.647759582746916180e+02 1.692570080304660962e+02
1.399556254656842498e+02 1.649301763391009104e+02 1.692386952562298177e+02
1.400119049590197733e+02 1.650750889974335678e+02 1.693335541021607753e+02
1.400641278251510755e+02 1.651807765543505298e+02 1.694324364599718535e+02
1.403050749234208183e+02 1.651887242321384122e+02 1.695202251842039800e+02
1.406372712972928127e+02 1.651431741038165342e+02 1.695878963490355034e+02
