1.360802730364727893e+02 1.590480321625052795e+02 1.674153618281845013e+02
1.360300073666556955e+02 1.589992084763561593e+02 1.673664440996222709e+02
1.361633673453394238e+02 1.591245748499239880e+02 1.674962618140781387e+02
1.361946991426466695e+02 1.591685710255325148e+02 1.674969044372345195e+02
1.361537593454648061e+02 1.593146815880628822e+02 1.673402924719048315e+02
1.360056582185232230e+02 1.594855880001880735e+02 1.670629457218538789e+02
1.357351530540273643e+02 1.596043087098948376e+02 1.664569285747872414e+02
1.354208084512781909e+02 1.595841131016755128e+02 1.660244980486199324e+02
1.350173508252221666e+02 1.595587059763953448e+02 1.656691117694080049e+02
1.347484208711462088e+02 1.595004780489333882e+02 1.653319697183429753e+02
1.345869813952759273e+02 1.593746963213742731e+02 1.651721446372313835e+02
1.345081268318678269e+02 1.592925972947132607e+02 1.650392470337455393e+02
1.345029309885424880e+02 1.591869641541668727e+02 1.649872180686822958e+02
1.344310982586479781e+02 1.591420118806915127e+02 1.648046974185357669e+02
1.344284885816836663e+02 1.591458911302330819e+02 1.647364774846789146e+02
1.344580414100092582e+02 1.592199416937038734e+02 1.647341499349539902e+02
1.344861130703280594e+02 1.592993134903841508e+02 1.648369539662387808e+02
1.347110155013244253e+02 1.593047209291390516e+02 1.649887227472923712e+02
1.347841804987382659e+02 1.593166329681353091e+02 1.650701634770614987e+02
1.348443598062726210e+02 1.593677528565382886e+02 1.651222551370668157e+02
1.349766226234698649e+02 1.594217096910706744e+02 1.652168696415416775e+02
1.350521230074763821e+02 1.594425871067851688e+02 1.652008040626322440e+02
1.351195200702183286e+02 1.594696243005595591e+02 1.653393598846413113e+02
1.352341969561605595e+02 1.595096001630068372e+02 1.654700239808153412e+02
1.352958339210984207e+02 1.596004999921631224e+02 1.655763937869312485e+02
1.353481528502688036e+02 1.596730066926850782e+02 1.655921615648657621e+02
1.354007068854720046e+02 1.597473942414695784e+02 1.657035077820096944e+02
1.353589677277785484e+02 1.598674550555633971e+02 1.657220654848670165e+02
1.354102600272723009e+02 1.599266155702888739e+02 1.657374649300167846e+02
1.353714753687246173e+02 1.599801648876976969e+02 1.657565790504851009e+02
1.353657074340527515e+02 1.600649127756618100e+02 1.657531308286704075e+02
1.353117584363881463e+02 1.600556966191752508e+02 1.657372376608517186e+02
1.350562687105217776e+02 1.599634958699706999e+02 1.656200216297550298e+02
1.348025266061660545e+02 1.598138273694769680e+02 1.654896318239526067e+02
1.345842306546919360e+02 1.595901710004545464e+02 1.653312722371122732e+02
1.344135123273929935e+02 1.593795159950470861e+02 1.651748797040798706e+02
1.342616808513973012e+02 1.591871052177865522e+02 1.650564646322158069e+02
1.343307550038400677e+02 1.589675475306029568e+02 1.649141627874171263e+02
1.343246814313255300e+02 1.587573549003934090e+02 1.647325120295920158e+02
1.342811633046503914e+02 1.586131643704644034e+02 1.645026018400965597e+02
1.342425745677967370e+02 1.584509725552890984e+02 1.643984968887635034e+02
1.342427548157552337e+02 1.583879406278898330e+02 1.643119386843466430e+02
1.341821444804940313e+02 1.584117020109402745e+02 1.642859046096456268e+02
1.341591275998808896e+02 1.584645616839861475e+02 1.643491246218711410e+02
1.341586730615507577e+02 1.585251720192473499e+02 1.644337157724800420e+02
1.341622936944561957e+02 1.585597482798075362e+02 1.644558314133007286e+02
1.342203335370919035e+02 1.586416435479067673e+02 1.645333066879829573e+02
1.342671901694330927e+02 1.586937038604410475e+02 1.645518565539724989e+02
1.342155217002868426e+02 1.587204354163727942e+02 1.645624441623172061e+02
1.342822996504756929e+02 1.587397689691384244e+02 1.646914154950549403e+02
1.343012805441921103e+02 1.588035453989749328e+02 1.646892054983464106e+02
1.342454585351326841e+02 1.588373928308333802e+02 1.646725678280904788e+02
1.342490948417736263e+02 1.588236156173100824e+02 1.646474271563141656e+02
1.342662183978307553e+02 1.587949561919092218e+02 1.645737684362314042e+02
1.342570414256829849e+02 1.588050579144527603e+02 1.644756273412642429e+02
1.342278804407454516e+02 1.587801758593125498e+02 1.643992570649362790e+02
1.341838999388724289e+02 1.587780755787526914e+02 1.644096017303803876e+02
1.338756445823733259e+02 1.587892352784439254e+02 1.644489271328035613e+02
1.336543549474146175e+02 1.587972837416341463e+02 1.644036848952210903e+02
1.334210200467077243e+02 1.587063917493456131e+02 1.643574630491685014e+02
1.332961160483378080e+02 1.583967727778561425e+02 1.641536261187128787e+02
1.332536402250748324e+02 1.583105358850174866e+02 1.640444115295998415e+02
1.335248898920079625e+02 1.582116816350840907e+02 1.640420918167426976e+02
1.338165545994576746e+02 1.580954217018542067e+02 1.640540116926067071e+02
1.339486998636384953e+02 1.580133696963997352e+02 1.640477421983981401e+02
1.340570210498268011e+02 1.579108791398253970e+02 1.639952351844015084e+02
1.340522562342283095e+02 1.579037632638986963e+02 1.639757057099418489e+02
1.340504772652466272e+02 1.578308882305919951e+02 1.639811053118289692e+02
1.340543408410526354e+02 1.578590931176627237e+02 1.639937148320559288e+02
1.341271766900205193e+02 1.579147035312926164e+02 1.640331342768922127e+02
1.342170420526323937e+02 1.579188962555445812e+02 1.640785802730364651e+02
1.341856005391765052e+02 1.579448833090390565e+02 1.641452876914154899e+02
1.341801068948762463e+02 1.580360025704926272e+02 1.640831805144119926e+02
1.341192771273177584e+02 1.581429444679550613e+02 1.640223507468535047e+02
1.340850221783357767e+02 1.582058510054701230e+02 1.640649597968683793e+02
1.340976316985627079e+02 1.582782871741822248e+02 1.641216438613814717e+02
1.341871914233319103e+02 1.583985360731022922e+02 1.642398238272127458e+02
1.340370997319791115e+02 1.585350072882870052e+02 1.643245873889123914e+02
1.339418739518189341e+02 1.585992147458503894e+02 1.644196094105108159e+02
1.339112944938167118e+02 1.587175984702434164e+02 1.644400949828372518e+02
1.339674221407188099e+02 1.588199166157270383e+02 1.645154072820175202e+02
1.339688327769157183e+02 1.589157928559113486e+02 1.645658767103963953e+02
1.340894264980172750e+02 1.590030328678233786e+02 1.645733374085045568e+02
1.341962194949922491e+02 1.591189793263428385e+02 1.646154919201893279e+02
1.343136314477829387e+02 1.591574113258412808e+02 1.646259776492531444e+02
1.343534270622717486e+02 1.591004059497500123e+02 1.646094418582780747e+02
1.344046174824846105e+02 1.590131816115734864e+02 1.646070281030077922e+02
1.345478519145467828e+02 1.588308412093854258e+02 1.644413645554144807e+02
1.347352235858372183e+02 1.587363520947947393e+02 1.643835676556793715e+02
1.348115938621651821e+02 1.586884296484381025e+02 1.643677450196705365e+02
1.349104481120985497e+02 1.586465964483315361e+02 1.643998918512249077e+02
1.349848199871475458e+02 1.586004843184276183e+02 1.643938261155781220e+02
1.347478722904029667e+02 1.585680318490305751e+02 1.644359336060563237e+02
1.345956332972837401e+02 1.585643641949185678e+02 1.644958542969546045e+02
1.344556825128132687e+02 1.586680616291280614e+02 1.645014498205357256e+02
1.343796257111957573e+02 1.587014388489208727e+02 1.645987758812557900e+02
1.343937869312393332e+02 1.588016018557702864e+02 1.646315418253632288e+02
1.345341922540399082e+02 1.589128226830300434e+02 1.646127803639441254e+02
1.346641040109089147e+02 1.589628140624755019e+02 1.646454836131095192e+02
1.347249259415996505e+02 1.590839015062459794e+02 1.645947398943590088e+02
1.347739063651039828e+02 1.591555931725208097e+02 1.645963542891177269e+02
1.347947602702151926e+02 1.592102083039450804e+02 1.646402172379743263e+02
1.347401294650554178e+02 1.592615632983809064e+02 1.646863372047459961e+02
1.347072381310637752e+02 1.594054560273349921e+02 1.647285230639018323e+02
1.346725678280904788e+02 1.594555179385903045e+02 1.647597764925314721e+02
1.345875534866224541e+02 1.595638861459851796e+02 1.648181141361420714e+02
1.345856648014921291e+02 1.596107741257974055e+02 1.648652215482515828e+02
1.346830222096832301e+02 1.596061111894797762e+02 1.648941787746273633e+02
1.347922524725317714e+02 1.596497155217002728e+02 1.649091471920502840e+02
1.348410683218131396e+02 1.597307879186846549e+02 1.649944201501543830e+02
1.349116236422626685e+02 1.598450259400322864e+02 1.650643485211830637e+02
1.349542326922775430e+02 1.598666948793905931e+02 1.650924436921051495e+02
1.348174401655146539e+02 1.598080359242018176e+02 1.651127019952665194e+02
1.347062741963292183e+02 1.596840018181533196e+02 1.650459553925487057e+02
1.346058995940502427e+02 1.595102584598987505e+02 1.649811915173743273e+02
1.345218962085233727e+02 1.593699706901145703e+02 1.649400714722339671e+02
1.345194902901208422e+02 1.592674252754659108e+02 1.648852839297189803e+02
1.344449460039811299e+02 1.592407329038729813e+02 1.646602404351029065e+02
1.344743264212159772e+02 1.591924499615993511e+02 1.646011582890550358e+02
1.344594363724706625e+02 1.591721838215702007e+02 1.645297800974906295e+02
1.343589442171752921e+02 1.590915973103869874e+02 1.642045265748185727e+02
1.344055108854093135e+02 1.591675835801946732e+02 1.642828482312189351e+02
1.345190984467328121e+02 1.592523471418943188e+02 1.644746163853231167e+02
1.346698170875064591e+02 1.593101832259682453e+02 1.646776853027382117e+02
1.348045093337094897e+02 1.593809579787150597e+02 1.647775191611416687e+02
1.348625805238162343e+02 1.594082459522578006e+02 1.649263726273882753e+02
1.349716540493095636e+02 1.594664738797197572e+02 1.650379226030939890e+02
1.351375918872744819e+02 1.595356107271045971e+02 1.650547091738374093e+02
1.351619096879359176e+02 1.596359931662513247e+02 1.651701540728201678e+02
1.352445181110013834e+02 1.597184291782260459e+02 1.652119480885879454e+02
1.352696587827776966e+02 1.597528016802244508e+02 1.652928245638782982e+02
1.352430918010689425e+02 1.598227535618563877e+02 1.653329023056064955e+02
1.353076362439460070e+02 1.598630820833529356e+02 1.654148132474412591e+02
1.353470713625178234e+02 1.598700412219244242e+02 1.655482594316703455e+02
1.353332628015234889e+02 1.599139747025908775e+02 1.655831961881475252e+02
1.352948386388927986e+02 1.598765693327690656e+02 1.655974984718107805e+02
1.353070563157317281e+02 1.599136142066738842e+02 1.655931333364680711e+02
1.348236548016488712e+02 1.600041692136486802e+02 1.656120750458456712e+02
1.344137474334258116e+02 1.600013557781225870e+02 1.653874625789564448e+02
1.341544489898277561e+02 1.598185294901333862e+02 1.651953731132740870e+02
1.339590523659503845e+02 1.596342298710051466e+02 1.650069983229103059e+02
1.338395793169385968e+02 1.594237237660851747e+02 1.648570555320449387e+02
1.341601228820864833e+02 1.592605601793075323e+02 1.647803012491967252e+02
1.343353395714800627e+02 1.590955314180028495e+02 1.646517609441858383e+02
1.345223977680600740e+02 1.590193805739721995e+02 1.645804846319023227e+02
1.346002335386592677e+02 1.589711838372439274e+02 1.645133696963997352e+02
1.347393849626181463e+02 1.588855425463550830e+02 1.644482923465149327e+02
1.347711086033134222e+02 1.589330182912493399e+02 1.644253773451826817e+02
1.348663814046801690e+02 1.590305794580022223e+02 1.644488017429193860e+02
1.349208789830880448e+02 1.591027413363426888e+02 1.644606354132380375e+02
1.350264415918245788e+02 1.592033040234479131e+02 1.644831272237112216e+02
1.350674675945518004e+02 1.593011002962336136e+02 1.645678829485431152e+02
1.350174291938997726e+02 1.593136314477829387e+02 1.647275277816962102e+02
1.348956912901051624e+02 1.593785363865770250e+02 1.647011488848137049e+02
1.347234055892540994e+02 1.593941631008918307e+02 1.647628877290324567e+02
1.346657105687998524e+02 1.594349148132474454e+02 1.647980282440714177e+02
1.347836554285983084e+02 1.594795536120123529e+02 1.649508001441983538e+02
1.348382157019482577e+02 1.595539098133258165e+02 1.649964263883011313e+02
1.347947994545540098e+02 1.596579520697167709e+02 1.649673986301155253e+02
1.348523142270497317e+02 1.598002930988542403e+02 1.650819344524380483e+02
1.349920220686196046e+02 1.599093117662732482e+02 1.651120045140358172e+02
1.350249212394789993e+02 1.599727120264572591e+02 1.652176768389210224e+02
1.350865190200780432e+02 1.601031331797307189e+02 1.653368442500901381e+02
1.350699597184997174e+02 1.601860864249776739e+02 1.653456137051143457e+02
1.348422203413739737e+02 1.601574034889735287e+02 1.652983103713108051e+02
1.346958981834140445e+02 1.599908465384555143e+02 1.652291343395871479e+02
1.346417062428488691e+02 1.597879108477923467e+02 1.650735333301985861e+02
1.344875864014670697e+02 1.595546386420275553e+02 1.649204949765677668e+02
1.343356765567937714e+02 1.593508957539850428e+02 1.647535069983229050e+02
1.342057021049826915e+02 1.591511575053682463e+02 1.646466983276124267e+02
1.340668092976599155e+02 1.589353223303710081e+02 1.645264102443535421e+02
1.339477516026394710e+02 1.588042115327345982e+02 1.644172896976536435e+02
1.337644707763201097e+02 1.587229353771884348e+02 1.642046206172317113e+02
1.337408112725505873e+02 1.587065328129653210e+02 1.639966066362596280e+02
1.336602639457061912e+02 1.586606087678876520e+02 1.638168759110358792e+02
1.335436356796915334e+02 1.584963950408300946e+02 1.636447469475399998e+02
1.333436623250419188e+02 1.583424554474067918e+02 1.634488644378614879e+02
1.328019466779517472e+02 1.581669409570382925e+02 1.631801695898183482e+02
1.325451952163759302e+02 1.581028980736979008e+02 1.631146063541323770e+02
1.323011629911756870e+02 1.580642074575633558e+02 1.631463064842243966e+02
1.322028259745144965e+02 1.581931396059623012e+02 1.632504271092929571e+02
1.321296296296296191e+02 1.582242206235011963e+02 1.632718374320151611e+02
1.325644033792573850e+02 1.581176235482202515e+02 1.633904249149699979e+02
1.329129794203852555e+02 1.580765191768154239e+02 1.634777824798984227e+02
1.331337283114684737e+02 1.580535258068055384e+02 1.635204463879876471e+02
1.332253334587232132e+02 1.580798811930847592e+02 1.635799203774235480e+02
1.333675961191830766e+02 1.581516590649049476e+02 1.637171831162521016e+02
1.335373191642764255e+02 1.583444068274791903e+02 1.638010454381592638e+02
1.336645507123712662e+02 1.585025469820222384e+02 1.638866945659158887e+02
1.337535305089261897e+02 1.586569489506433968e+02 1.639899217880597462e+02
1.338076519176815395e+02 1.587767276374978564e+02 1.640741994639582515e+02
1.338742104355731044e+02 1.587123634425792602e+02 1.640547405213084460e+02
1.339377831068478599e+02 1.586555774987852772e+02 1.640289415526402479e+02
1.338927524646949223e+02 1.585530555947399023e+02 1.640066691744643492e+02
1.337763984890518998e+02 1.585283146032193713e+02 1.639702199025093705e+02
1.338257864296797948e+02 1.584597420103133061e+02 1.640452030532436822e+02
1.338443833168759056e+02 1.584868183884265136e+02 1.640814328929013755e+02
1.342732794156831346e+02 1.585500462375197799e+02 1.641404915283459616e+02
1.345948025893011106e+02 1.586460870519270827e+02 1.642114543659190247e+02
1.348566636886569086e+02 1.586979827902383988e+02 1.643936928888261946e+02
1.349830566919013677e+02 1.587902227237817669e+02 1.644449616777166625e+02
1.351424272346828559e+02 1.589219447971034924e+02 1.645514960580555055e+02
1.348370166611808543e+02 1.590996144261061715e+02 1.647170185420291091e+02
1.346174197896584701e+02 1.592751210796068904e+02 1.647654425479224471e+02
1.345522327236250248e+02 1.593447751602639357e+02 1.648589677277785484e+02
1.344670851554051012e+02 1.594117882164856326e+02 1.649742872368771600e+02
1.344971395432673376e+02 1.595001959216940293e+02 1.650227112427704981e+02
1.345908214604786792e+02 1.596040030720521656e+02 1.650331656243632494e+02
1.347106236579363951e+02 1.595758138587169412e+02 1.650598971802949677e+02
1.347920173664989534e+02 1.596327251923950996e+02 1.650764643187410741e+02
1.348428708013981066e+02 1.596658673061550644e+02 1.650150938073070961e+02
1.348892728954091638e+02 1.596915173743358309e+02 1.650498032946192097e+02
1.349943104340057403e+02 1.597646118399398176e+02 1.651885080171157085e+02
1.352152944311217766e+02 1.599037005689565945e+02 1.652648547828403878e+02
1.353248146580774574e+02 1.600435651478817078e+02 1.653126831867839144e+02
1.354158555508534221e+02 1.600559552358113535e+02 1.653218444851961522e+02
1.353846177959593149e+02 1.599911600131659384e+02 1.652481309070390694e+02
1.353018996567451779e+02 1.598040234479083495e+02 1.652308662873622609e+02
1.351595978119465258e+02 1.596160640115358831e+02 1.650853043055751357e+02
1.350687528408645619e+02 1.594945768875095951e+02 1.649835190670992517e+02
1.349589739972727784e+02 1.593951427093619202e+02 1.648760285888936039e+02
1.348654409805488967e+02 1.592403880816915205e+02 1.647982476763687032e+02
1.348163038196893524e+02 1.590983213429256580e+02 1.647236720427579542e+02
1.348207238131063832e+02 1.590508926192379420e+02 1.646402877697841802e+02
1.347835378755818851e+02 1.589907289854390910e+02 1.646740098117584239e+02
1.348232943057318778e+02 1.590359242018150212e+02 1.647309133085688302e+02
1.348614049936521440e+02 1.590980000313474818e+02 1.648415306970110237e+02
1.348968197990627118e+02 1.592231469726179967e+02 1.649202050124606274e+02
1.348423692418614053e+02 1.593702136330151689e+02 1.649405965423739531e+02
1.348088352847134104e+02 1.594779940753279845e+02 1.649738170248115239e+02
1.347915079700945000e+02 1.595690819893105186e+02 1.650331029294211760e+02
1.348019388410839952e+02 1.596509537468064650e+02 1.651134700083070754e+02
1.351351076001943454e+02 1.596761022554505303e+02 1.652245732825504376e+02
1.353159903449789283e+02 1.596469726179840336e+02 1.653474632059058536e+02
1.354321640726634257e+02 1.596581009702042309e+02 1.654148916161188652e+02
1.354271092929577947e+02 1.596517452704503057e+02 1.654840989953135590e+02
1.354804313412015517e+02 1.597117913512327334e+02 1.654779862384602040e+02
1.353843199949843950e+02 1.597761477092835491e+02 1.654753843983636727e+02
1.352460541370824956e+02 1.598359038259588374e+02 1.654410667544395892e+02
1.351509537468064650e+02 1.599151423958872158e+02 1.654411372862494432e+02
1.349682058274948702e+02 1.600324211219259780e+02 1.652762574254321919e+02
1.348645005564176245e+02 1.599846397391890491e+02 1.652604818106299263e+02
1.349235356812589259e+02 1.598381921913449730e+02 1.651962743530665705e+02
1.349522342909985753e+02 1.596226626541903784e+02 1.650466842212504446e+02
1.348524239431983744e+02 1.593256923872666562e+02 1.648340073039607603e+02
1.348049952195106584e+02 1.591299587780755758e+02 1.646426780144511781e+02
1.347501214714502851e+02 1.589793655271861041e+02 1.645494976567765377e+02
1.348474005109637801e+02 1.588137333270638294e+02 1.645451481951693609e+02
1.348398849547812688e+02 1.586787746273569439e+02 1.644997962414382187e+02
1.347666024043510333e+02 1.585255873732386647e+02 1.644223444773593030e+02
1.347411717684675807e+02 1.584072741806554632e+02 1.644370542781461211e+02
1.347688045641917824e+02 1.584068509897963963e+02 1.644920377423551372e+02
1.345632513596965509e+02 1.584967006786727381e+02 1.644126424350715467e+02
1.343826507421513838e+02 1.585724910267864232e+02 1.642065406498330731e+02
1.341633673453394238e+02 1.586125609316468399e+02 1.640805943480509654e+02
1.340508926192379420e+02 1.586200059560194973e+02 1.639877117913512450e+02
1.339476027021520110e+02 1.586349273522358487e+02 1.639254243663892510e+02
1.340287064466074298e+02 1.586055939562075707e+02 1.639876726070124278e+02
1.341080782432877356e+02 1.585356264008401013e+02 1.641234071566276498e+02
1.342342831617059176e+02 1.585025861663610272e+02 1.642096910706728750e+02
1.342824720615664376e+02 1.584774533314524945e+02 1.643617498158336048e+02
1.342414852431780048e+02 1.584614974686917037e+02 1.643794768107082973e+02
1.339711995109794600e+02 1.585243413112647204e+02 1.642091581636651370e+02
1.336950439648281304e+02 1.586490102036018186e+02 1.640949750003918552e+02
1.335655867462892559e+02 1.588041723483957810e+02 1.641199040767386066e+02
1.335058933245560411e+02 1.589285826240968049e+02 1.641334383473613343e+02
1.334581276155546163e+02 1.590100155169981804e+02 1.641177567749721788e+02
1.332816256798482755e+02 1.590033385056660507e+02 1.642542279901568918e+02
1.331432814532687701e+02 1.589098054889421689e+02 1.642470572561558697e+02
1.329653218601589231e+02 1.587366577326374113e+02 1.642062271751226490e+02
1.329446246924029538e+02 1.585845049450635429e+02 1.641178037961787481e+02
1.328805034403849561e+02 1.584453848685757293e+02 1.640145609002993581e+02
1.327786868544380070e+02 1.582918763028792739e+02 1.638881052021128255e+02
1.327054669989498734e+02 1.582098164605570503e+02 1.637926443159198016e+02
1.326074042726602897e+02 1.580906255387846500e+02 1.637022773937712543e+02
1.325703358881522149e+02 1.579835739251735731e+02 1.635822949483550417e+02
1.325338082475196302e+02 1.579801492139621644e+02 1.635939640444507006e+02
1.326949891067538090e+02 1.580341530697010910e+02 1.636411811727088832e+02
1.329611839939812796e+02 1.581301311891663204e+02 1.636812667513048325e+02
1.332093932696979550e+02 1.581937665553831494e+02 1.637172849955329923e+02
1.333431529286374939e+02 1.582589536214165946e+02 1.638168759110358792e+02
1.334696556480305958e+02 1.582778247989843408e+02 1.639258553941160699e+02
1.336568784188335712e+02 1.583112568768514734e+02 1.640089732135859890e+02
1.338160530399210018e+02 1.583840065202739709e+02 1.640738232943057255e+02
1.339843262644786250e+02 1.584412626761335900e+02 1.642080218178398354e+02
1.340833529255027372e+02 1.584446325292707058e+02 1.641727245654456908e+02
1.341690960956724723e+02 1.585478832620178480e+02 1.642803639441387986e+02
1.342277472139935242e+02 1.586095750850300021e+02 1.643379022272378052e+02
1.342866334383473657e+02 1.587179903136314465e+02 1.644127443143524374e+02
1.343070484788639760e+02 1.588262096205388616e+02 1.644685506496763310e+02
1.344029090453127822e+02 1.589561919092177220e+02 1.645411200451403602e+02
1.345015908841554335e+02 1.590760959859563286e+02 1.646256955220137570e+02
1.345536982178962830e+02 1.592412266265419021e+02 1.646183837243930270e+02
1.346038776821679903e+02 1.593357627623391579e+02 1.645291139637309641e+02
1.346202175514490307e+02 1.592997993761853195e+02 1.644754862776445634e+02
1.345578909421482479e+02 1.591955298506292991e+02 1.643493989122427479e+02
1.345252660616604885e+02 1.590846930298898201e+02 1.642387815238005544e+02
1.345393880973652472e+02 1.589449930251876992e+02 1.642800974906349438e+02
1.345421466748170189e+02 1.587428645319038765e+02 1.643008965376718322e+02
1.345592075359320461e+02 1.586341436654597885e+02 1.643498221031018431e+02
1.346652090092631795e+02 1.583942101220984000e+02 1.641899186533126453e+02
1.346474976881240195e+02 1.583719534176580339e+02 1.641908904249149828e+02
1.347304901177097634e+02 1.584244604316546656e+02 1.641470509866616396e+02
1.347867901757025777e+02 1.584787699252362927e+02 1.641550916129841085e+02
1.348809971630538769e+02 1.586148728076362318e+02 1.642184213413582938e+02
1.349183946960079084e+02 1.587200749204558008e+02 1.643000815034247069e+02
1.350308145640350403e+02 1.588613814830488593e+02 1.644089904546950720e+02
1.349221407187975217e+02 1.589337392830833267e+02 1.645489490760332956e+02
1.349116393159981726e+02 1.590316687826209545e+02 1.647148712402626813e+02
1.349040689017413399e+02 1.590629065375150901e+02 1.647620335104465426e+02
1.348504725631259760e+02 1.591025375777809074e+02 1.648466481716587566e+02
1.348310214573439225e+02 1.591537593454648061e+02 1.648774784094293295e+02
1.347331703264839007e+02 1.592324101503111251e+02 1.648655350229620353e+02
1.347554897258663686e+02 1.592713437093462403e+02 1.648195796304133296e+02
1.348135609159731132e+02 1.593935518252065151e+02 1.649899061143242136e+02
1.348643594927979166e+02 1.595187536245513513e+02 1.650224291155311107e+02
1.349461999028228263e+02 1.596083525336593425e+02 1.651246610554693461e+02
1.350384711838372311e+02 1.597580367078885786e+02 1.652380135107600267e+02
1.350836507264776287e+02 1.599351891036190523e+02 1.652761085249447603e+02
1.351291750912995155e+02 1.600451011739627916e+02 1.653453159041394258e+02
1.351137129512076740e+02 1.600705474835817483e+02 1.653883794924844324e+02
1.350993558094700688e+02 1.599838717261484931e+02 1.652946035328599805e+02
1.350929765991128590e+02 1.598298145797087955e+02 1.652267989529944714e+02
1.350636745505556462e+02 1.596192457798467217e+02 1.650623579567718480e+02
1.350402579896866939e+02 1.594686995501637909e+02 1.649507923073306017e+02
1.350072961238851974e+02 1.593161941035407096e+02 1.648235059011614112e+02
1.349538800332283301e+02 1.592278099089355976e+02 1.647037115405714758e+02
1.350873183805896360e+02 1.592196987508032748e+02 1.647371357815708279e+02
1.352310700459240422e+02 1.592030610805473145e+02 1.647647137192207083e+02
1.353346891114559298e+02 1.592548471027099879e+02 1.647317048322126709e+02
1.354212002946662210e+02 1.593309822730051337e+02 1.648608642497766539e+02
1.355261751383207240e+02 1.594317565555398915e+02 1.649401028197050323e+02
1.356475525461983409e+02 1.595638704722496470e+02 1.650878434507296220e+02
1.356966348489835639e+02 1.596336421059231157e+02 1.651920659550790731e+02
1.357055140201564143e+02 1.597235231422704942e+02 1.651982178962712169e+02
1.357427783263585184e+02 1.597706775755866033e+02 1.652013134590366974e+02
1.357395730474443951e+02 1.597887102083039395e+02 1.651938762715317921e+02
1.356134151502327541e+02 1.597803874547420833e+02 1.652436247080766805e+02
1.354578298145796964e+02 1.598490619269290391e+02 1.653054967790473597e+02
1.353591558126048255e+02 1.599498205357282927e+02 1.653670083541010456e+02
1.353718907227159320e+02 1.600721148571338972e+02 1.655078603783639721e+02
1.353897352706070478e+02 1.601600523502766293e+02 1.655730709550007020e+02
1.353685835645209181e+02 1.602083823137568288e+02 1.656523408724001172e+02
1.354460666760708989e+02 1.603089214902587685e+02 1.657196360558612014e+02
1.354151580696227199e+02 1.604018980893716275e+02 1.657923935361514793e+02
1.354320543565147830e+02 1.604729157850190404e+02 1.658062020971458139e+02
1.354223993354336244e+02 1.605776947069795142e+02 1.658274870299838426e+02
1.355177505054779772e+02 1.606021692449961620e+02 1.658486230623344397e+02
1.355053290700772664e+02 1.605596072161878283e+02 1.658240231344336166e+02
1.354909640914719091e+02 1.604289587937493025e+02 1.657591260325073392e+02
1.353933480666447338e+02 1.602475666525602946e+02 1.655916991896678780e+02
1.353633485368567904e+02 1.599681979906271181e+02 1.653730505791445182e+02
1.351252958417579748e+02 1.597576527013683290e+02 1.652627388285449967e+02
1.349733703233491724e+02 1.596014952743687445e+02 1.651455933292581619e+02
1.348420322565476965e+02 1.594790128681368628e+02 1.650748499239823843e+02
1.347051456873716688e+02 1.593380824751963019e+02 1.649722888355981922e+02
1.346078666478581738e+02 1.592060390902964002e+02 1.648781758906600317e+02
1.344574928292659877e+02 1.591854751492923299e+02 1.646630695443645038e+02
1.341792840237613689e+02 1.591222159527280269e+02 1.645260497484365487e+02
1.340288866945659265e+02 1.591739157693453137e+02 1.645196940486826236e+02
1.338986614629864675e+02 1.591678892180373452e+02 1.645316295982821657e+02
1.338968041253271792e+02 1.592412344634096542e+02 1.645414648673218210e+02
1.340198116016990468e+02 1.592625193962477113e+02 1.645833764361060219e+02
1.339937540163947176e+02 1.592414460588392160e+02 1.645655945831570079e+02
1.339554630805159832e+02 1.592356154292252484e+02 1.645908449710819639e+02
1.339116079685271359e+02 1.591587671039638963e+02 1.646656400369900268e+02
1.339104559489663302e+02 1.591330543408410563e+02 1.646635162458268553e+02
1.338635836428896084e+02 1.591121220670522405e+02 1.646019106283600593e+02
1.338065390824595227e+02 1.590810802338521341e+02 1.646287519004404203e+02
1.338211783514364868e+02 1.590976630460337731e+02 1.646014796006332119e+02
1.338683014372815592e+02 1.591714941772072507e+02 1.646877243303396483e+02
1.339822808419930595e+02 1.592755207598627010e+02 1.647730521465180686e+02
1.340629300481183748e+02 1.594424538800332414e+02 1.648826350684158513e+02
1.341893465619661185e+02 1.596265967618062405e+02 1.650202426294258657e+02
1.343363348536856847e+02 1.597879265215278792e+02 1.651386890487609946e+02
1.344094371561574235e+02 1.599058086863842334e+02 1.651846914625162697e+02
1.344582608423065437e+02 1.599078149245309532e+02 1.652566809297659916e+02
1.343435761194965608e+02 1.597881459538251647e+02 1.650875143022836653e+02
1.341571683829407107e+02 1.595979765207441972e+02 1.649075954922336678e+02
1.340318176831084145e+02 1.594446638767417426e+02 1.647566966035015241e+02
1.339852118305355759e+02 1.593191564395542343e+02 1.646532891333991699e+02
1.339373050579144433e+02 1.592346044732841222e+02 1.645057914452751504e+02
1.339357768687011117e+02 1.591324195545524276e+02 1.643821648563502151e+02
1.340010266296766588e+02 1.589740364571088094e+02 1.642864140060500517e+02
1.339281672701054902e+02 1.588731054372188396e+02 1.641577404742872375e+02
1.339843732856851659e+02 1.588523847588595856e+02 1.641200921615648554e+02
1.339844673280983045e+02 1.588627294243036943e+02 1.641620977727621948e+02
1.339669127443143566e+02 1.589031206407423156e+02 1.640960799987460916e+02
1.339559176188460867e+02 1.589577671196376230e+02 1.640120766132192216e+02
1.339791931160953595e+02 1.590142082412501452e+02 1.640158539834798717e+02
1.340207520258303191e+02 1.591214557765552229e+02 1.640515822636008920e+02
1.341118869610194224e+02 1.591611181642921053e+02 1.641509302362031804e+02
1.341730772244949037e+02 1.592156941113775588e+02 1.644604865127505775e+02
1.342318537327001025e+02 1.593121032585696071e+02 1.646687434366232594e+02
1.342581777715082865e+02 1.593888497045500969e+02 1.649265372016112678e+02
1.342851287597373187e+02 1.595175075625773786e+02 1.650639253303239684e+02
1.343712637732950839e+02 1.596127176690020519e+02 1.651573329571636748e+02
1.346348333098227386e+02 1.597146596448331479e+02 1.652562969232457135e+02
1.348817573392266524e+02 1.597719001269572630e+02 1.653031300449836181e+02
1.350162928480744711e+02 1.598803858873685328e+02 1.653775097569003663e+02
1.352024968260685682e+02 1.599627983887399978e+02 1.655017084371718283e+02
1.353043917806930949e+02 1.600770128994843446e+02 1.656212206705224048e+02
1.353450416137678189e+02 1.601414241156094818e+02 1.656899108164448933e+02
1.352029827118697085e+02 1.601532499490603527e+02 1.656706399586213365e+02
1.351105860409711568e+02 1.601382815316374320e+02 1.655335888152223447e+02
1.349701963919060859e+02 1.600880628830269075e+02 1.654975548972586523e+02
1.348387329352204631e+02 1.599901255466215275e+02 1.654870613313270837e+02
1.347426215890033063e+02 1.599304086142850565e+02 1.653005752260936276e+02
1.347103650413002924e+02 1.598901271139950779e+02 1.652461403426278537e+02
1.346886255701321318e+02 1.598213350887916988e+02 1.652174260591526718e+02
1.346172787260387906e+02 1.597493612952775095e+02 1.650857980282440849e+02
1.345729220545132421e+02 1.596583282393692969e+02 1.650542938198460945e+02
1.345953590069121049e+02 1.597016112600115889e+02 1.650398347988275987e+02
1.345523659503769522e+02 1.597357643297127083e+02 1.650850221783357767e+02
1.346433441482108435e+02 1.598120092161564969e+02 1.651797307252237488e+02
1.347044011849343974e+02 1.599043196815096906e+02 1.652568846883277729e+02
1.347826366357894017e+02 1.600087616181564556e+02 1.653004184887384156e+02
1.348921176784062936e+02 1.600925847557248289e+02 1.653805112772527082e+02
1.349734722026300631e+02 1.601581401545430197e+02 1.653899860503753985e+02
1.350383928151596251e+02 1.602155060265513100e+02 1.653626667293616208e+02
1.349779313803858827e+02 1.602426764470776277e+02 1.653215937054278015e+02
1.349918966787354293e+02 1.603422673625805146e+02 1.653572044325323986e+02
1.350829845927179917e+02 1.604232613908872906e+02 1.654113023306844639e+02
1.351030234635820761e+02 1.605141455463080433e+02 1.654578768357862657e+02
1.351982884280810708e+02 1.605982194636447673e+02 1.655223899311922935e+02
1.352037272143069799e+02 1.606749110515509074e+02 1.656355386279211928e+02
1.352089230576323189e+02 1.607477233899155067e+02 1.656499506277331193e+02
1.352799721007507685e+02 1.608661384617795989e+02 1.657402313443363084e+02
1.353868356295355966e+02 1.609778608485760287e+02 1.657411404209965440e+02
1.354543580821617184e+02 1.610441607498315193e+02 1.658016880613156445e+02
1.355076958041410080e+02 1.609830018338270463e+02 1.658120484004952857e+02
1.354856036739236060e+02 1.608656604128461822e+02 1.657392987570727598e+02
1.353626040344195189e+02 1.606369100797793124e+02 1.657459679315371091e+02
1.352317832008902769e+02 1.603982069246563640e+02 1.657314932367831091e+02
1.350952101064246733e+02 1.602032961865801610e+02 1.656050140279932918e+02
1.350060265513079685e+02 1.601006645663861150e+02 1.655451717057726455e+02
1.349864657293772723e+02 1.600470917383740073e+02 1.655109559411294526e+02
1.350621385244745341e+02 1.599631902321280279e+02 1.655006269494208482e+02
1.351139715678437767e+02 1.599124073290387287e+02 1.654328066958198065e+02
1.352116346138775214e+02 1.599092882556699635e+02 1.654131675052115042e+02
1.352311170671306115e+02 1.599140687450039877e+02 1.654194996943621447e+02
1.352222065484866960e+02 1.599727277001927916e+02 1.654222974561527337e+02
1.352768843748530685e+02 1.599795692857478855e+02 1.655178837322299046e+02
1.352194714816382088e+02 1.600154778138273741e+02 1.655883998683406162e+02
1.351779047350354972e+02 1.600552891020516881e+02 1.655885879531668650e+02
1.351808200498424810e+02 1.600946145044748619e+02 1.655715976238616918e+02
1.351280230717386814e+02 1.601100139496246015e+02 1.655811507656619881e+02
1.353278631996363686e+02 1.600804219369602492e+02 1.656824657920722359e+02
1.353803467030297440e+02 1.600573893826115466e+02 1.656654362784282455e+02
1.354529004247582407e+02 1.601276233914828993e+02 1.657236798796257062e+02
1.354720302189620895e+02 1.601485713390072192e+02 1.657298474945533826e+02
1.354861052334602789e+02 1.601668469146251539e+02 1.657208507703641089e+02
1.353169386059779526e+02 1.603079732292597157e+02 1.656902399648908215e+02
1.351918621965172917e+02 1.603812165953511624e+02 1.655898496888763418e+02
1.351950753122991671e+02 1.604849453770317211e+02 1.655568408018683044e+02
1.351749110515509074e+02 1.605932587263522464e+02 1.656173179103775794e+02
1.351484459491230439e+02 1.606303349477281017e+02 1.655546778263663441e+02
1.350851162207488869e+02 1.605998416952712375e+02 1.655747480447014937e+02
1.351609379163336087e+02 1.604364665130640617e+02 1.655220607827463652e+02
1.351460948887948348e+02 1.602135703202144157e+02 1.654890048745317586e+02
1.350846224980799661e+02 1.600211908904249185e+02 1.653440228209589122e+02
1.350410651870660388e+02 1.598320872713593701e+02 1.651821444804940313e+02
1.349397423237880389e+02 1.596218632936787856e+02 1.651173257472453315e+02
1.348780426639080758e+02 1.594015454303224146e+02 1.650462061723170564e+02
1.347937493142740664e+02 1.592941176470588118e+02 1.650172411090735238e+02
1.347317361796837076e+02 1.592357564928449278e+02 1.650101800912211445e+02
1.346912901051707649e+02 1.592298553314211347e+02 1.649957210702026487e+02
1.346691352800112895e+02 1.591842055767151010e+02 1.649828294227363301e+02
1.346391984451654480e+02 1.592141110640899058e+02 1.648847745333145269e+02
1.346387752543063527e+02 1.592684362314070370e+02 1.647989608313349379e+02
1.346438065234087276e+02 1.592942038526041983e+02 1.648501042303412305e+02
1.346752245262613314e+02 1.593321421294337199e+02 1.648302220968323297e+02
1.346596683437563797e+02 1.593587012742746936e+02 1.648628313035845849e+02
1.346870033385056615e+02 1.593577608501434213e+02 1.647972210466920444e+02
1.347100202191188316e+02 1.593050892619237970e+02 1.648164292095735277e+02
1.346658281218162756e+02 1.593499239823827338e+02 1.647351060328207950e+02
1.346230780081816931e+02 1.592980987758812432e+02 1.647162740395918661e+02
1.345563470791993836e+02 1.593009905800849424e+02 1.645735725145374033e+02
1.344486528424319260e+02 1.593220247331546489e+02 1.644678531684456289e+02
1.343517186250999202e+02 1.593269541229761330e+02 1.644154950549364571e+02
1.341499349539975867e+02 1.593947743765771747e+02 1.643360135421074801e+02
1.341041049513330563e+02 1.594397579975235431e+02 1.643268600805629944e+02
1.339950784470462963e+02 1.595365746618391540e+02 1.643121424429084243e+02
1.339457845488315115e+02 1.595170451873794946e+02 1.642710302346358162e+02
1.338458879954859526e+02 1.593269619598438851e+02 1.641325135969655662e+02
1.337015564019372675e+02 1.590956724816225574e+02 1.638459428535603024e+02
1.335181893700725766e+02 1.588168524004325945e+02 1.636393003244463387e+02
1.335098431059074358e+02 1.585891051864390704e+02 1.635736822306860461e+02
1.334831977555210756e+02 1.583654723280199335e+02 1.634820692465635261e+02
1.333804956035171756e+02 1.581810786664785837e+02 1.633974075641447712e+02
1.333185138163978536e+02 1.579863560132286295e+02 1.633271186971990971e+02
1.332691258757699586e+02 1.578639127913355651e+02 1.632596589395150488e+02
1.332135859939499483e+02 1.578134041786179012e+02 1.632578956442688991e+02
1.331521684613093726e+02 1.578501669252833040e+02 1.631716822620334995e+02
1.331399742950737561e+02 1.578927367909593897e+02 1.632478252691963974e+02
1.331291750912995155e+02 1.579398363662011491e+02 1.632540947634049644e+02
1.331938919452673247e+02 1.579762934750239083e+02 1.632549254713875939e+02
1.330419742637262743e+02 1.580655318882149061e+02 1.633731916427642261e+02
1.328972429899217786e+02 1.581423802134762866e+02 1.634062632247143370e+02
1.328859187160075805e+02 1.581698797824485609e+02 1.634308318051441233e+02
1.328483644456983370e+02 1.582532640554223349e+02 1.635041848873842127e+02
1.328031613924546548e+02 1.582751445902101750e+02 1.635318647043149838e+02
1.330293333960282780e+02 1.582926051315810128e+02 1.634161611886960941e+02
1.332508894844908411e+02 1.583184432845880281e+02 1.633598689675710318e+02
1.334446011817996691e+02 1.582962962962963047e+02 1.633190232128023069e+02
1.335068024012162766e+02 1.583352690396702371e+02 1.633247989843419248e+02
1.335888700804062523e+02 1.584312549960031902e+02 1.633775254306358704e+02
1.337099026661024084e+02 1.584901568940925642e+02 1.635479616306954540e+02
1.338416639237629511e+02 1.585593485995517256e+02 1.637624802119088940e+02
1.339671086660083574e+02 1.585835253365934818e+02 1.638996489083243091e+02
1.339956583752605752e+02 1.585039889656901835e+02 1.639628689205498233e+02
1.340509082929734745e+02 1.583748530587294852e+02 1.639813952759361086e+02
1.340854610429303477e+02 1.582879186846601272e+02 1.637869077287189725e+02
1.341436106017146983e+02 1.582761477092835491e+02 1.637230999514114274e+02
1.341863058572749594e+02 1.582691258757699586e+02 1.637067522452626065e+02
1.342800269588250899e+02 1.582357329822416716e+02 1.636745505556339140e+02
1.343626275450228036e+02 1.582418300653594656e+02 1.636129527750348700e+02
1.343472516104763201e+02 1.582947445964796884e+02 1.636690647482014356e+02
1.343925251955298563e+02 1.583569301421607918e+02 1.637986160091534487e+02
1.344425635961818841e+02 1.584522342909985753e+02 1.638379492484443745e+02
1.345500775849908450e+02 1.585516606322784980e+02 1.639502280528518270e+02
1.345904766382972184e+02 1.586403034435196844e+02 1.640104230341217146e+02
1.343692967194871528e+02 1.587888355981881148e+02 1.640175467469161958e+02
1.342076221375840532e+02 1.588970784156988145e+02 1.640332518299086360e+02
1.341615883763577415e+02 1.589911991975047272e+02 1.640572796664629038e+02
1.341791978182160108e+02 1.591410792934279925e+02 1.641407344712465317e+02
1.341752480368646161e+02 1.592396043949154318e+02 1.642041504051660752e+02
1.342680208774157222e+02 1.593108571965956628e+02 1.643957931693860530e+02
1.343429256594724279e+02 1.592738515070296614e+02 1.644768420557671504e+02
1.343579881193084873e+02 1.593291954671556994e+02 1.645168257550822091e+02
1.343964436294101858e+02 1.594417877462735760e+02 1.645637607561010043e+02
1.344544442877070765e+02 1.594629394523596773e+02 1.646015736430463505e+02
1.344028933715772496e+02 1.595328443127850733e+02 1.646124512154981971e+02
1.343370636823874236e+02 1.596182975188476689e+02 1.646804909013965244e+02
1.343514913559348543e+02 1.596896992210153314e+02 1.647333975956489667e+02
1.343539521324117061e+02 1.596642607482641267e+02 1.646563141643547965e+02
1.343583877995642695e+02 1.595246077647685752e+02 1.645831178194699191e+02
1.343669926803655130e+02 1.594677747997680228e+02 1.645744659174621063e+02
1.343937242362972313e+02 1.593871882885848095e+02 1.645086127176689956e+02
1.344222896192849532e+02 1.593000971771602394e+02 1.644564270152505401e+02
1.344461763922195701e+02 1.590570132129590490e+02 1.643427610852494354e+02
1.344673202614379193e+02 1.590178288741555832e+02 1.644053776586573861e+02
1.343445087067600809e+02 1.589981661729439963e+02 1.642877070892305653e+02
1.343066017774015961e+02 1.590040359868967528e+02 1.641820896224197099e+02
1.342553094779078720e+02 1.590120531026159370e+02 1.640768169777903154e+02
1.342799721007507685e+02 1.590719032617043638e+02 1.641115264651024290e+02
1.342243460133853716e+02 1.591314477829501186e+02 1.641200529772260666e+02
1.343271265340668776e+02 1.591641980533220533e+02 1.642041504051660752e+02
1.344118038902211651e+02 1.592115092239933460e+02 1.643210216140812747e+02
1.344742480525383712e+02 1.593014764658861111e+02 1.644102365166690163e+02
1.345204777354586838e+02 1.593338662403410524e+02 1.644482218147051071e+02
1.345381498722590550e+02 1.594063964514662644e+02 1.645231971285716384e+02
1.345411122082726081e+02 1.594909092333975877e+02 1.646090265042867600e+02
1.345306029686055069e+02 1.595973574081911011e+02 1.646819642325355346e+02
1.344964655726399201e+02 1.596463535054309375e+02 1.647224024701807252e+02
1.344907133117035869e+02 1.597561323490227494e+02 1.647407720882117701e+02
1.345114261531950888e+02 1.597938511935549570e+02 1.648047757872133730e+02
1.345208460682434577e+02 1.598727057569630574e+02 1.648256375291923348e+02
1.344563408097051820e+02 1.599728060688703977e+02 1.647725114026425786e+02
1.344971787276061548e+02 1.600332518299086360e+02 1.647716885315277295e+02
1.344850472563125834e+02 1.600780787134997922e+02 1.647903246030626576e+02
1.344353066566354755e+02 1.599568031849030660e+02 1.648189056597858837e+02
1.345644504004639543e+02 1.597927540320684727e+02 1.648092741493080098e+02
1.346960078995627157e+02 1.596237049576025413e+02 1.647406937195341641e+02
1.347534756508518683e+02 1.595108305512452773e+02 1.648199793106691118e+02
1.347421121925988530e+02 1.593795630162536554e+02 1.647338678077146028e+02
1.347455760881490789e+02 1.592843450729612300e+02 1.646180232284760336e+02
1.348670475384398344e+02 1.592249572890707157e+02 1.645652340872400146e+02
1.349968730897634828e+02 1.591197238287801099e+02 1.645435416372784232e+02
1.350181893700725766e+02 1.590887055061832882e+02 1.645925377345182596e+02
1.350991833983793242e+02 1.591080860801554877e+02 1.646570900142631046e+02
1.350399445149762414e+02 1.591356953652764048e+02 1.646177567749721788e+02
1.351804438801899551e+02 1.592171517687810649e+02 1.645762057021049714e+02
1.352993840221940047e+02 1.592424883622513789e+02 1.644663093054967931e+02
1.354772182254196764e+02 1.593507155060265461e+02 1.645303208413661196e+02
1.355902885534709412e+02 1.594051347157568159e+02 1.645851632419554562e+02
1.356678030124919587e+02 1.594830253444303310e+02 1.645858137019795890e+02
1.356111267848466184e+02 1.595325856961489706e+02 1.647312346201470064e+02
1.355120609394837174e+02 1.596366044419366403e+02 1.648864281124120339e+02
1.354839187473550624e+02 1.597672215169041294e+02 1.649025642231312929e+02
1.353918747355057235e+02 1.598097678719769306e+02 1.649402830676635290e+02
1.353338427297377677e+02 1.598687716493471953e+02 1.649210592310465415e+02
1.351636729831820958e+02 1.599078932932085593e+02 1.649980329461920689e+02
1.350172254353379913e+02 1.599581041049513317e+02 1.650480086519019949e+02
1.348421262989608351e+02 1.600213241171768459e+02 1.650402423159511613e+02
1.348445478910988982e+02 1.600065986426544953e+02 1.650771147787652353e+02
1.347505211517060957e+02 1.599120703437250199e+02 1.649966301468629126e+02
1.344794595695992143e+02 1.597525587373238523e+02 1.648872588203946634e+02
1.342791492296358911e+02 1.596069027131236169e+02 1.646663845394272698e+02
1.341529364743499286e+02 1.594662544474224433e+02 1.644697967116502753e+02
1.339962853246814234e+02 1.593526747229667251e+02 1.643918590617701909e+02
1.339385667936239201e+02 1.592409915205090840e+02 1.642999247660694948e+02
1.343263114998197523e+02 1.590858920706571951e+02 1.641977868685443696e+02
1.346674033322361765e+02 1.588431999498440348e+02 1.641558282785536278e+02
1.347693139605962358e+02 1.587015407282017634e+02 1.640932900738232831e+02
1.348624081127255181e+02 1.585862212191031517e+02 1.640431106095515759e+02
