1.327444897622873157e+02 1.546010793886210877e+02 1.611502080500968077e+02
1.328017653359700034e+02 1.546746899847567249e+02 1.612348597206772922e+02
1.329385016273225517e+02 1.547918572075969053e+02 1.613631710130597696e+02
1.330286532361059528e+02 1.548678263914637796e+02 1.614750545874016439e+02
1.331534317966464869e+02 1.550485312899106134e+02 1.615188172043010866e+02
1.331570366250566337e+02 1.552402566637828158e+02 1.613850883697936069e+02
1.330426090718081866e+02 1.555453899394388770e+02 1.608039694310550942e+02
1.327589811724961919e+02 1.558280908828739655e+02 1.605959193342396816e+02
1.324623243933588697e+02 1.560355333086145038e+02 1.603834095497054477e+02
1.322484756725579871e+02 1.561887385160466408e+02 1.603412536563259607e+02
1.321510217113665249e+02 1.563333024348040965e+02 1.603876014501709619e+02
1.321037572611543567e+02 1.564440633625839325e+02 1.604565772669220962e+02
1.322066802620195176e+02 1.565892040538870447e+02 1.605894924401598587e+02
1.322875417130144626e+02 1.566790672763976318e+02 1.607038478968401023e+02
1.323607094302311111e+02 1.567665410126477923e+02 1.609330119886293460e+02
1.323581242532855526e+02 1.568072034771144843e+02 1.610339368846042873e+02
1.324401083508425074e+02 1.567325320314753014e+02 1.611035409714497462e+02
1.322672722778395666e+02 1.565245643307378600e+02 1.607738845630948106e+02
1.320374490174267805e+02 1.563310468421703092e+02 1.603508219008775200e+02
1.318546121204630595e+02 1.561220903884974973e+02 1.601743912989741716e+02
1.316514233922465280e+02 1.558742120875046453e+02 1.598169365138219291e+02
1.315154698636344790e+02 1.555791105343385539e+02 1.595837556132327961e+02
1.313341469946030600e+02 1.553605755366044718e+02 1.594286346969884107e+02
1.312400403740782053e+02 1.551426791084744252e+02 1.592946689737568420e+02
1.311053124871256159e+02 1.550565340089811741e+02 1.592026016561611641e+02
1.309849833147942206e+02 1.549578544061302807e+02 1.591744015984839109e+02
1.310053248465372917e+02 1.549238969225064864e+02 1.591392493717299033e+02
1.310359761875334641e+02 1.549896283936884629e+02 1.591091954022988375e+02
1.310263976434721656e+02 1.550054690396736987e+02 1.589459069748280058e+02
1.310168190994108670e+02 1.549971058377621205e+02 1.589372759856630921e+02
1.309517467968524613e+02 1.550439068100358497e+02 1.588772607423886711e+02
1.309349070984221157e+02 1.550195072714538753e+02 1.588821118114777846e+02
1.309825938285337656e+02 1.549683187080294999e+02 1.589971985333498026e+02
1.308827400815721091e+02 1.549426214312198624e+02 1.590722304618300029e+02
1.307418839863222502e+02 1.548876220491904689e+02 1.590517962344992497e+02
1.307160940139249306e+02 1.548493799695134499e+02 1.590155419602026825e+02
1.306559139784946240e+02 1.548550241008528019e+02 1.589998352078441144e+02
1.304904935525069050e+02 1.549513142174432403e+02 1.590195175709636146e+02
1.304926873480822280e+02 1.550637539653112640e+02 1.591039220533102707e+02
1.306006468092118951e+02 1.551997692909817488e+02 1.592174535492110579e+02
1.306284760845383630e+02 1.553834301487249263e+02 1.592487537593210618e+02
1.306780991224817683e+02 1.553993531907881049e+02 1.593296564083549640e+02
1.306590553289663319e+02 1.552864190664524244e+02 1.593584950356363095e+02
1.306364067070407486e+02 1.551247888600502733e+02 1.593932661805298210e+02
1.306372718658591907e+02 1.549553619247723759e+02 1.593209327236023682e+02
1.306071457998599215e+02 1.548259176863181210e+02 1.593091603839657182e+02
1.305375726115436805e+02 1.547330161084332474e+02 1.591679747044040596e+02
1.305691612079264985e+02 1.545600358422938996e+02 1.590043463931116889e+02
1.306262616899435614e+02 1.544227639764347089e+02 1.588372471470358107e+02
1.305523318090058922e+02 1.543551373954599626e+02 1.587154245457916204e+02
1.305784101676760258e+02 1.542994994438264769e+02 1.587210995756601903e+02
1.305571519795657593e+02 1.542592489597495273e+02 1.586527520290034090e+02
1.303733675277056818e+02 1.542470543402133956e+02 1.587233139702550204e+02
1.302250030898529189e+02 1.542264347217072498e+02 1.587126745766901479e+02
1.301180117826391438e+02 1.542661290322580783e+02 1.586486631236353162e+02
1.301395686565319352e+02 1.543157005726527302e+02 1.587820520743212569e+02
1.300689243192024094e+02 1.543594116920034480e+02 1.588217772834013033e+02
1.300110307749351080e+02 1.544467206360977229e+02 1.587217381452642826e+02
1.299352881802826118e+02 1.545007518642112530e+02 1.586880896469328093e+02
1.298943270300333666e+02 1.545416512174020625e+02 1.586746693857372463e+02
1.299154410250071976e+02 1.545857125200840301e+02 1.586514748897952529e+02
1.298347546656779059e+02 1.546138713797223261e+02 1.586173423145058337e+02
1.299469781238413191e+02 1.546691591480245620e+02 1.587613500597371683e+02
1.300842396901907421e+02 1.547541198038973391e+02 1.589754047707329221e+02
1.301871832900753816e+02 1.548753965311251193e+02 1.590532381658632914e+02
1.302735858773122288e+02 1.549702859143904732e+02 1.591599925843529775e+02
1.303564660322168720e+02 1.550319902772627927e+02 1.592456742059077897e+02
1.305125345033576423e+02 1.550011947431302133e+02 1.592579306225023572e+02
1.307215630535986577e+02 1.549363078317472002e+02 1.593292135294360037e+02
1.308119515511061763e+02 1.548966959172743429e+02 1.593622337576731240e+02
1.308617908787541637e+02 1.548348473612656164e+02 1.593741708894656597e+02
1.309929242368063171e+02 1.548396057347670194e+02 1.594309005891319657e+02
1.311501771515675898e+02 1.547869752399785739e+02 1.593683207679314364e+02
1.312034565154698669e+02 1.547428006426894171e+02 1.592676224611708449e+02
1.311710645573270710e+02 1.546163947596094488e+02 1.591447802084620662e+02
1.311680056029333059e+02 1.545749804309314754e+02 1.590677089770526891e+02
1.311815391587360580e+02 1.545673175956824537e+02 1.590451324516953093e+02
1.309982490833436373e+02 1.546122028591439062e+02 1.588533967783133392e+02
1.308820912124582776e+02 1.547175874428377256e+02 1.587934330325876431e+02
1.307674782680344379e+02 1.548013224570510431e+02 1.588002822065669761e+02
1.307232830717257741e+02 1.549078296873068723e+02 1.587956989247311697e+02
1.307319037613809485e+02 1.549776500638569701e+02 1.588136921682527998e+02
1.308894244633955282e+02 1.550029662588060830e+02 1.588515634655790336e+02
1.311487764182425053e+02 1.550419293041651088e+02 1.590867733695876041e+02
1.312633893626663451e+02 1.550940448234663904e+02 1.591513924937173101e+02
1.313087278045564972e+02 1.551263646850409827e+02 1.592669323940180561e+02
1.313873954599761191e+02 1.551480554525604703e+02 1.593299756931569959e+02
1.313360524039055690e+02 1.551490957030445372e+02 1.593193260000823841e+02
1.313082643266180582e+02 1.551770897705269192e+02 1.593449717793432967e+02
1.313196658839039230e+02 1.552492378362789793e+02 1.593563527376096829e+02
1.313940077452313346e+02 1.553378136200716710e+02 1.593969431055081714e+02
1.313961603427676721e+02 1.554338153503893238e+02 1.594918942858319895e+02
1.312934639311168894e+02 1.553718432002636689e+02 1.595053866435957559e+02
1.311112450047377820e+02 1.552945556791496813e+02 1.594752708771062544e+02
1.310434021340584252e+02 1.551865653194907964e+02 1.593359803073373655e+02
1.309734787624109060e+02 1.550197029621390072e+02 1.592209244839945654e+02
1.309568038561364460e+02 1.548627075351213307e+02 1.591619494912042114e+02
1.308190994108680343e+02 1.547291228937502581e+02 1.590152844724591148e+02
1.307134470399209079e+02 1.546276521237589066e+02 1.589034317966464869e+02
1.306911486013265744e+02 1.544980121946195482e+02 1.588704012688995988e+02
1.306645243686400590e+02 1.544616034276768346e+02 1.588743871791702702e+02
1.306713117455608995e+02 1.544838400692127038e+02 1.589008260206814214e+02
1.308003131050961940e+02 1.546384666089894040e+02 1.589778766530713199e+02
1.308272051250360448e+02 1.547174741482305365e+02 1.589618815144399093e+02
1.308473509660940124e+02 1.547954826350265591e+02 1.589951489309108865e+02
1.308341778931322779e+02 1.548897746467268064e+02 1.590115972479709967e+02
1.308405841881926506e+02 1.549292114695340388e+02 1.590313105096197432e+02
1.309808635108968815e+02 1.549723767148683748e+02 1.591142009640341257e+02
1.310714682981090107e+02 1.549750442878919046e+02 1.592155378403988095e+02
1.311140464713879510e+02 1.550855580274378838e+02 1.593906913030939734e+02
1.312934433320973824e+02 1.551954331973797991e+02 1.595410229473077095e+02
1.313758497095538189e+02 1.553145985251101990e+02 1.595772257240555234e+02
1.312947410703250455e+02 1.553596176821983192e+02 1.596085465331850344e+02
1.312348288221480743e+02 1.554035656902731546e+02 1.595677295760721677e+02
1.311124397478679953e+02 1.554294380587484170e+02 1.595157685494170607e+02
1.311095558851398550e+02 1.554886808387920780e+02 1.595442363943476209e+02
1.311151176204012643e+02 1.555467082766860187e+02 1.596423083261236684e+02
1.310190849915543936e+02 1.554980327936390267e+02 1.596883265356568984e+02
1.308591130062208947e+02 1.553042578173279082e+02 1.595837865117620424e+02
1.307782824537551960e+02 1.551056008733984299e+02 1.594041836608577398e+02
1.306333683516664621e+02 1.547603716063115371e+02 1.591946710336588069e+02
1.304749721913237011e+02 1.546227598566308359e+02 1.590169941910764919e+02
1.302293082849256507e+02 1.545035945289004360e+02 1.587071231409384779e+02
1.300647942157953310e+02 1.543671981213694266e+02 1.583892287727104247e+02
1.298692477238083427e+02 1.542542124994850212e+02 1.580870205578214609e+02
1.297013760145017045e+02 1.540279837679726427e+02 1.579013306966588459e+02
1.295451118526758023e+02 1.539034626951757048e+02 1.577873563218390700e+02
1.296926214312198624e+02 1.537483314794215801e+02 1.577823095620648530e+02
1.298205516417418437e+02 1.536538849750751865e+02 1.578358670127302048e+02
1.299198801137065971e+02 1.535795637127672819e+02 1.578066061055493776e+02
1.299160486960820720e+02 1.535194763729246574e+02 1.577687657067523617e+02
1.298955732707123047e+02 1.534758270506324038e+02 1.578210460182095289e+02
1.298208194289951791e+02 1.534677110369546540e+02 1.578154018868701769e+02
1.296585094549499502e+02 1.534485024512833320e+02 1.578075227619165446e+02
1.296233572281959425e+02 1.533957380628682188e+02 1.578133831829604787e+02
1.295289210233592883e+02 1.534168623573517891e+02 1.578720800889877580e+02
1.294604498825855785e+02 1.534333827709801028e+02 1.578688151443991217e+02
1.293989103118691446e+02 1.534610163556214673e+02 1.579019486672434311e+02
1.291846496106785196e+02 1.534860647633172732e+02 1.577672001812713631e+02
1.289834383883327291e+02 1.536113891978741890e+02 1.576714559386973065e+02
1.288807934742306145e+02 1.536718885181065275e+02 1.576338833271536259e+02
1.287807749351131008e+02 1.537206566967412300e+02 1.576698595146870900e+02
1.287977897252090713e+02 1.537682713302846764e+02 1.576571911177028085e+02
1.287733901866271253e+02 1.536897169694722436e+02 1.576593334157294066e+02
1.287901680879990067e+02 1.534792464878671865e+02 1.577103056894491715e+02
1.288538808552712851e+02 1.533687327483211789e+02 1.577051559345775047e+02
1.288789189634573518e+02 1.533262060725909350e+02 1.577875417130144626e+02
1.288938120545462027e+02 1.532846166522473652e+02 1.576369422815473911e+02
1.289203435916450360e+02 1.532897252090800464e+02 1.575381493840893086e+02
1.288756746178881940e+02 1.532935463271948322e+02 1.574433835949408831e+02
1.287782824537551960e+02 1.532335619824496291e+02 1.574132678284513531e+02
1.287698265562559357e+02 1.532718246611461268e+02 1.574005479339183466e+02
1.288025274996910241e+02 1.533339616034276673e+02 1.574490277262802351e+02
1.288599369670003796e+02 1.534009908128373070e+02 1.575730956206484450e+02
1.288136406707040749e+02 1.534893091088864310e+02 1.577022411733201466e+02
1.288540456474271707e+02 1.536730008651588264e+02 1.577338503687224431e+02
1.289387694145758587e+02 1.537922691879866477e+02 1.578360009063568441e+02
1.289954476166934398e+02 1.539526428542001497e+02 1.580390660404564755e+02
1.292200696246858627e+02 1.540653812878506983e+02 1.581801281259012057e+02
1.294819861574588913e+02 1.542021896757714217e+02 1.582444588637580978e+02
1.296384151114407075e+02 1.542591974622008024e+02 1.582035904090965346e+02
1.298065752070201597e+02 1.543538602562518065e+02 1.583337659127425638e+02
1.297832159189222523e+02 1.545045008857578352e+02 1.583880649281094293e+02
1.297738227660363464e+02 1.546081963498537561e+02 1.583880237300704437e+02
1.298559613562394475e+02 1.547762328513162799e+02 1.583686709512627147e+02
1.298584023400486274e+02 1.549314773616775938e+02 1.584332179788242172e+02
1.299375128743871812e+02 1.551143348576607650e+02 1.585346784493058010e+02
1.299091274255345354e+02 1.552179582251884824e+02 1.587519569068512340e+02
1.299048840275202963e+02 1.553201499608618690e+02 1.589640753100152324e+02
1.298793824413957907e+02 1.553522844312610687e+02 1.591061055493758545e+02
1.298719564948708580e+02 1.553110348947390094e+02 1.591213591233057230e+02
1.299381411444815342e+02 1.552776953816998287e+02 1.591697462200799293e+02
1.299687203889094747e+02 1.552758208709265375e+02 1.591998722860791702e+02
1.299838091706834859e+02 1.553016005438141178e+02 1.590492213570634021e+02
1.300605714168005704e+02 1.553353314382235340e+02 1.589389445062415120e+02
1.301139125777613117e+02 1.553543340336999847e+02 1.589235261401557295e+02
1.301115539900300746e+02 1.552773451983685504e+02 1.588118279569892479e+02
1.303546327194825665e+02 1.553189449182218880e+02 1.588829666707864590e+02
1.305753924113212179e+02 1.553688357434186003e+02 1.590661537510814583e+02
1.307320376550076162e+02 1.555025954764553262e+02 1.592741832488773639e+02
1.308040724261525156e+02 1.555145326082478334e+02 1.593073682692703699e+02
1.309305916038396447e+02 1.556274049355250781e+02 1.594903905574094551e+02
1.308950376962056623e+02 1.557762122522968014e+02 1.595986178057924576e+02
1.309205083838009216e+02 1.559047398343838893e+02 1.596994603056894562e+02
1.309262246117084771e+02 1.559590285502410154e+02 1.597971511556049791e+02
1.308973447863881745e+02 1.560339265850945480e+02 1.598237547892720443e+02
1.309018559716557490e+02 1.561056317719276478e+02 1.598679396860709403e+02
1.306620833848308791e+02 1.562876653071313910e+02 1.599219091171260345e+02
1.306275697276809638e+02 1.563616569851274960e+02 1.598973241873686675e+02
1.305663391422568225e+02 1.564878671775223609e+02 1.599383059366374198e+02
1.305356363037119536e+02 1.565995859597083211e+02 1.600175709636221200e+02
1.305621781403205262e+02 1.567486301652041334e+02 1.600879681127178458e+02
1.305033988382153041e+02 1.568992192971614656e+02 1.602353746961644561e+02
1.304910085279940688e+02 1.569139166975651847e+02 1.604316112553042615e+02
1.304266880896469445e+02 1.568843880031310505e+02 1.604189531578296908e+02
1.304095085073950600e+02 1.567621328224776391e+02 1.604526325546904104e+02
1.304782268364025981e+02 1.567007065463683944e+02 1.604396757714332864e+02
1.305176430601903235e+02 1.566100193630783224e+02 1.604543113747785696e+02
1.305314856012853681e+02 1.564830264079429867e+02 1.603545606229143630e+02
1.304895562971202594e+02 1.564079738804432793e+02 1.602504737774482066e+02
1.304656099369670130e+02 1.562939068100358497e+02 1.602108721624850602e+02
1.304406439253491499e+02 1.562309974045235492e+02 1.601861121410620967e+02
1.304759712437687824e+02 1.562010052321509477e+02 1.602700531454702855e+02
1.306182692703827399e+02 1.562327071231409263e+02 1.604733860668232239e+02
1.306873377827215563e+02 1.563362171960614546e+02 1.606279508095414599e+02
1.307709389033082061e+02 1.564315597577555366e+02 1.607200593251761234e+02
1.308883121163432577e+02 1.565258002719070589e+02 1.609370287974292353e+02
1.309248341778931319e+02 1.566636695093313563e+02 1.610700263667449406e+02
1.310376447081118840e+02 1.567943805874840280e+02 1.611439047501338848e+02
1.310581613315206084e+02 1.569163267828451467e+02 1.611870184979194960e+02
1.310652988917727555e+02 1.570171486837226666e+02 1.612585485930869709e+02
1.310193321797882504e+02 1.570799653936472566e+02 1.613075639599555018e+02
1.309329398920611425e+02 1.571461500432579328e+02 1.612523997857701943e+02
1.308909590903473088e+02 1.571818893420673078e+02 1.612276809623861880e+02
1.307437893956247592e+02 1.573053701643801787e+02 1.612197194413545844e+02
1.307274440736620988e+02 1.574045647427182359e+02 1.612047336546780514e+02
1.307299365550199752e+02 1.575303423557038798e+02 1.612909714497589846e+02
1.309868475260577725e+02 1.576202364767437132e+02 1.614789787006138511e+02
1.311396201540806601e+02 1.577001297738227663e+02 1.616158488855930386e+02
1.311674185308779386e+02 1.577233139702550204e+02 1.616848659003831301e+02
1.311825279116714000e+02 1.576151794174597285e+02 1.616100399620978010e+02
1.311580356775017435e+02 1.574805236270753426e+02 1.614891340172207777e+02
1.312320582540270948e+02 1.573117661599307837e+02 1.613428706793556557e+02
1.312305545256045889e+02 1.571545956412474823e+02 1.612237259506447629e+02
1.312852243233222111e+02 1.570293330037490307e+02 1.609941086804268195e+02
1.313023112099864136e+02 1.568833168541177372e+02 1.608096856589626213e+02
1.312254665677913863e+02 1.566990895233386993e+02 1.606968545297243907e+02
1.310656181765747874e+02 1.566040662464466777e+02 1.606029641989041181e+02
1.309004758373501431e+02 1.565611790878754164e+02 1.605080439171095463e+02
1.307934639311168894e+02 1.565673587937214108e+02 1.605022761916532659e+02
1.306690046553784157e+02 1.565708400280146577e+02 1.605172104807811024e+02
1.306698698141968578e+02 1.565788736456144647e+02 1.605878857166398745e+02
1.306266427718040575e+02 1.566028406047872181e+02 1.606073208915255748e+02
1.305346063527375975e+02 1.566940530630741932e+02 1.606820953322621790e+02
1.305146768013842404e+02 1.566498990648045151e+02 1.606901392493717253e+02
1.304754665677913863e+02 1.566834857660775242e+02 1.606413916697565298e+02
1.304331664812754923e+02 1.566743295019157074e+02 1.606813846660898832e+02
1.304068615333910088e+02 1.566944547439541964e+02 1.605645470275614741e+02
1.303469389857042700e+02 1.566394553619247745e+02 1.604923062662217319e+02
1.302442425740534873e+02 1.565418881061261516e+02 1.603258043917109603e+02
1.301572426152515050e+02 1.564109298397396230e+02 1.601168067399991628e+02
1.300019775058707125e+02 1.563451056729699644e+02 1.599988258558892653e+02
1.298238268858402478e+02 1.562750999052445025e+02 1.599508816380340193e+02
1.296685720759691947e+02 1.562326659251019692e+02 1.599429407160219228e+02
1.295697585794916051e+02 1.561192065257693855e+02 1.598604828410167613e+02
1.294461953611008198e+02 1.559822333456927481e+02 1.597466011617846959e+02
1.293564454331973934e+02 1.558303361759980135e+02 1.596277036213076315e+02
1.292755839822024484e+02 1.555840851975445958e+02 1.596161372718658527e+02
1.292253635726939365e+02 1.553749433526964197e+02 1.595655460800065839e+02
1.291960202694351665e+02 1.552467247559016243e+02 1.595667305236270863e+02
1.292335516829398898e+02 1.550573373707411520e+02 1.595552774687924966e+02
1.292043731718370339e+02 1.549276974416017936e+02 1.594916985951468575e+02
1.291746281876982607e+02 1.547969554649198756e+02 1.593061838256498959e+02
1.292185040992048641e+02 1.547163721006880053e+02 1.592244366168170302e+02
1.292570242656449579e+02 1.547142710007003643e+02 1.592252193795575295e+02
1.293456824455155925e+02 1.547622667161043069e+02 1.592186585918510389e+02
1.294287170930663819e+02 1.548569810077040358e+02 1.592993449511803306e+02
1.293432414617064126e+02 1.550034709347835076e+02 1.592957916203188802e+02
1.292898179046677285e+02 1.551806945989370945e+02 1.593676101017591691e+02
1.291931879042557512e+02 1.553186462324393347e+02 1.594857866765541985e+02
1.291828677954929390e+02 1.554519012894986076e+02 1.595192806822395255e+02
1.292518951097927697e+02 1.555629300045317791e+02 1.595953322621843142e+02
1.294248650764223498e+02 1.556436987599390136e+02 1.596500432579409221e+02
1.295458534173773444e+02 1.556570984221150979e+02 1.595898220244716299e+02
1.296573147118197085e+02 1.556192168252791248e+02 1.595858773122399441e+02
1.296611976269929585e+02 1.556308861698183250e+02 1.596276212252296887e+02
1.297102232933712287e+02 1.556724549911424162e+02 1.595753615127920000e+02
1.296894697812384152e+02 1.557971099575660219e+02 1.596991307213776565e+02
1.297249000947554975e+02 1.559333930704898421e+02 1.599795451736497398e+02
1.297915894203435982e+02 1.560385201664400654e+02 1.602063300786882678e+02
1.298556420714373871e+02 1.561077225724055495e+02 1.603888682898694071e+02
1.298856136447905101e+02 1.560672043010752645e+02 1.604605013801343034e+02
1.298222098628105243e+02 1.560290961150249132e+02 1.603502451283318919e+02
1.297865117620401350e+02 1.559663515016685267e+02 1.602824640547109993e+02
1.297887467556544436e+02 1.558978494623655990e+02 1.602858319943970571e+02
1.298010340707782291e+02 1.558066885016273204e+02 1.601990792238289316e+02
1.296822086268693681e+02 1.556960202694351665e+02 1.601599513863140203e+02
1.296366538952745771e+02 1.555977526469740155e+02 1.600398900012359320e+02
1.296111008116013750e+02 1.555354097144976038e+02 1.599641680056029429e+02
1.296435957648415922e+02 1.555178490503851947e+02 1.599680818193054108e+02
1.296547810324228465e+02 1.555536707452725125e+02 1.600200531454702855e+02
1.297342417500927070e+02 1.555809335475631485e+02 1.600532278663535521e+02
1.297375375932105612e+02 1.557378568780125931e+02 1.600699954682157227e+02
1.296916223787747811e+02 1.557707741111523205e+02 1.601234293247641460e+02
1.297467247559016243e+02 1.558078523462283158e+02 1.602786223375767349e+02
1.298006632884274723e+02 1.558730791414328678e+02 1.602413484118156077e+02
1.298831932600008372e+02 1.559532814238042135e+02 1.602460346887488072e+02
1.297415647015202183e+02 1.560103304082725799e+02 1.602717525645779233e+02
1.295483150002060029e+02 1.561596630000412063e+02 1.602645120092283548e+02
1.295544947060519974e+02 1.562798788777654124e+02 1.602810736208956541e+02
1.296323178016726274e+02 1.564009599143080891e+02 1.603832447575495337e+02
1.296186812507724540e+02 1.565095785440612985e+02 1.604806369216825317e+02
1.298596176821983192e+02 1.565762884686688778e+02 1.605303938532525763e+02
1.300781423804226904e+02 1.566631854323734103e+02 1.606129032258064626e+02
1.302167428830387621e+02 1.567633687636468380e+02 1.606398776418242562e+02
1.303342499897004814e+02 1.568135788736456107e+02 1.606757508342602989e+02
1.303380402092860493e+02 1.566846084126395624e+02 1.606166316483335379e+02
1.303165142339224758e+02 1.564472459110946261e+02 1.606212458286985623e+02
1.304690293742017957e+02 1.561838462489185417e+02 1.606578605858361186e+02
1.304606867713096960e+02 1.559664647962756874e+02 1.605587175050467579e+02
1.305886066823219096e+02 1.556129959213941447e+02 1.604265232974910305e+02
1.306073208915255748e+02 1.555780290858155013e+02 1.603703188728216560e+02
1.304775985663082452e+02 1.555636406707040749e+02 1.603383903926172991e+02
1.303671260248012231e+02 1.555223808346722763e+02 1.602638425410950447e+02
1.303486796028508934e+02 1.554919457833807144e+02 1.602504634779384389e+02
1.302552630494788559e+02 1.555120298273802177e+02 1.602362295554731588e+02
1.303309438470728878e+02 1.555373666213488377e+02 1.602594549499443701e+02
1.303234252049602446e+02 1.556363861080212700e+02 1.603441581180735795e+02
1.303385345857537061e+02 1.556603324681745164e+02 1.603762822889630399e+02
1.303974271824661173e+02 1.556952581057141742e+02 1.603597000782762620e+02
1.304404173361348001e+02 1.556834651670580456e+02 1.604743336217196088e+02
1.304356486631236294e+02 1.557134264409014008e+02 1.604231347587854941e+02
1.303138981584476710e+02 1.556942178552300788e+02 1.602897046100605678e+02
1.301982758620689538e+02 1.557084929757343446e+02 1.601805916038396447e+02
1.301955258929674812e+02 1.557474148230544131e+02 1.601891504964363833e+02
1.300826741647097720e+02 1.557767375272937045e+02 1.601309273678572822e+02
1.299959831912001107e+02 1.557921352943599800e+02 1.601569336299592123e+02
1.300664421373542723e+02 1.557322024471635018e+02 1.602023853664565536e+02
1.301843612244057056e+02 1.556722181024183271e+02 1.603197070819429086e+02
1.302980884109916246e+02 1.556679541053845810e+02 1.604719956330078787e+02
1.303005190952910652e+02 1.556430498908252105e+02 1.605487887776541811e+02
1.303701128826267848e+02 1.556892637910435440e+02 1.605467391752152650e+02
1.302074630247600169e+02 1.556387961933012036e+02 1.602537181230173360e+02
1.300400547933918460e+02 1.554611296502286564e+02 1.599766819099410782e+02
1.298610287150331715e+02 1.552700119474312999e+02 1.596771927656243690e+02
1.296823013224570502e+02 1.550726115436905275e+02 1.594123408725744753e+02
1.296568615333910088e+02 1.549346805092077659e+02 1.592618856342438107e+02
1.294987331603015832e+02 1.547810839204053934e+02 1.592067935566267067e+02
1.294075516005438260e+02 1.546649157500102945e+02 1.590581510320108691e+02
1.292549849627157812e+02 1.544968380505087850e+02 1.588514295719523659e+02
1.290907386808387969e+02 1.543499464425493386e+02 1.586723416965352556e+02
1.289365859185102750e+02 1.542773451983685504e+02 1.586035306719400069e+02
1.290854550323404624e+02 1.541811683763852727e+02 1.587536254274296539e+02
1.293145058295225169e+02 1.541735055411362509e+02 1.589766819099410782e+02
1.294275738474848652e+02 1.541312363531496032e+02 1.591043752317389703e+02
1.295360585836114069e+02 1.542139723149178110e+02 1.592526469740040511e+02
1.295083220038726211e+02 1.542095332262184399e+02 1.592602274131751301e+02
1.296184752605775827e+02 1.542700016479215606e+02 1.591224920693775005e+02
1.296529065216495553e+02 1.543783421909117237e+02 1.591557491863387384e+02
1.296798706381576096e+02 1.544229390681003622e+02 1.590738680838792050e+02
1.296756272401433705e+02 1.544137725044287777e+02 1.590565649075103920e+02
1.296621760804185612e+02 1.544451860091459707e+02 1.590470069624686005e+02
1.296483438388332843e+02 1.543990339059860730e+02 1.591206175586042093e+02
1.297472912289375131e+02 1.543077184526016481e+02 1.591869155028220746e+02
1.297643884151114548e+02 1.542497425122564039e+02 1.591759774234746487e+02
1.297629876817863419e+02 1.542211922712479009e+02 1.591006674082313737e+02
1.297235405594693702e+02 1.542287933094384584e+02 1.590808305524656987e+02
1.296428336011206000e+02 1.542346949285214066e+02 1.589841799530342428e+02
1.295850430519507199e+02 1.541073723890742713e+02 1.589179850039138273e+02
1.295263873439624263e+02 1.540064783916285478e+02 1.588629341243356805e+02
1.295337411939191554e+02 1.539108062456226946e+02 1.587987681786347025e+02
1.295952704651258500e+02 1.538685576566555540e+02 1.588505953116631702e+02
1.295416615169118018e+02 1.538234458039797232e+02 1.587355394883203701e+02
1.294918839863222502e+02 1.537754809871050270e+02 1.587046924566390658e+02
1.295362336752770602e+02 1.537224797099657962e+02 1.585819840975569548e+02
1.294727474972191317e+02 1.536429880937667463e+02 1.585035636303711897e+02
1.294027211304741911e+02 1.536165080542166095e+02 1.584246384872080000e+02
1.294480595723643432e+02 1.535829110534338611e+02 1.584021031598895775e+02
1.295755572034771035e+02 1.536047357145799879e+02 1.584133399250195566e+02
1.296786655955176570e+02 1.536470975981543177e+02 1.584574733242697562e+02
1.297455300127713826e+02 1.536881205454620272e+02 1.584793700819840865e+02
1.298004263997033831e+02 1.537651505788324471e+02 1.585345136571499154e+02
1.297907448605446348e+02 1.538997857701973260e+02 1.586120689655172384e+02
1.298499258435298600e+02 1.540641144481522815e+02 1.586432558810200533e+02
1.298890433815350320e+02 1.542431817245499133e+02 1.587063712767272250e+02
1.299698533349812521e+02 1.543811333580521534e+02 1.587305751246240675e+02
1.300469451654101363e+02 1.545420631977917765e+02 1.589126807563959858e+02
1.301675730235240849e+02 1.546577472912289295e+02 1.590322786635356067e+02
1.303057821447699212e+02 1.547852655213611968e+02 1.591056626704568941e+02
1.304214147406583493e+02 1.548543649322292310e+02 1.592430890289622312e+02
1.305083014048531425e+02 1.549872904049767328e+02 1.593514192724426266e+02
1.306647097598154232e+02 1.551032422856671928e+02 1.595593663741605894e+02
1.308883842129114612e+02 1.551697050220409437e+02 1.597111296502286564e+02
1.311629073456103356e+02 1.552014481110699080e+02 1.597217793433032682e+02
1.312605981955258869e+02 1.550668026201952898e+02 1.596939191694475255e+02
1.312302455403122678e+02 1.549730873810406706e+02 1.596242841840728488e+02
1.312746467268158028e+02 1.548449717793432967e+02 1.595198162567461679e+02
1.309986507642236120e+02 1.548052053722242931e+02 1.594374922753677026e+02
1.308197276809623872e+02 1.547613706587566469e+02 1.594925946524945459e+02
1.307522864911630336e+02 1.547286594158118191e+02 1.594856424834177915e+02
1.306931879042557512e+02 1.547327380216701727e+02 1.595454311374778626e+02
1.306787788901248177e+02 1.547798376797264552e+02 1.595594487702385322e+02
1.309195299303753188e+02 1.548343323857784242e+02 1.597007889424463372e+02
1.310382626786964977e+02 1.549115375108144974e+02 1.597943702879742887e+02
1.311734437440777867e+02 1.549523132698883501e+02 1.599418077699501453e+02
1.312771392081736792e+02 1.549288200881638033e+02 1.599508095414658158e+02
1.313130329996292289e+02 1.549826762246117084e+02 1.600773802167016981e+02
1.314258229308285024e+02 1.550490153668685309e+02 1.601468710089399679e+02
1.315003707823507568e+02 1.551205351625262665e+02 1.602184526016561676e+02
1.315862686936101795e+02 1.551361080212581953e+02 1.603542207390928240e+02
1.316153854076545997e+02 1.552190293742017957e+02 1.604007436246034786e+02
1.315879475136983388e+02 1.552262287315123785e+02 1.604165018745107716e+02
1.313515634655790336e+02 1.552857907963580999e+02 1.603270300333704199e+02
1.310392823301610861e+02 1.554207349730152714e+02 1.603082540271083190e+02
1.308839863222510473e+02 1.555137601450171019e+02 1.602928356610225364e+02
1.308953672805174335e+02 1.556921785523009021e+02 1.603735117208420888e+02
1.308988485148107088e+02 1.558301301858031422e+02 1.603849853746961571e+02
1.309435380875870294e+02 1.559197668190994079e+02 1.604448976228731567e+02
1.309455052939480026e+02 1.559240617146623720e+02 1.604023915461623915e+02
1.308984365344209664e+02 1.557982635026572780e+02 1.602589811724961919e+02
1.308429015778849021e+02 1.555995241626498569e+02 1.601464899270794717e+02
1.307488979524574688e+02 1.555049849627157812e+02 1.599880731677172037e+02
1.306371379722325230e+02 1.554064289539817878e+02 1.599015057883244708e+02
1.306025522185144041e+02 1.553293474230626714e+02 1.598441169200345939e+02
1.306530198162567444e+02 1.552602995097433336e+02 1.599256066411238919e+02
1.306737939274090650e+02 1.552218617393812110e+02 1.599105178593499090e+02
1.307645635067770797e+02 1.552533267416471006e+02 1.599744057182878123e+02
1.311729905656490871e+02 1.553321076916738832e+02 1.599859720677295627e+02
1.314694104560622918e+02 1.554246796852469856e+02 1.600644337329543134e+02
1.316845775141103161e+02 1.555303011576648942e+02 1.601153648086351211e+02
1.318626251390433879e+02 1.555760824784740350e+02 1.601289086639475840e+02
1.319046471387962072e+02 1.556218946978123938e+02 1.601178057924442726e+02
1.316420920364190579e+02 1.557067008610390246e+02 1.603344868784245989e+02
1.314527458492975711e+02 1.557473015284472524e+02 1.604303856136448019e+02
1.313423557038684919e+02 1.557336855765665575e+02 1.604303444156058163e+02
1.312379186750710574e+02 1.557441086804268195e+02 1.604357413587113115e+02
1.311460367486507721e+02 1.557165265933341516e+02 1.604724076133975927e+02
1.312001400733325056e+02 1.557718143616363875e+02 1.603709059448770233e+02
1.313393688460429303e+02 1.557756354797511733e+02 1.604213529435998851e+02
1.314164503769620467e+02 1.558495859597083211e+02 1.603162155481399225e+02
1.315345960532278582e+02 1.559630453590409047e+02 1.604017117785193420e+02
1.316091439047501410e+02 1.560894821406500910e+02 1.604924710583776175e+02
1.317783854488526458e+02 1.561647921558933660e+02 1.605818090058913299e+02
1.319854055946937024e+02 1.561029744984138858e+02 1.606016664606764834e+02
1.320267993243521687e+02 1.559918324887735253e+02 1.604830264079429867e+02
1.319853643966547168e+02 1.557604128043505227e+02 1.603469801837432556e+02
1.319210439583075924e+02 1.555783998681662865e+02 1.601619700902237184e+02
1.316078667655419565e+02 1.553851501668520712e+02 1.600930354715115698e+02
1.314326721048078070e+02 1.552370844147818616e+02 1.599652391546162278e+02
1.311784390063033072e+02 1.551184340625386255e+02 1.598904441148601450e+02
1.310237609689778822e+02 1.549465970419807945e+02 1.597530589543937651e+02
1.309706669962509693e+02 1.548946772133646448e+02 1.596863284307667072e+02
1.309195711284142760e+02 1.549108371441519409e+02 1.597064021752564713e+02
1.309045029456598002e+02 1.549792361883574472e+02 1.596781403205207539e+02
1.308867362913525199e+02 1.550842396901907421e+02 1.596835887611749740e+02
1.308783009928727381e+02 1.551480966505994274e+02 1.596913030939727207e+02
1.309186750710666161e+02 1.552207081942899549e+02 1.597801466650187479e+02
1.306173938120545586e+02 1.553030321756684486e+02 1.598200469657644192e+02
1.304460923660033700e+02 1.554171095455856175e+02 1.598589482140650091e+02
1.303489370905944895e+02 1.554487599390268997e+02 1.598275656078770623e+02
1.302618444362048251e+02 1.555373975198780556e+02 1.599078399868166400e+02
1.301330181683351839e+02 1.554975590161908201e+02 1.598816174350100994e+02
1.305440819017014746e+02 1.555352964198904147e+02 1.599278931322868971e+02
1.308156490751040337e+02 1.555410538458369274e+02 1.600137189469781163e+02
1.310142339224652801e+02 1.555828801549046148e+02 1.601327915791208341e+02
1.311036233675277174e+02 1.556820747332427004e+02 1.602159910188275092e+02
1.312385366456556710e+02 1.557636983479586377e+02 1.603132698883533180e+02
1.313828224776500520e+02 1.557612985621884434e+02 1.602785090429695458e+02
1.314750030898529189e+02 1.557409261319161260e+02 1.601642874799159699e+02
1.315465331850203938e+02 1.556059716557491868e+02 1.600321756684381853e+02
1.315160054381411499e+02 1.554642298026614071e+02 1.598979524574630204e+02
1.315866600749804434e+02 1.554086021505376323e+02 1.598003955011741368e+02
1.314536831046842167e+02 1.553102418324887708e+02 1.597747188233840063e+02
1.313705763605652237e+02 1.552256416594570112e+02 1.597039096938985665e+02
1.312564268940798513e+02 1.551857516582210792e+02 1.597215527540889184e+02
1.312374448976228791e+02 1.552205743006632872e+02 1.597089770526922905e+02
1.311605075598401413e+02 1.552985827874593099e+02 1.597683949244016048e+02
1.312771186091542006e+02 1.554203435916450360e+02 1.599748588967165119e+02
1.313119824496353942e+02 1.554231965558439299e+02 1.599818934618712092e+02
1.313373810406624784e+02 1.554902669632925551e+02 1.600944774028756115e+02
1.313423763028879705e+02 1.555474601408973001e+02 1.601834033699995814e+02
1.313971078976640854e+02 1.556520825608700989e+02 1.602800333704115587e+02
1.312572405553495685e+02 1.557333456927450186e+02 1.603495653606888425e+02
1.311087216248506593e+02 1.558521814361636473e+02 1.604225682857496054e+02
1.310329790301981632e+02 1.559368640052733497e+02 1.604438573723890613e+02
1.310426399703374045e+02 1.559851893049890919e+02 1.604834898858814256e+02
1.310106702920940904e+02 1.560534750545874090e+02 1.605331335228443095e+02
1.312706711160548707e+02 1.560918098298521102e+02 1.606714456391875672e+02
1.315236167758414751e+02 1.560830346475507895e+02 1.608439315288592297e+02
1.316447390104231090e+02 1.560373975198780556e+02 1.609256890372018347e+02
1.317857598978288536e+02 1.560621163432620619e+02 1.609427038272978336e+02
1.317840604787212158e+02 1.560184979194990262e+02 1.609787830099287191e+02
1.315953013636550963e+02 1.559885984427141352e+02 1.607963477938450012e+02
1.314760433403369859e+02 1.559035141927244297e+02 1.605209904008569310e+02
1.313325402710831042e+02 1.558023627075351101e+02 1.602474663206031380e+02
1.312079059036789772e+02 1.556456865653194939e+02 1.601096691797470442e+02
1.310882976970296170e+02 1.554935525069006701e+02 1.598738001071149029e+02
1.311017076587154406e+02 1.553115292712066946e+02 1.599488217360853639e+02
1.311783360112058574e+02 1.551506097309768109e+02 1.599550014419313584e+02
1.311850512915585227e+02 1.550370473365467774e+02 1.600234519836855895e+02
1.310140588307996552e+02 1.549577205125036130e+02 1.599561755860420931e+02
1.309615416306183704e+02 1.548994767849050334e+02 1.599097556956288884e+02
1.309136901083508349e+02 1.549179541053845810e+02 1.597890660404564755e+02
1.309593066370040901e+02 1.548816895315783029e+02 1.597587133852428565e+02
1.309665368928438909e+02 1.548631298150208124e+02 1.596991410208873958e+02
1.308347546656779059e+02 1.548875911506612226e+02 1.596192683228278213e+02
1.308015078482264357e+02 1.548121369422815405e+02 1.595468009722737293e+02
1.302104601820953462e+02 1.548408725744654646e+02 1.593841408148972221e+02
1.298087690025954828e+02 1.548288324475755076e+02 1.592716804680097198e+02
1.293975301775635387e+02 1.547636365509001735e+02 1.591630824372759889e+02
1.291796440489432598e+02 1.546579532814238007e+02 1.590991121822601144e+02
1.289773513780744167e+02 1.545678222716598782e+02 1.589401392493717253e+02
1.289890310221233563e+02 1.545027499691014725e+02 1.587823919581427958e+02
1.289714394594817293e+02 1.544997940098051288e+02 1.586855559675359473e+02
1.289990421455938758e+02 1.545342973674453049e+02 1.585540930251719942e+02
1.290437935154286606e+02 1.545737341902525372e+02 1.585624459275738616e+02
1.291312878506982997e+02 1.545453590409096591e+02 1.585319902772627927e+02
1.292247147035801049e+02 1.544910497260330544e+02 1.585920055205372137e+02
1.292966876776665401e+02 1.543901763276068095e+02 1.586367877889012448e+02
1.294951180323816686e+02 1.543829769702962267e+02 1.586851954846949297e+02
1.295846516705804845e+02 1.543809685658962678e+02 1.587361059613562304e+02
1.296969678243315514e+02 1.543540147488979528e+02 1.587339945618588501e+02
1.296761834136695200e+02 1.543404193960367365e+02 1.588184299427347241e+02
1.296231924360400569e+02 1.542892617311416075e+02 1.588558274626127798e+02
1.296179602850904189e+02 1.542591459646520775e+02 1.587297511638446110e+02
1.295705928397808293e+02 1.543279363902278192e+02 1.587879639929139444e+02
1.296347793845012859e+02 1.544318996415770471e+02 1.588828327771598197e+02
1.294989906480451509e+02 1.545407036625056776e+02 1.589241235117208362e+02
1.294486981419684355e+02 1.546663267828451467e+02 1.590098257322951554e+02
1.294919663824001930e+02 1.547830511267663667e+02 1.590798109010011103e+02
1.295153153709883327e+02 1.549709450830140440e+02 1.592017261978329827e+02
1.295969389857042700e+02 1.552045070654636731e+02 1.593133213859020429e+02
1.298860565237094704e+02 1.553074712643678197e+02 1.596065999258435397e+02
1.301523812466526522e+02 1.554341552342108628e+02 1.597987269805957169e+02
1.303350739504799662e+02 1.555771536274873199e+02 1.600092695587690059e+02
1.304915853005396968e+02 1.556699522102748006e+02 1.601965352449223303e+02
1.306053433856548338e+02 1.557681374366580087e+02 1.602704857248795065e+02
1.304960037902195893e+02 1.559289539817904711e+02 1.602854406130268217e+02
1.302997672310798123e+02 1.561959481728669630e+02 1.603754377291641049e+02
1.302479606970708232e+02 1.564134944176657314e+02 1.604905862480945871e+02
1.302858319943970571e+02 1.566228937502574752e+02 1.605577081530919088e+02
1.303594734890619122e+02 1.567664689160795888e+02 1.607196164462571630e+02
1.307782824537551960e+02 1.567970687595270363e+02 1.607120669056153019e+02
1.312230564825114243e+02 1.566469122069789535e+02 1.607081633914225733e+02
1.314443517488567466e+02 1.565519404276356568e+02 1.606584373583817467e+02
1.315626828162979507e+02 1.564677831335228575e+02 1.606472005932517675e+02
1.316230482429036499e+02 1.563670642277427589e+02 1.605515696452848715e+02
1.317471058377621205e+02 1.562486095661846548e+02 1.606068883121163537e+02
1.318393379475137124e+02 1.561206793556626735e+02 1.605930354715115698e+02
1.317872533267416486e+02 1.560420837968112835e+02 1.605805009681539275e+02
1.317229843859432208e+02 1.559093437152391459e+02 1.604721913236929822e+02
1.316635253161949493e+02 1.558602974498413971e+02 1.604376364685041096e+02
1.313115189716969553e+02 1.559144831706010734e+02 1.604290157788489353e+02
1.311314629423639531e+02 1.559276665430725473e+02 1.603278951921888620e+02
1.309256375396531098e+02 1.560258517694557838e+02 1.603505953116631702e+02
1.308701643801755097e+02 1.560709430231121075e+02 1.603409961685823646e+02
1.307519981048902196e+02 1.561419684423021579e+02 1.603596279817080585e+02
1.308432826597453982e+02 1.562028900424339781e+02 1.604887323363408029e+02
1.308508733984262449e+02 1.562423474642606891e+02 1.604610575536604529e+02
1.308945948172867020e+02 1.562638940386437696e+02 1.605274996910146967e+02
1.308034441560581627e+02 1.563004984962715866e+02 1.606101841552342080e+02
1.307769641165080543e+02 1.563175853829357607e+02 1.605799756931569959e+02
1.308874778560540619e+02 1.563537057636056602e+02 1.606083817410291203e+02
1.310011432455815168e+02 1.563990236064763337e+02 1.605698203765500693e+02
1.310397870061385106e+02 1.564755489638693291e+02 1.605984221151073257e+02
1.310931796646479768e+02 1.565916450376961961e+02 1.606356033452807708e+02
1.310654121863799162e+02 1.566348205825402715e+02 1.607625757013965995e+02
1.311244592757384737e+02 1.566358814320438455e+02 1.608182857495983171e+02
1.312239113418201271e+02 1.565658859638281228e+02 1.607627095950232672e+02
1.312256828574959968e+02 1.564946751534627083e+02 1.607629670827668633e+02
1.311653071313805583e+02 1.563281732789519083e+02 1.606641123882503166e+02
1.311570057265274158e+02 1.562057121081036541e+02 1.605561529271206780e+02
1.310790899353190753e+02 1.560840439995056101e+02 1.604143389774646664e+02
1.310061385078070373e+02 1.559971882338400633e+02 1.603859432291022813e+02
1.310356775017509108e+02 1.559864561446875086e+02 1.603947184114036304e+02
1.310579656408355049e+02 1.559481934659910110e+02 1.604425905326906445e+02
1.311637622049190384e+02 1.559435380875870294e+02 1.604805957236435461e+02
1.311182074733242757e+02 1.560268096238619080e+02 1.604888044329090064e+02
1.309883718534997854e+02 1.562118712149301700e+02 1.605074465455444397e+02
1.309804824290363854e+02 1.562912186379928414e+02 1.605679458657767782e+02
1.310074053475054541e+02 1.563605034400362683e+02 1.606180838792073473e+02
1.309580603963251235e+02 1.564313331685411868e+02 1.605851563465579090e+02
1.310525069006715171e+02 1.564500988752935484e+02 1.606375190540930191e+02
1.311386005026160717e+02 1.564531990277262707e+02 1.607120463065957949e+02
1.311703229926255574e+02 1.565405388703497636e+02 1.606953611008115956e+02
1.311587360441643000e+02 1.565476764306019106e+02 1.607131895521773117e+02
1.311211222345816338e+02 1.565634346805092036e+02 1.607164235982367302e+02
1.310857949161620013e+02 1.565714888971284893e+02 1.606201025831170455e+02
1.309559901948667289e+02 1.565655872780455695e+02 1.605194660734149181e+02
1.309102397725868343e+02 1.565758661887694245e+02 1.604343303258764877e+02
1.308985601285378948e+02 1.566678614097968989e+02 1.605512503604828396e+02
1.309124232686524181e+02 1.568144234334445741e+02 1.606979771762864004e+02
1.310988031969678218e+02 1.568998063692168330e+02 1.609155852181436046e+02
1.311046739175215237e+02 1.569602438923907357e+02 1.611871626910559030e+02
1.310551229761463219e+02 1.568857681374366564e+02 1.611728772710418980e+02
1.309664235982367302e+02 1.567367136324311048e+02 1.610570489844683379e+02
1.308538293577225602e+02 1.565492419560828807e+02 1.610250999052445025e+02
1.309616446257158202e+02 1.564277283401310115e+02 1.609605322786635497e+02
1.309504387591150589e+02 1.562540786058583535e+02 1.607673134758785523e+02
1.310289828204177525e+02 1.562072776335846527e+02 1.606818893420673078e+02
1.310831170436287323e+02 1.560623017344374546e+02 1.605841881926420172e+02
1.310711696123264574e+02 1.560383450747744405e+02 1.605194660734149181e+02
1.308180591603839673e+02 1.559852099040085704e+02 1.602891999340831433e+02
1.305732810118238376e+02 1.560196823631195286e+02 1.602601965146459122e+02
1.304641474065834359e+02 1.560436802208214999e+02 1.602140753100152324e+02
1.303538911547810244e+02 1.560719214765377103e+02 1.602226959996704068e+02
1.302224797099657962e+02 1.560638569604086854e+02 1.600948275862068897e+02
1.301029230008651609e+02 1.560469657644296149e+02 1.600088369793597849e+02
1.303919787418118972e+02 1.558961706422774398e+02 1.601004202199975168e+02
1.305355333086145038e+02 1.558067091006467990e+02 1.602013760145017045e+02
1.306028303052774788e+02 1.557344271412680712e+02 1.602894780208462180e+02
1.307323466402999088e+02 1.557163721006880053e+02 1.603071828780950057e+02
1.307856260042021859e+02 1.556512688996003817e+02 1.603281835784616760e+02
1.308417068347546603e+02 1.555842499897004814e+02 1.604244530960326358e+02
1.308282041774811546e+02 1.555486445845177741e+02 1.603693610184155318e+02
1.307577452313269930e+02 1.555260989576896122e+02 1.604045132451695395e+02
1.307565401886870120e+02 1.555108659827792223e+02 1.603220862686936243e+02
1.304972294318790489e+02 1.555665966300004186e+02 1.601201849791949883e+02
