1.411640420543075436e+02 1.625867937372362064e+02 1.698048407836018328e+02
1.411309431964299108e+02 1.625507601542999794e+02 1.697392179108993275e+02
1.411811511988503014e+02 1.625985780198169550e+02 1.697970501474926266e+02
1.412690870584675906e+02 1.626894183495953428e+02 1.698986612207851010e+02
1.413466757431359326e+02 1.628031465093411896e+02 1.698944557900310031e+02
1.413635882308448686e+02 1.629582028590878053e+02 1.698431737387489591e+02
1.412720217835262133e+02 1.632575296876181881e+02 1.694832766054005049e+02
1.411616821723016528e+02 1.634329475833900744e+02 1.690712654110884330e+02
1.410316768776945651e+02 1.635313365100975602e+02 1.688293169956886857e+02
1.407790333560245131e+02 1.635218969820739687e+02 1.684604341577793036e+02
1.406294833976249947e+02 1.635185386884502066e+02 1.682588760305574453e+02
1.406198472127675529e+02 1.633927236971484831e+02 1.681052567884426310e+02
1.405866727176461666e+02 1.633063005824067773e+02 1.679408365479162057e+02
1.406129944784811983e+02 1.631583541335753864e+02 1.679406247636336218e+02
1.406243703199455410e+02 1.630231147416988051e+02 1.679157854927766493e+02
1.406705695484456555e+02 1.629081461311549788e+02 1.678219650555933811e+02
1.406288480447772429e+02 1.628137205960214828e+02 1.678568186975266485e+02
1.405977913924816676e+02 1.627720747295968522e+02 1.678528704334014208e+02
1.406073973224415568e+02 1.627660388775433091e+02 1.678537326979804902e+02
1.406524922471825221e+02 1.627987444217532698e+02 1.679275395204598738e+02
1.406770743514106243e+02 1.628770289690643551e+02 1.679755086604644134e+02
1.406430678466076643e+02 1.629518493306104006e+02 1.680562589819226957e+02
1.406679676272596566e+02 1.629772331896225808e+02 1.681693215339232950e+02
1.407433023220633856e+02 1.630201800166401824e+02 1.682065350578624816e+02
1.407288556085016182e+02 1.630810982527796682e+02 1.682363512593601058e+02
1.407288707359503803e+02 1.630664700098328410e+02 1.682124952726722711e+02
1.406871341048332340e+02 1.630578019816957749e+02 1.682694803721352343e+02
1.407609257998638554e+02 1.631620603585205345e+02 1.682014371076317900e+02
1.408836699190681543e+02 1.631736479842674612e+02 1.682361394750775219e+02
1.409165116103169169e+02 1.632728386657590249e+02 1.682107102337190838e+02
1.409383707737690088e+02 1.633388397246804402e+02 1.682819453899099926e+02
1.409239543151047656e+02 1.633930716284698690e+02 1.682408894939868276e+02
1.409279782164738037e+02 1.634134634293926354e+02 1.683338325391422643e+02
1.408893578398003115e+02 1.635109900915210517e+02 1.682827622721428042e+02
1.408850313894561737e+02 1.635966719612737279e+02 1.683138643067846658e+02
1.409603963391573984e+02 1.636689509114287944e+02 1.684720066560774399e+02
1.409069056803569993e+02 1.637430451554345439e+02 1.685327282353831038e+02
1.408696316466227927e+02 1.636884955752212250e+02 1.685258603736479870e+02
1.408624914908100720e+02 1.636111943120792773e+02 1.684993873383253913e+02
1.407998033431661611e+02 1.634945919370697993e+02 1.684126465471598237e+02
1.406987671129264186e+02 1.633360108917630953e+02 1.682733076166704507e+02
1.406330988578776271e+02 1.631681718478178595e+02 1.681831934044323305e+02
1.404018455487482129e+02 1.630569397171167054e+02 1.680121775962483923e+02
1.400647152257771779e+02 1.628669389607442781e+02 1.678565766583465688e+02
1.399500189093109555e+02 1.627363890779820110e+02 1.677513803796989578e+02
1.398407684743967820e+02 1.626761213221390108e+02 1.676664851372815974e+02
1.398185159972770464e+02 1.625922396187882839e+02 1.676225701535435917e+02
1.399919370698131900e+02 1.625701232887073502e+02 1.676118145374782671e+02
1.401923303834808223e+02 1.625483246350503066e+02 1.675018531124725882e+02
1.402867710460630803e+02 1.625992285001134690e+02 1.675465547235458814e+02
1.402993570834278785e+02 1.625781710914454266e+02 1.674707056954844688e+02
1.402860903108690707e+02 1.625639361621662431e+02 1.673402919597609753e+02
1.402400272294077581e+02 1.624991452991453116e+02 1.675712729748127856e+02
1.401583541335753864e+02 1.624472127675667537e+02 1.676667725588079634e+02
1.401674003479313342e+02 1.624419181605022402e+02 1.677521518795855116e+02
1.400947129566598619e+02 1.624147038801906149e+02 1.678245367218818558e+02
1.401083427879888177e+02 1.624102110279101510e+02 1.678715679600635440e+02
1.401845851297178740e+02 1.625235156190908299e+02 1.677286740791165585e+02
1.403064367294455792e+02 1.626123591256334748e+02 1.676357764163073796e+02
1.403359352545193133e+02 1.626263368882837881e+02 1.676557446486650065e+02
1.403644958777702243e+02 1.626697829211103681e+02 1.674537326979804845e+02
1.403420467438166668e+02 1.626847590953785527e+02 1.675446032826563680e+02
1.405226079721655026e+02 1.627157401104303744e+02 1.675130171696543471e+02
1.405827547084184346e+02 1.627914681189017472e+02 1.674461841010513581e+02
1.405432720671658728e+02 1.628530670902352426e+02 1.674619166477573629e+02
1.405120338854852093e+02 1.628572876484381027e+02 1.673876560018152873e+02
1.404603585205355216e+02 1.627365100975720509e+02 1.673625141819832152e+02
1.403096286211330437e+02 1.625729521216246951e+02 1.673381589894864305e+02
1.401546932909764678e+02 1.624053399894107770e+02 1.672607972165494346e+02
1.400615989713334955e+02 1.622388170335073028e+02 1.671989562060358594e+02
1.399696997201421880e+02 1.621472808410861433e+02 1.671502458210422901e+02
1.399346342939263366e+02 1.620182437031994596e+02 1.670108312533091350e+02
1.398419786702972658e+02 1.618414492095907917e+02 1.668692534604039110e+02
1.397033053475531403e+02 1.617098252779668712e+02 1.668398003176764348e+02
1.395645412601164708e+02 1.616516904923984441e+02 1.667342258528099137e+02
1.395291732849254913e+02 1.616227365554799178e+02 1.667325467059980326e+02
1.395166175024582174e+02 1.616469404734891384e+02 1.667056954844565553e+02
1.394803721352393779e+02 1.616745631949171695e+02 1.666784358217986437e+02
1.394862567128053854e+02 1.616979956130398648e+02 1.667238030406172129e+02
1.394145526057030509e+02 1.617395658422207134e+02 1.666964677407155193e+02
1.395013992890098962e+02 1.617459950079419002e+02 1.667653430149005374e+02
1.394918689962937890e+02 1.617441192042961973e+02 1.667107631797897227e+02
1.397643899856289238e+02 1.617948717948717956e+02 1.669513047424551928e+02
1.400136147038801937e+02 1.617916193933893112e+02 1.669983813629831388e+02
1.401881854625217443e+02 1.618397851902276727e+02 1.671317146963164646e+02
1.402994629755691562e+02 1.619122456697677990e+02 1.672212691929506150e+02
1.403207775508660404e+02 1.619436351259359981e+02 1.672436426896603905e+02
1.402832917328492499e+02 1.619678692988427429e+02 1.672599803343166229e+02
1.402995688677104624e+02 1.620052946070645135e+02 1.673110506013160830e+02
1.402985553286438289e+02 1.620527494138113695e+02 1.673682021027153723e+02
1.403336056274109467e+02 1.621367521367521363e+02 1.673862794039785058e+02
1.404284093487633243e+02 1.622342787988805810e+02 1.675361621662506479e+02
1.400159292035398266e+02 1.623763709250434886e+02 1.675415777929052297e+02
1.398158838211935517e+02 1.623895318054610186e+02 1.674258528099236116e+02
1.395442704787837442e+02 1.623618637016867012e+02 1.673385220482565501e+02
1.395169956886770990e+02 1.622489675516224281e+02 1.672546705998033474e+02
1.395249829816201554e+02 1.621311852356100189e+02 1.671525905755994188e+02
1.397855079040919861e+02 1.619975190984040410e+02 1.670834278798880632e+02
1.399619544663792396e+02 1.619041222297859406e+02 1.670547159821496166e+02
1.401615006429165646e+02 1.618256864079872912e+02 1.669889267075107853e+02
1.402753952045987376e+02 1.617658876030557451e+02 1.669711519552227514e+02
1.403668708872248772e+02 1.617796384539747407e+02 1.669761288858634032e+02
1.401318508433552665e+02 1.617969442553513488e+02 1.668005294607064570e+02
1.399490507525905798e+02 1.618182437031994425e+02 1.666838060661069392e+02
1.398329475833900517e+02 1.618837001739656500e+02 1.666527796687088596e+02
1.397951894712956573e+02 1.618875122910521043e+02 1.666463051206414150e+02
1.397444973905150789e+02 1.618875576733983905e+02 1.667057711217003373e+02
1.396727327736177244e+02 1.618997806519930407e+02 1.667040163376446458e+02
1.397500189093109384e+02 1.619212767566749847e+02 1.667670221617124184e+02
1.397976703728916164e+02 1.619436048710385023e+02 1.668809318508433535e+02
1.398814159292035413e+02 1.620275319567354870e+02 1.669128810226155224e+02
1.399741623175251561e+02 1.620887981241963587e+02 1.669221238938053204e+02
1.400710233719083249e+02 1.621539671734362003e+02 1.669786551698056201e+02
1.401531956735496465e+02 1.622602526283942268e+02 1.670280311625444369e+02
1.402128583314423906e+02 1.623690189849481840e+02 1.669535738597685395e+02
1.403065728764843811e+02 1.624716284698585582e+02 1.669604568489524183e+02
1.403532259284471593e+02 1.625324408138567378e+02 1.670776945768096198e+02
1.401895469329097637e+02 1.625818621889418409e+02 1.670985099462975541e+02
1.400262309961424876e+02 1.626563043642689763e+02 1.671655850540806227e+02
1.399094017094017204e+02 1.627583390061266186e+02 1.672970274563194835e+02
1.398594206187126474e+02 1.627016867105362792e+02 1.672873761440133080e+02
1.398652749413811307e+02 1.627213070115724918e+02 1.673153467967627250e+02
1.402827320172452801e+02 1.626252628394221347e+02 1.672758036457151434e+02
1.407350881173890116e+02 1.625245896679525117e+02 1.671775811209439553e+02
1.409182663943725800e+02 1.624164435367975159e+02 1.670357159065123653e+02
1.409430754103320567e+02 1.622719158913849071e+02 1.668792678314802345e+02
1.410266243098101597e+02 1.621176007866273494e+02 1.667960517358747552e+02
1.410371832690416625e+02 1.620233567808789132e+02 1.667109447091748109e+02
1.407419559791241284e+02 1.619003706224945063e+02 1.667310339611224492e+02
1.404135390666364174e+02 1.618645488238408632e+02 1.668107253611678402e+02
1.402122078511459051e+02 1.618554572271386292e+02 1.669136373950533141e+02
1.401224718251266950e+02 1.618818394977687092e+02 1.669800771499886594e+02
1.402173511837228546e+02 1.619391725285530583e+02 1.670414189546932846e+02
1.401806671204901420e+02 1.619973073141214854e+02 1.670638832160956042e+02
1.401079192194236498e+02 1.619925724226609134e+02 1.669927388245972395e+02
1.401285530595265243e+02 1.620581952953634470e+02 1.669585507904091912e+02
1.401040617199909377e+02 1.620493457378413211e+02 1.669584297708191514e+02
1.404182285757507032e+02 1.620879812419635471e+02 1.671023523182815325e+02
1.407011723772785672e+02 1.621144542772861428e+02 1.671640723092050393e+02
1.409577944179713995e+02 1.621681567203690975e+02 1.672494213750850918e+02
1.412188034188034180e+02 1.622119960668633212e+02 1.674354133575372430e+02
1.413474623704712201e+02 1.623348460782088978e+02 1.674736706754405873e+02
1.412548370017396451e+02 1.624792375765827046e+02 1.675149534830950699e+02
1.411457983511080840e+02 1.625662809167234002e+02 1.675362226760456963e+02
1.409968837455563175e+02 1.626582558051584613e+02 1.675024582104228159e+02
1.409400045382346320e+02 1.628053097345132869e+02 1.674900234475455818e+02
1.409231223054231918e+02 1.628579230012858261e+02 1.675579154375614621e+02
1.408569094622191926e+02 1.628815066938960854e+02 1.676640344905831626e+02
1.407589894864231042e+02 1.628178655169805609e+02 1.674734135088117455e+02
1.407166477573557302e+02 1.626558354133575506e+02 1.673446032826563794e+02
1.406560774525376303e+02 1.624935935254519279e+02 1.672581347855684157e+02
1.405744043567052302e+02 1.623524846834581297e+02 1.671160426594054798e+02
1.404715074502685184e+02 1.622327357991074734e+02 1.669988049315483067e+02
1.403129112775130523e+02 1.620347780046895139e+02 1.669446486650026600e+02
1.402101656455638761e+02 1.619143332576960859e+02 1.668625368731563299e+02
1.401432266848196093e+02 1.617769911504424840e+02 1.667882762272142827e+02
1.400279101429543971e+02 1.616738068224793778e+02 1.667166477573557302e+02
1.399425913319718688e+02 1.615492171545269002e+02 1.666612812949095996e+02
1.399516072914302924e+02 1.615659481128507764e+02 1.665818621889418409e+02
1.399788669540882040e+02 1.616398910823689619e+02 1.665443158611300305e+02
1.400310415248468416e+02 1.617495650858482747e+02 1.665266621284320365e+02
1.400203464185765085e+02 1.617994100294985174e+02 1.665673700930338157e+02
1.400597836774827840e+02 1.618384388472884154e+02 1.666503441494591868e+02
1.399609863096588640e+02 1.619335451176159211e+02 1.668089251947658909e+02
1.399546781635277171e+02 1.619556765751455885e+02 1.669285379320777452e+02
1.398958323878677845e+02 1.620222373496709736e+02 1.669980939414567729e+02
1.398742757733908206e+02 1.620411920429619670e+02 1.670542621586869245e+02
1.397889569624082924e+02 1.620529611980939535e+02 1.670709023523182850e+02
1.398630058240677840e+02 1.620558807957038141e+02 1.669682021027153667e+02
1.400438242190454616e+02 1.620784963315936693e+02 1.669163905907268770e+02
1.402214507223356748e+02 1.620569245896679433e+02 1.668843809091596597e+02
1.402602072460479405e+02 1.621464790863020937e+02 1.669408365479162057e+02
1.401960971182210187e+02 1.622209666439754869e+02 1.668572725209893406e+02
1.400533847666590930e+02 1.622368807200665515e+02 1.668342485439830511e+02
1.398409500037818702e+02 1.622660010589214039e+02 1.668257015354360533e+02
1.398308448680130027e+02 1.623078133272823607e+02 1.668410105135768902e+02
1.397975947356478343e+02 1.623282353831026512e+02 1.668594660010589337e+02
1.398431586113001970e+02 1.623031238181680749e+02 1.668204674381665598e+02
1.398496331593676700e+02 1.622522955903486945e+02 1.668554723545873912e+02
1.398289539369185377e+02 1.621039255729521358e+02 1.668659859314726646e+02
1.397742833371152074e+02 1.619589743589743591e+02 1.668057181756296927e+02
1.397758414643370486e+02 1.619086150820664045e+02 1.667743589743589609e+02
1.397973526964677546e+02 1.618788745178125623e+02 1.667341804704636559e+02
1.398612510400120925e+02 1.618345813478556749e+02 1.666755162241887831e+02
1.399004311322895262e+02 1.617833598063686509e+02 1.666107102337190895e+02
1.398160804780273736e+02 1.617806671204901363e+02 1.666403297783828634e+02
1.398313743287194484e+02 1.618058543226684947e+02 1.666522653354511760e+02
1.398691778231601290e+02 1.618589970501474795e+02 1.666894939868391248e+02
1.398005294607064570e+02 1.619014446713561881e+02 1.668453672188185521e+02
1.396422963467211389e+02 1.619566144769684684e+02 1.669427879888056907e+02
1.396825051055139681e+02 1.620490129339686973e+02 1.669871114136600738e+02
1.396296649270100545e+02 1.620672263822706327e+02 1.670559261780500719e+02
1.397344830194387839e+02 1.621114892973299959e+02 1.672538688450192979e+02
1.399015354360487038e+02 1.622214204674381790e+02 1.673546932909764848e+02
1.400484532183647275e+02 1.622952121624688004e+02 1.674329929657363323e+02
1.400241434082142007e+02 1.623896679524998206e+02 1.675572952121624724e+02
1.400907949474321015e+02 1.624381362983132817e+02 1.676207094773466508e+02
1.402448528855608458e+02 1.625696543377959244e+02 1.675179033356024547e+02
1.403552076242341684e+02 1.627011269949323093e+02 1.674373496709779943e+02
1.403767491112623986e+02 1.628411769155131879e+02 1.674553815898948699e+02
1.404246577414718899e+02 1.629766129642235910e+02 1.674665910294228865e+02
1.405018077301263020e+02 1.631225625898192391e+02 1.675447394296951700e+02
1.404556538839724737e+02 1.631410937145450362e+02 1.675665985931472619e+02
1.403332576960895608e+02 1.631781105816504009e+02 1.675325769608955397e+02
1.401056047197640169e+02 1.631815142576204494e+02 1.674932909764768283e+02
1.400130398608274618e+02 1.630675289312457323e+02 1.673743438469102216e+02
1.399711973375690093e+02 1.630238408592391011e+02 1.672492398457000320e+02
1.400481809242871236e+02 1.629278571968837355e+02 1.674218289085545734e+02
1.400745934498146994e+02 1.628855003403675994e+02 1.674439452386355072e+02
1.401442553513350049e+02 1.628045231071779710e+02 1.674009076469253330e+02
1.402086377732395306e+02 1.627988049315482897e+02 1.673753725134256172e+02
1.401720898570456200e+02 1.627940549126389840e+02 1.673005218969820760e+02
1.402151577036532899e+02 1.627693215339233177e+02 1.674373496709779943e+02
1.402493911201875676e+02 1.627540881930262344e+02 1.673443007336812514e+02
1.403625444368807109e+02 1.628596777853414892e+02 1.674981166326299160e+02
1.404387716511610336e+02 1.629019892595113959e+02 1.675624536721881839e+02
1.405111262385598536e+02 1.630005143332576836e+02 1.675747825429241402e+02
1.404463656304364179e+02 1.630640647454806640e+02 1.674570456092579889e+02
1.403905907268739099e+02 1.631417290673927880e+02 1.674481657968383672e+02
1.404348687693820352e+02 1.632508433552681311e+02 1.673159367672641906e+02
1.404742455184933192e+02 1.634162620074124561e+02 1.673393994402844100e+02
1.405161485515467916e+02 1.634852129188412277e+02 1.673881400801754751e+02
1.405541789577187899e+02 1.635562211633008189e+02 1.673989410785870859e+02
1.407396868618107533e+02 1.636543529233794629e+02 1.676858331442402346e+02
1.410288177898797244e+02 1.636348385144845281e+02 1.680288782996747727e+02
1.412128885863399148e+02 1.637277513047424691e+02 1.682284698585583556e+02
1.413985477649194422e+02 1.638248543983057175e+02 1.684633840102866600e+02
1.413939641479464626e+02 1.639061493079192076e+02 1.686432947583390103e+02
1.414652446864836293e+02 1.640380304061719983e+02 1.686542772861356809e+02
1.416492398457000093e+02 1.641393691853868972e+02 1.685522426442780386e+02
1.417466908705846720e+02 1.641603358293623671e+02 1.685685500340367469e+02
1.417836018455487590e+02 1.641296271083881777e+02 1.684799636941229721e+02
1.418175629680054328e+02 1.640611602753195655e+02 1.685897738446411154e+02
1.418565917857953309e+02 1.639573405945087359e+02 1.686490734437637116e+02
1.417874290900839469e+02 1.639436502533847602e+02 1.687779895620603554e+02
1.418616746085772604e+02 1.638808562135995714e+02 1.687557522123893818e+02
1.418365932985402083e+02 1.637968988730050626e+02 1.687119128658951581e+02
1.418849860071098874e+02 1.638123439981847014e+02 1.687073292489221785e+02
1.417920732168519748e+02 1.637595189471295782e+02 1.687092353074654056e+02
1.418024809015959420e+02 1.638193631344073822e+02 1.687485364193328792e+02
1.416854852129188487e+02 1.638125255275697612e+02 1.687723016413281982e+02
1.417138037969896516e+02 1.639125784736404228e+02 1.688788896452613244e+02
1.417630436426896665e+02 1.640376068376068304e+02 1.688877392027834503e+02
1.417672339459950024e+02 1.641384312835640173e+02 1.689960517358747438e+02
1.417449512139777710e+02 1.642514484532183587e+02 1.691046668179411654e+02
1.418190454579835205e+02 1.643216095605476141e+02 1.692107404886166080e+02
1.418402087587928406e+02 1.644232206338401170e+02 1.692507828454731111e+02
1.417647379169503097e+02 1.644479540125557833e+02 1.695120187580364473e+02
1.418352469556009510e+02 1.644844262915059403e+02 1.697014597988049331e+02
1.418431434838514349e+02 1.645581574767415418e+02 1.698888586339913900e+02
1.419580969669465276e+02 1.646762272142803170e+02 1.699784887678692940e+02
1.420205733303078546e+02 1.647659329854020029e+02 1.701903033053475554e+02
1.416285606232508769e+02 1.649512442326601729e+02 1.701077981998336099e+02
1.412691324408138485e+02 1.652292867407911672e+02 1.700193328795098751e+02
1.412774827925270529e+02 1.653620906134180473e+02 1.700325542697224250e+02
1.411981544512518099e+02 1.655391120187580327e+02 1.700657438922925735e+02
1.412108917631041436e+02 1.655957945692458964e+02 1.700544588155207748e+02
1.413809696694652587e+02 1.655857953256183350e+02 1.701542243400650420e+02
1.415456016942742679e+02 1.654678163527721040e+02 1.700660464412676731e+02
1.416453672188185351e+02 1.654033280387262721e+02 1.700316920051433272e+02
1.416864684970879580e+02 1.653125482187429043e+02 1.699578549277664195e+02
1.416153997428333753e+02 1.652060509795022938e+02 1.697679751909840320e+02
1.414550941683685039e+02 1.650135844489826695e+02 1.695736328568187048e+02
1.413579154375614451e+02 1.648887981241963416e+02 1.694289539369185320e+02
1.411940851675364854e+02 1.646952121624688061e+02 1.692647908630209486e+02
1.410657741471900692e+02 1.645688677104606370e+02 1.691586869374480102e+02
1.409645261326677144e+02 1.644789047727100808e+02 1.690840329778382909e+02
1.411629528779971281e+02 1.644761969593828042e+02 1.691520913697904973e+02
1.414228424476212069e+02 1.644569548445654732e+02 1.692772256258981827e+02
1.415368429014446576e+02 1.644685122154148758e+02 1.694403902881778947e+02
1.416311776718856379e+02 1.643631344073822049e+02 1.694293472505861757e+02
1.415782316012404465e+02 1.642949096134936724e+02 1.693811209439527943e+02
1.416282580742757773e+02 1.643253762952878105e+02 1.691973678239164940e+02
1.416619015203085894e+02 1.642916572120111880e+02 1.691091445427728672e+02
1.417097496407230892e+02 1.643403524695559952e+02 1.690789652825050950e+02
1.416962559564329354e+02 1.643775659934952103e+02 1.689957038045533579e+02
1.416928522804628869e+02 1.644249602904470180e+02 1.689642840934876347e+02
1.413538461538461490e+02 1.644614174419484129e+02 1.689637092504349027e+02
1.411106119053021644e+02 1.645123666893578331e+02 1.690252023296271204e+02
1.409997428333711582e+02 1.645082368958475172e+02 1.691197942666969141e+02
1.408639891082368933e+02 1.646091672339459819e+02 1.692884048105287036e+02
1.408991301716965552e+02 1.646814310566522863e+02 1.693574918689963056e+02
1.409918009227743880e+02 1.647466001058921279e+02 1.694061719990923507e+02
1.410821723016413216e+02 1.648492247182512642e+02 1.694313743287194711e+02
1.411503970955298257e+02 1.648953029271613389e+02 1.693911201875803556e+02
1.412206792224491210e+02 1.648592088344300635e+02 1.694602223734967197e+02
1.412464261402314492e+02 1.648328568186975360e+02 1.694516602375009313e+02
1.412954844565464043e+02 1.648096361848574247e+02 1.694939112018757896e+02
1.413513349973526942e+02 1.647907571288102133e+02 1.694082293321231418e+02
1.414121927236971601e+02 1.648049315482943769e+02 1.693639966719612744e+02
1.414103471749489529e+02 1.647466303607896521e+02 1.693690492398457081e+02
1.413252098933514844e+02 1.647298691475682517e+02 1.693601845548748202e+02
1.413733000529460639e+02 1.647401860676197032e+02 1.693162998260343386e+02
1.414644580591483134e+02 1.646851221541487007e+02 1.694932304666817799e+02
1.414341426518417677e+02 1.647027002496029127e+02 1.695386128129490828e+02
1.414990242795552433e+02 1.647642538385901219e+02 1.695866122078511466e+02
1.415194614628242959e+02 1.648570607367067566e+02 1.696501626200741271e+02
1.415598517510021850e+02 1.648498600710990161e+02 1.698479388851070269e+02
1.415508660464412571e+02 1.648449890325996421e+02 1.700481355419408658e+02
1.415832236593298603e+02 1.649560698888132606e+02 1.702156720369109735e+02
1.415456924589667835e+02 1.649165418652144410e+02 1.703756448075032210e+02
1.415251645110052152e+02 1.650215112321307060e+02 1.704944709174797595e+02
1.419990469707283864e+02 1.651566296044172191e+02 1.705195824824143358e+02
1.422485137281597360e+02 1.652515240904621407e+02 1.704838665759019705e+02
1.423290673927841965e+02 1.652613418047046423e+02 1.705576128885863341e+02
1.424244762120868302e+02 1.654099992436275670e+02 1.706192572422660874e+02
1.424747295968534786e+02 1.654866954088193154e+02 1.705889115800620175e+02
1.421334392254746319e+02 1.655999999999999943e+02 1.706089857045609222e+02
1.416649118826109941e+02 1.657953256183344593e+02 1.706874215263595715e+02
1.414312533091294029e+02 1.658030103623023876e+02 1.707388245972316838e+02
1.413142727479010716e+02 1.657447243022464249e+02 1.707254368050828361e+02
1.412268663489902565e+02 1.656578322365932934e+02 1.706873761440133137e+02
1.410551092958172603e+02 1.655165721201119311e+02 1.706481052870433359e+02
1.408316617502458143e+02 1.653620149761742653e+02 1.704370319945541326e+02
1.406470766205279403e+02 1.651822706300582411e+02 1.702836699190681600e+02
1.405175251493835447e+02 1.650458815520762528e+02 1.701785341502155688e+02
1.405338174116935193e+02 1.649757960819907794e+02 1.701333484607820878e+02
1.405183117767188605e+02 1.650028288329173165e+02 1.701270554420997030e+02
1.404670902352318365e+02 1.651095681113380351e+02 1.700170183798502421e+02
1.405030481809242815e+02 1.651164813554194097e+02 1.699740110430375921e+02
1.404073519400953103e+02 1.651152106497239345e+02 1.699796081990772336e+02
1.403838136298313373e+02 1.651461311549807078e+02 1.699169200514333227e+02
1.404380455336207660e+02 1.651901671583087534e+02 1.700392254746236915e+02
1.405324710687542620e+02 1.652003630587701366e+02 1.700886619771575567e+02
1.405256183344678789e+02 1.652323878677860876e+02 1.701919975796081985e+02
1.405436048710384966e+02 1.652588760305574453e+02 1.702572120111942979e+02
1.406095605476136541e+02 1.652753346948037176e+02 1.703778080326752900e+02
1.406975417895772011e+02 1.652676802057333134e+02 1.704152333408970605e+02
1.407568413886997973e+02 1.652802964979956073e+02 1.703569926631873557e+02
1.408431283564027012e+02 1.652568338249754163e+02 1.703882762272142770e+02
1.408395734059450888e+02 1.653581120943952669e+02 1.704438998562892493e+02
1.408243854473942918e+02 1.653909689130928200e+02 1.703979124120716904e+02
1.408662430981015063e+02 1.654063232735799147e+02 1.703704560925799854e+02
1.408818092428711850e+02 1.653548748203615446e+02 1.703985780198169664e+02
1.409293699417593189e+02 1.653042735042735103e+02 1.703417593222903008e+02
1.409715452688903952e+02 1.652263368882837824e+02 1.704173058013765854e+02
1.409848271688979651e+02 1.651441948415399850e+02 1.703868391195824756e+02
1.409602148097723386e+02 1.651159216398154399e+02 1.703532108009984256e+02
1.409001588382119223e+02 1.650205884577565882e+02 1.702994478481204226e+02
1.409022161712427135e+02 1.648940624763633593e+02 1.703792602677558534e+02
1.408571515013993007e+02 1.648120565766583354e+02 1.702564707662052683e+02
1.408844565464034417e+02 1.648144315861129883e+02 1.702483775811209341e+02
1.408891309280689939e+02 1.648354738673322686e+02 1.702457907873836973e+02
1.408951365252250127e+02 1.649149383556463135e+02 1.702843506542621697e+02
1.409906361092201905e+02 1.649804553362075410e+02 1.703956432947583437e+02
1.410157174192572427e+02 1.650256864079872798e+02 1.704938809469782939e+02
1.410125860373647981e+02 1.650762877240753426e+02 1.704621889418349667e+02
1.411574162317525065e+02 1.651613947507752869e+02 1.703488238408592395e+02
1.412771348612056670e+02 1.652633537553891472e+02 1.703268890401633655e+02
1.413133802284244780e+02 1.652630058240677613e+02 1.703241358444898310e+02
1.413293850692080866e+02 1.653219423644202379e+02 1.703003252401482541e+02
1.413558581045306823e+02 1.653692610241282921e+02 1.703143332576960916e+02
1.413618183193404434e+02 1.653397927539520538e+02 1.702656833824975422e+02
1.413822857575069918e+02 1.653264352167007019e+02 1.702631268436578296e+02
1.412918084864987520e+02 1.654247938885106919e+02 1.703430451554345382e+02
1.413210044625973865e+02 1.654549428938809399e+02 1.702737009303380944e+02
1.413766280916723304e+02 1.654681794115422520e+02 1.703439074200136076e+02
1.413030027985780066e+02 1.654852885560850098e+02 1.704098782240375272e+02
1.413126541108842105e+02 1.654596021480977299e+02 1.703146055517736954e+02
1.413585810453067211e+02 1.653576128885863454e+02 1.703434384691021819e+02
1.413122910521140625e+02 1.650929430451554367e+02 1.700319945541184552e+02
1.413282505105513849e+02 1.650139626352015796e+02 1.700720066560774626e+02
1.413445427728613595e+02 1.649059072687391279e+02 1.699817411693517784e+02
1.413566296044172077e+02 1.648625973829513782e+02 1.699119885031389572e+02
1.413694879358596097e+02 1.647552832614779561e+02 1.698551698056122916e+02
1.413412752439301130e+02 1.646640193631344005e+02 1.697654791619393393e+02
1.414004235685651736e+02 1.646648967551622320e+02 1.698041449209590894e+02
1.413600937901822761e+02 1.646858633991377303e+02 1.697687466908705858e+02
1.413165569926631804e+02 1.647161182966492561e+02 1.698619922850011221e+02
1.413374782542924208e+02 1.647535587323197888e+02 1.700913697904848334e+02
1.413033658573481546e+02 1.647866122078511353e+02 1.701850238257318040e+02
1.413713788669540747e+02 1.648284547311095878e+02 1.703018984948188574e+02
1.414746842145072208e+02 1.649233794720520336e+02 1.701856440511307653e+02
1.415487179487179503e+02 1.650144769684592632e+02 1.701019590046138603e+02
1.415974434611602817e+02 1.650755313516375509e+02 1.701479615762801529e+02
1.416588457756599269e+02 1.651144845321836385e+02 1.701024430829740481e+02
1.416121927236971487e+02 1.651286740791165641e+02 1.701660993873383347e+02
1.415491112623855940e+02 1.651627713486120683e+02 1.701706678768625807e+02
1.413996066863323620e+02 1.652934876333106331e+02 1.701136827773995890e+02
1.414363058770138366e+02 1.653542999773088127e+02 1.702302548975115428e+02
1.415284169124876996e+02 1.654463505029876842e+02 1.703541940851675349e+02
1.415386128129490828e+02 1.655044399062098250e+02 1.704214204674381676e+02
1.416321004462597273e+02 1.655097647681718342e+02 1.704176991150442575e+02
1.416320399364647074e+02 1.654186370168671090e+02 1.703677785341502045e+02
1.417220028742152635e+02 1.653451932531578450e+02 1.703398078814008159e+02
1.417004008773920418e+02 1.652084259889569751e+02 1.702252325845246332e+02
1.416874215263595715e+02 1.650387262688147700e+02 1.700590726873912786e+02
1.416705241660993977e+02 1.649018984948188518e+02 1.700398759549202055e+02
1.415962937750548463e+02 1.648272747901066566e+02 1.699687315634218407e+02
1.415008849557522126e+02 1.646956508584827077e+02 1.698955298388926849e+02
1.415674154753800735e+02 1.646537175705317395e+02 1.698154753800771459e+02
1.415255124423266011e+02 1.645542697224113056e+02 1.697423795476892963e+02
1.415581726041903039e+02 1.644951062703275113e+02 1.696338098479691325e+02
1.414915059375236410e+02 1.645114892973300016e+02 1.695700779063610923e+02
1.414945314272747794e+02 1.645527569775357506e+02 1.695043037591710231e+02
1.414438090915967052e+02 1.645371908327660435e+02 1.694579986385296024e+02
1.414598593147265717e+02 1.645282656380001640e+02 1.695011269949322923e+02
1.414922774374101948e+02 1.645705317298237560e+02 1.694932455941305420e+02
1.414522350805536632e+02 1.645835262083049599e+02 1.695894712956659873e+02
1.415256032070191452e+02 1.646183495953407316e+02 1.695901066485137392e+02
1.415485818016791484e+02 1.646576960895544914e+02 1.696824294682701861e+02
1.415861886392859788e+02 1.647107934346872469e+02 1.697603055744648657e+02
1.416253233492171546e+02 1.647582482414340745e+02 1.698527191589138567e+02
1.417137130322971075e+02 1.647873383253914312e+02 1.698356402692685947e+02
1.416984948188488147e+02 1.648473942969518191e+02 1.699015051811512080e+02
1.416861356932153342e+02 1.648691021859163470e+02 1.698621889418349724e+02
1.416429770819151486e+02 1.648581650404659342e+02 1.699410785870962854e+02
1.412834883896830718e+02 1.649402163225172160e+02 1.698682247938885155e+02
1.411002647303532171e+02 1.649264049618032004e+02 1.698127373118523451e+02
1.409398683911958301e+02 1.647799561303986025e+02 1.697051660237500812e+02
1.407803191891687504e+02 1.646231298691475615e+02 1.696271537705165997e+02
1.406379698963769727e+02 1.645446184101051301e+02 1.695440738219499224e+02
1.408619620301036264e+02 1.643625746917782351e+02 1.694000151274487678e+02
1.411488389683079845e+02 1.642227668103774363e+02 1.693606232508887501e+02
1.412245821042281193e+02 1.640681794115422463e+02 1.692407382194992920e+02
1.412393011118674906e+02 1.639049391120187522e+02 1.691728008471371254e+02
1.412555933741774368e+02 1.637591256334619061e+02 1.691903940700400995e+02
1.411043340140685132e+02 1.637305498827622614e+02 1.689687315634218407e+02
1.409312760003025460e+02 1.637206867861735020e+02 1.689404734891460578e+02
1.408869374479994008e+02 1.637490204976930670e+02 1.690055366462446216e+02
1.409236517661296375e+02 1.637392330383480896e+02 1.688979048483473377e+02
1.409171772180621645e+02 1.637889418349595303e+02 1.688802662430981059e+02
1.409701535436048800e+02 1.638839724680432539e+02 1.691013992890099189e+02
1.410287118977384466e+02 1.639716662884804350e+02 1.692140836547916081e+02
1.410804023901368964e+02 1.640649875198547818e+02 1.692253536041146731e+02
1.411694425535133632e+02 1.641752968761818181e+02 1.693231374328719596e+02
1.411615762801603466e+02 1.642524468648362586e+02 1.694670902352318365e+02
1.412607820891006725e+02 1.643801225323349229e+02 1.694585280992360765e+02
1.412587398835186434e+02 1.644903259965206814e+02 1.696736555479918422e+02
1.413773239543151021e+02 1.646221919673247100e+02 1.697840102866651648e+02
1.415468723999697431e+02 1.647551319869903921e+02 1.698929279177066860e+02
1.416131911353150201e+02 1.648715830875122776e+02 1.700399667196127496e+02
1.416891914378639967e+02 1.650271235156190812e+02 1.700800847137130347e+02
1.416118296649270007e+02 1.651966114514787023e+02 1.699621208683155658e+02
1.417256183344678959e+02 1.652813251645110029e+02 1.698751985477649100e+02
1.415879585507904039e+02 1.652368504651690557e+02 1.697843430905377886e+02
1.416585886090310851e+02 1.651604114666061491e+02 1.697881098252779566e+02
1.415882762272142941e+02 1.649918009227743880e+02 1.696566825504878580e+02
1.415582633688828480e+02 1.649179184630511941e+02 1.696262461235912440e+02
1.414646244610846395e+02 1.648073065577490297e+02 1.695735723470236849e+02
1.415540881930262458e+02 1.647848876786929964e+02 1.695337266470009752e+02
1.415575675062400762e+02 1.647057106119052889e+02 1.695514862718402469e+02
1.414320853188109766e+02 1.647711519552227628e+02 1.693573254670599795e+02
1.414376673474018560e+02 1.648545798351107976e+02 1.692971030935632655e+02
1.414159897133348522e+02 1.649643597307314167e+02 1.692727932834127387e+02
1.415301263141971049e+02 1.650630360789652684e+02 1.694078057635579739e+02
1.414976476817184903e+02 1.651799561303986081e+02 1.694565312760003053e+02
1.415486271840254062e+02 1.652002874215263546e+02 1.696104984494365056e+02
1.417547840556690062e+02 1.651748127978216587e+02 1.698131457529687509e+02
1.417734210725361095e+02 1.651850389531805376e+02 1.699644202405264366e+02
1.417866575901974215e+02 1.652375160729143033e+02 1.701250888737614275e+02
1.417517283110203437e+02 1.652946221919673349e+02 1.701453445276454204e+02
1.417688223281143678e+02 1.653347099311700958e+02 1.701681264654716017e+02
1.418406323273579801e+02 1.654356553967173511e+02 1.701816050223129935e+02
1.419025035927690794e+02 1.655241509719385817e+02 1.702763331064215890e+02
1.419474926253687386e+02 1.656020875879283096e+02 1.703339686861810662e+02
1.419678390439452471e+02 1.657053929354814272e+02 1.704445957189319927e+02
1.421389002344754431e+02 1.657626352015732607e+02 1.705428333711519429e+02
1.423328038726268687e+02 1.658334921715452595e+02 1.706922018001664014e+02
1.424406020724604787e+02 1.658335829362378036e+02 1.707993041373572396e+02
1.425162393162393073e+02 1.658145223508055324e+02 1.708994781030179126e+02
1.425177066787686329e+02 1.657770970425837618e+02 1.708211935557068273e+02
1.422854095756750610e+02 1.656957416231752518e+02 1.706382724453521007e+02
1.420163830270024903e+02 1.655413508811738836e+02 1.705525905755994245e+02
1.417475682626125035e+02 1.654031313818924502e+02 1.704107556160653587e+02
1.416060963618485857e+02 1.652267453294001882e+02 1.702806595567657553e+02
1.415529990167158303e+02 1.651217003252401412e+02 1.700699947053929293e+02
1.416869979577944321e+02 1.650230391044550231e+02 1.700276983586718131e+02
1.418523107177974509e+02 1.648965282505105563e+02 1.699435594886922445e+02
1.419864306784660641e+02 1.648015278723243284e+02 1.698568792073216969e+02
1.420314045836169612e+02 1.647669616519173985e+02 1.698759246653052060e+02
1.420479388851070155e+02 1.648241585356629741e+02 1.699082520232962850e+02
1.420892065653127645e+02 1.648753498222524740e+02 1.699583238786778736e+02
1.419801830421299371e+02 1.649749035625141858e+02 1.700178503895318158e+02
1.420790106648513813e+02 1.651318054610090087e+02 1.700922320550639029e+02
1.420607518342031597e+02 1.652355343771272942e+02 1.701935405793812777e+02
1.421642840934876233e+02 1.653986839119582442e+02 1.702627637848876816e+02
1.421010816125860288e+02 1.654863020951516432e+02 1.704603585205355216e+02
1.421274941381136045e+02 1.655476892822025548e+02 1.705018379850238261e+02
1.421267831480220991e+02 1.656240980258679372e+02 1.705012177596248364e+02
1.418439754935330086e+02 1.655749186899629422e+02 1.705091899251191307e+02
1.418361394750775162e+02 1.657008698283034676e+02 1.705267982754708385e+02
1.418992814461840908e+02 1.657947961576280136e+02 1.706370168671053591e+02
1.419657968383632181e+02 1.658466076696165317e+02 1.707023220633840026e+02
1.419385674306028307e+02 1.659820588457756685e+02 1.707303380984796775e+02
1.419899099916798946e+02 1.660596324029952484e+02 1.707209893351486301e+02
1.420528855608501715e+02 1.662199682323576155e+02 1.708690719310188229e+02
1.421285984418727821e+02 1.662944709174797708e+02 1.711222297859465868e+02
1.421730428863172335e+02 1.663745253762952814e+02 1.712693290976476703e+02
1.421960366084259988e+02 1.663482943801527938e+02 1.712962257015354339e+02
1.421331215490507418e+02 1.661564934573784171e+02 1.713187504727327735e+02
1.420138718705090355e+02 1.659824521594433122e+02 1.710961500642916633e+02
1.417492927917706709e+02 1.658325996520686658e+02 1.707290068829891823e+02
1.415370849406247657e+02 1.656806595567657610e+02 1.705022464261402320e+02
1.413789425913319633e+02 1.655348006958626286e+02 1.702732168519779066e+02
1.412267150745026925e+02 1.653472052038423783e+02 1.700920656531276052e+02
1.410658346569850892e+02 1.651703804553362147e+02 1.699370849406247714e+02
1.411705166023750166e+02 1.650284547311096048e+02 1.698405718175629602e+02
1.413298388926707503e+02 1.649618334467891998e+02 1.698093487633310588e+02
1.414962408289841846e+02 1.649348763331064163e+02 1.698410256410256522e+02
1.415821344830194448e+02 1.649538461538461434e+02 1.698629604417214978e+02
1.415708947885939040e+02 1.649084638075788405e+02 1.698891158006202318e+02
1.414210120263217618e+02 1.649250737463126768e+02 1.698064594206187223e+02
1.413301565690946120e+02 1.649309885787761800e+02 1.697937221087663602e+02
1.412571061190530202e+02 1.649606686332350023e+02 1.697130474245518599e+02
1.411967173436200085e+02 1.649843279630890152e+02 1.696959836623553315e+02
1.411202480901596061e+02 1.650045987444217417e+02 1.696400272294077638e+02
1.411419711065728677e+02 1.649500491642084512e+02 1.697695787005521595e+02
1.411708645336964025e+02 1.649744951213977799e+02 1.698749262536873061e+02
1.411372362151123241e+02 1.649901520308600027e+02 1.698512517963845312e+02
1.411333938431283457e+02 1.650468194538991042e+02 1.698856213599576392e+02
1.411175100219348053e+02 1.650570456092580116e+02 1.699054988276227220e+02
1.407879131684441347e+02 1.651741018077301248e+02 1.699418349595340771e+02
1.406937750548370047e+02 1.652277891233643459e+02 1.699522880266243021e+02
1.405344376370925090e+02 1.653141517283110318e+02 1.700098479691399973e+02
1.405151652673776539e+02 1.653799561303985968e+02 1.700719612737311763e+02
1.404880266243098106e+02 1.654485439830572489e+02 1.700843960366084389e+02
1.404762725966265862e+02 1.653630587701384229e+02 1.702001058921412948e+02
1.404827925270403171e+02 1.652663792451403140e+02 1.702329778382875816e+02
1.405000983284169251e+02 1.651943423341653556e+02 1.702263973980788023e+02
1.404975720444747083e+02 1.650776038121170757e+02 1.703176915513198821e+02
1.404219045457983555e+02 1.650145526057030452e+02 1.703031540730655706e+02
1.404665910294228865e+02 1.650367899553740187e+02 1.701785644051130646e+02
1.404152182134482985e+02 1.650029952348536426e+02 1.699758565917857993e+02
1.403482641252552696e+02 1.650148248997806490e+02 1.698276378488767762e+02
1.403489751153468035e+02 1.650348687693820295e+02 1.697529838892670853e+02
1.403276000302548994e+02 1.650992360638378216e+02 1.698065199304137423e+02
1.406519325315785522e+02 1.650854549580213302e+02 1.698208002420391836e+02
1.408871341048332226e+02 1.651055442099689969e+02 1.699063308373042958e+02
1.410330232206338508e+02 1.651587625746917922e+02 1.700821723016413216e+02
1.411860222373496754e+02 1.652264125255275644e+02 1.701953256183344649e+02
1.413743287194614595e+02 1.652806898116632510e+02 1.702703577641630659e+02
1.412979048483473150e+02 1.653945389909991661e+02 1.703247258149912966e+02
1.413364344603282632e+02 1.654697980485591131e+02 1.704993117010816093e+02
1.412874820361546142e+02 1.655472203312911290e+02 1.705287194614628277e+02
1.412831102034641901e+02 1.656632176083503509e+02 1.705270705695484423e+02
1.412587398835186434e+02 1.656963315936767174e+02 1.705792451403070800e+02
1.413013387792148876e+02 1.657929657363285685e+02 1.704558354133575335e+02
1.412794191059677757e+02 1.658501626200741157e+02 1.703161939338930608e+02
1.413572347023674354e+02 1.658969972014219820e+02 1.702834278798880518e+02
1.413292337947205226e+02 1.660328568186975247e+02 1.702373647984267393e+02
1.413773390817638642e+02 1.661752363663867982e+02 1.702410861508206779e+02
1.413305801376597799e+02 1.662819302624612305e+02 1.705332728235383115e+02
1.413175100219347939e+02 1.662465017774752312e+02 1.706850616443536808e+02
1.413029574162317488e+02 1.662128885863399148e+02 1.707516224188790659e+02
1.412861205657665948e+02 1.661477649194463311e+02 1.707144542772861371e+02
1.411797897284622820e+02 1.660331139853263664e+02 1.706333257696089447e+02
1.411734059450873531e+02 1.659084335526813447e+02 1.707152257771726909e+02
1.414242795552530083e+02 1.657701384161561293e+02 1.709209288253535988e+02
1.415303380984796888e+02 1.656142954390741977e+02 1.710533998941078551e+02
1.415395507147719627e+02 1.655394599500794186e+02 1.710422207094773341e+02
1.415048180924287067e+02 1.654647908630209656e+02 1.709231676877694497e+02
1.415732849254973189e+02 1.654935632705544322e+02 1.708123439981847014e+02
1.417057862491490710e+02 1.655914832463504922e+02 1.704568640798729291e+02
1.418076242341729198e+02 1.656630058240677670e+02 1.704673927842069361e+02
1.418554118447923713e+02 1.656655018531124597e+02 1.704523107177974452e+02
1.418506618258830656e+02 1.657579003101126887e+02 1.704218137811058114e+02
1.419430300279857704e+02 1.658031011269949317e+02 1.705966568338249658e+02
1.419363285681869797e+02 1.658457454050374338e+02 1.706575750699644516e+02
1.420161712427199063e+02 1.659598063686559328e+02 1.707859768550034119e+02
1.420504046592542124e+02 1.659968232357612976e+02 1.708109825277966820e+02
1.421181907571288150e+02 1.660390136903411360e+02 1.709024279555252974e+02
1.420066560774525328e+02 1.661052870433401267e+02 1.708422660918236033e+02
1.418424627486574252e+02 1.662252174570758712e+02 1.708822630663338487e+02
1.417493684290144529e+02 1.662933817411693553e+02 1.708686786173511791e+02
1.417202178352620763e+02 1.663549958399515845e+02 1.709062703275092758e+02
1.417128658951667717e+02 1.664202556538839701e+02 1.709643899856289124e+02
1.417836774827925410e+02 1.664848347326223461e+02 1.710044323424854440e+02
1.417714242493003667e+02 1.666126465471598124e+02 1.710209515165267362e+02
1.418705846758944062e+02 1.666987066031313702e+02 1.711206867861735077e+02
1.418029044701611099e+02 1.666918084864987577e+02 1.711146963164662225e+02
1.417872324332501250e+02 1.666003176764238844e+02 1.711072536116784022e+02
1.419194614628243016e+02 1.664863928598441873e+02 1.711445125179638467e+02
1.418728840481052771e+02 1.663465698509946264e+02 1.710740942440057495e+02
1.419552681340291826e+02 1.662192874971636058e+02 1.710348233870357717e+02
1.419097950230693641e+02 1.660862869677029039e+02 1.709387640874366525e+02
1.419290825202329529e+02 1.659272520989335078e+02 1.709118826109976510e+02
1.417947205203842316e+02 1.657947961576280136e+02 1.709156644731866095e+02
1.416775735572195742e+02 1.656979804855911027e+02 1.709232887073595180e+02
1.416467286892065545e+02 1.656689811663262901e+02 1.709290220104379330e+02
1.416202556538839588e+02 1.657290371378867064e+02 1.709606686332350023e+02
1.416438696013917138e+02 1.657950684517056175e+02 1.710905377808032597e+02
1.416786778609787518e+02 1.658784963315936807e+02 1.711201119431208042e+02
1.416795249981090592e+02 1.659159216398154513e+02 1.712425837682474992e+02
1.416714923228197449e+02 1.659822252477119662e+02 1.712758187731639055e+02
1.416602375009454704e+02 1.659784131306255119e+02 1.712686181075561649e+02
1.416747447243022577e+02 1.660217230164132900e+02 1.713301716965433741e+02
1.417676726420089324e+02 1.660448528855608572e+02 1.712520686786173485e+02
1.417989713334846158e+02 1.660984494365025341e+02 1.711933590499962179e+02
1.417924060207245986e+02 1.660887981241963587e+02 1.711916647757355747e+02
1.417052870433401495e+02 1.661202783450571019e+02 1.711856289236820317e+02
1.417184025414113933e+02 1.661144240223886186e+02 1.711482792527040431e+02
1.417855986687845018e+02 1.661843430905377943e+02 1.709518039482641143e+02
1.418756372437788400e+02 1.662483624536722004e+02 1.708688752741850010e+02
1.419795930716284715e+02 1.662440965131230541e+02 1.708295741623175275e+02
1.419760683760683833e+02 1.662824143408214184e+02 1.706991604265940623e+02
1.419937977460101308e+02 1.663112926404961911e+02 1.706589516678012330e+02
1.417143937674911172e+02 1.662668330686029776e+02 1.706172604190303446e+02
1.414090764692534492e+02 1.661616519174041287e+02 1.705743135920127145e+02
1.412487557673398442e+02 1.660745783223659373e+02 1.704495121397776245e+02
