1.310761339463391266e+02 1.527731992955008025e+02 1.592162560900295034e+02
1.309446236190214847e+02 1.526331800818865929e+02 1.590527916923991825e+02
1.309614698414876841e+02 1.526547153411560203e+02 1.590829273313662213e+02
1.309639859100162482e+02 1.526794414327866605e+02 1.590507445275509610e+02
1.310943182597955001e+02 1.528221025183558766e+02 1.590810288432946891e+02
1.311895400169262871e+02 1.530038084128182163e+02 1.590292207049566571e+02
1.311823692216198936e+02 1.533443811615087213e+02 1.585917564445664425e+02
1.311910839680687957e+02 1.535498295935405793e+02 1.582715295409318514e+02
1.310971774285779645e+02 1.537813422081932231e+02 1.580291520849058884e+02
1.310086003796976115e+02 1.538165786042681589e+02 1.577826345524829037e+02
1.309798943251217906e+02 1.538662823943822957e+02 1.575828358379651775e+02
1.309877970676365067e+02 1.537762871977858481e+02 1.574850637022804847e+02
1.310107847846473987e+02 1.536945149706077416e+02 1.575001601134518125e+02
1.310560740181614392e+02 1.535736979345364830e+02 1.575265788330016790e+02
1.310965712847960845e+02 1.534555685171206960e+02 1.575597108808527196e+02
1.311314760172922433e+02 1.533484297445046707e+02 1.574732953635719070e+02
1.311513300853175963e+02 1.532770191449941706e+02 1.574439031084883140e+02
1.310489146595301690e+02 1.532535167776024139e+02 1.574144536700290473e+02
1.310190077540657398e+02 1.532681442850934275e+02 1.574161806079736436e+02
1.310446830897321604e+02 1.533698048903222855e+02 1.574788192776595963e+02
1.310532377227292500e+02 1.534944646492371874e+02 1.575457009538187094e+02
1.310370090807200540e+02 1.536115876392415203e+02 1.576868638349459104e+02
1.311873670486516232e+02 1.536516960589217433e+02 1.579315514993481031e+02
1.312251652599556166e+02 1.536800475765685405e+02 1.579854296758846317e+02
1.312920926828152517e+02 1.537009538187058126e+02 1.580142729705619900e+02
1.313261053546513040e+02 1.536409112742743446e+02 1.580495894233628462e+02
1.312586632814108327e+02 1.536321393444497687e+02 1.580168690958164746e+02
1.313071433472860861e+02 1.536895400169262871e+02 1.579604062307006132e+02
1.314493469658500828e+02 1.537227978682037417e+02 1.579932294883231521e+02
1.314917884672568107e+02 1.538366042224204477e+02 1.579973352546947467e+02
1.314916397904801215e+02 1.538736933598664223e+02 1.580610489718428937e+02
1.315088062398499460e+02 1.538982936480706201e+02 1.580674420732404712e+02
1.315625128662595102e+02 1.539817585031679528e+02 1.581722706374802669e+02
1.316064296987579780e+02 1.541221780004117079e+02 1.580968572016743394e+02
1.316787209222534898e+02 1.542539170612319595e+02 1.581634758343054443e+02
1.318541823920949696e+02 1.544282348635604762e+02 1.583520666071959511e+02
1.319631853427571571e+02 1.545265102129508819e+02 1.585314508566069662e+02
1.319732496168713851e+02 1.545602712779340777e+02 1.585429790251378108e+02
1.319222992291680896e+02 1.545445001029300727e+02 1.584770465930144780e+02
1.318694732267435086e+02 1.544103822136828512e+02 1.582980969372584070e+02
1.317522930533635304e+02 1.542017086392643819e+02 1.581515473821450541e+02
1.317085248976417517e+02 1.539703561380635506e+02 1.580405773233605657e+02
1.313520208604954291e+02 1.538600608431116825e+02 1.578252018573160456e+02
1.310322399871909340e+02 1.536912669548708834e+02 1.576798988997918514e+02
1.308179281319334848e+02 1.535280084173928969e+02 1.575562112582630050e+02
1.307248107230265930e+02 1.534681717331137634e+02 1.575227704201834342e+02
1.306423751686909611e+02 1.534047668061940897e+02 1.574659758914888243e+02
1.308761293716690659e+02 1.533915803197694459e+02 1.574584619959285305e+02
1.311875729088039577e+02 1.534137674695212468e+02 1.573783595233193751e+02
1.313135593220339103e+02 1.534720030192822264e+02 1.574168324984560456e+02
1.314429653011276571e+02 1.534938127587547854e+02 1.573683295592305456e+02
1.314494384592511267e+02 1.534810723026601806e+02 1.573230174523662583e+02
1.314490267389464577e+02 1.533517463802923260e+02 1.575415036940460709e+02
1.313310002516068664e+02 1.532631807680870963e+02 1.576572885930602297e+02
1.312858940048948853e+02 1.532254397401587482e+02 1.577347835037398056e+02
1.312785630961366792e+02 1.531623436034676047e+02 1.577883872000732026e+02
1.312513438093277500e+02 1.531510899151398633e+02 1.578096136691141282e+02
1.312354582675724544e+02 1.531688281982661977e+02 1.577201216862233935e+02
1.312406848281067653e+02 1.532103318923122686e+02 1.576210000228733463e+02
1.311538461538461604e+02 1.531852512637526047e+02 1.575636679704476251e+02
1.311144124979985861e+02 1.531215718566298278e+02 1.574584734326036823e+02
1.310243143713259713e+02 1.531497518241496891e+02 1.573770900523799696e+02
1.311310757336626978e+02 1.531974084494155761e+02 1.573000411720304612e+02
1.311867837782199899e+02 1.533129760516022770e+02 1.572319357716324646e+02
1.311644250783412247e+02 1.534154829707907197e+02 1.572050710217525591e+02
1.311635673277064882e+02 1.534242320272650204e+02 1.571529998398865473e+02
1.311770397310093870e+02 1.533417735995791418e+02 1.570944669365721893e+02
1.309553283469429630e+02 1.531627210137468751e+02 1.571596331114618295e+02
1.307994121548983344e+02 1.530118140854090996e+02 1.571160021958416166e+02
1.306117363160182094e+02 1.528464626363823413e+02 1.570740295981152315e+02
1.304876827008851876e+02 1.527116814199775945e+02 1.569955396966993817e+02
1.303820650060614241e+02 1.525163773187858851e+02 1.568282783229259678e+02
1.302328278322925996e+02 1.522647361559047567e+02 1.565947071067499223e+02
1.299775040600196689e+02 1.520050893204327735e+02 1.563969784304306927e+02
1.297489192342002298e+02 1.518273748255907094e+02 1.561816601477618462e+02
1.296568082527047636e+02 1.517413252819140439e+02 1.561241794185594358e+02
1.295791646652485269e+02 1.517121503236579088e+02 1.560088634232255913e+02
1.295009606807109037e+02 1.516928909627393125e+02 1.559693154006267264e+02
1.294316201193989002e+02 1.517042704544934679e+02 1.559192570735835659e+02
1.293610787071982315e+02 1.517675610146618226e+02 1.559406436560763041e+02
1.293971499805576570e+02 1.518354948649328549e+02 1.559200576408426571e+02
1.294110455408403766e+02 1.518735675564399799e+02 1.558787369335986739e+02
1.297292595896520879e+02 1.519111713442667906e+02 1.561471785722454797e+02
1.299682174798142569e+02 1.519075802282760321e+02 1.562552551522221336e+02
1.301251286625952162e+02 1.519310025389418684e+02 1.563224113085843783e+02
1.301762048537249257e+02 1.519246437475697178e+02 1.563828198266199934e+02
1.301361993641208699e+02 1.518724467622772636e+02 1.563691644365150069e+02
1.300230792104119359e+02 1.518177451451313971e+02 1.563039410782497214e+02
1.299806262723301131e+02 1.517584116745579763e+02 1.562235183787369408e+02
1.298774331526338699e+02 1.517864658386513952e+02 1.561410256410256352e+02
1.298986596216747955e+02 1.518830828701480016e+02 1.561976143095679106e+02
1.300201056748782094e+02 1.519876255175095423e+02 1.563440380612548211e+02
1.296039936869553344e+02 1.522164733868569613e+02 1.563659278574532721e+02
1.293248358837118985e+02 1.522961527024863244e+02 1.562560785928314999e+02
1.290931174089068918e+02 1.522961183924609543e+02 1.561272901941947566e+02
1.290350419725977247e+02 1.522385461698575000e+02 1.560211121022896350e+02
1.290010521741119476e+02 1.521625151535945406e+02 1.559019419474370522e+02
1.292216656373659021e+02 1.519945790159884780e+02 1.559231455431277027e+02
1.294365607630549562e+02 1.518011162194926555e+02 1.558897275783984071e+02
1.296749239461103969e+02 1.516952812278414342e+02 1.557915094123836184e+02
1.297228436149042636e+02 1.516017292252796267e+02 1.557361559047553783e+02
1.297929046867494662e+02 1.515826757245133649e+02 1.557600356824264054e+02
1.294206866579747839e+02 1.515837736453258344e+02 1.555904526636016385e+02
1.291999130812690169e+02 1.515388503854159410e+02 1.554584276859031604e+02
1.289914682403531572e+02 1.516006084311169104e+02 1.553618792744573227e+02
1.289268738992200269e+02 1.515414122006450270e+02 1.552938539307852466e+02
1.288085386216519055e+02 1.515431391385896234e+02 1.552177886044968886e+02
1.288553603696333312e+02 1.514668793888240828e+02 1.552539971179578799e+02
1.289695898808298580e+02 1.514130355223129527e+02 1.553049589423362704e+02
1.290803426427868885e+02 1.514102907202818074e+02 1.553846954413413073e+02
1.292198815160456604e+02 1.515015439511425370e+02 1.554957569935268396e+02
1.293445755849859324e+02 1.515887257256570422e+02 1.555946041766737551e+02
1.294996225897207296e+02 1.517369564720144695e+02 1.556017978453303954e+02
1.297015485258125693e+02 1.518977332509892619e+02 1.556405681740204443e+02
1.298223998719092265e+02 1.520516137148608209e+02 1.556447196870925609e+02
1.299523548114092364e+02 1.521489970035911199e+02 1.556588897275784120e+02
1.300223015165031200e+02 1.522519270797593833e+02 1.557834351197419949e+02
1.298735103730643345e+02 1.523595690660811215e+02 1.558294791738145761e+02
1.296943662938310524e+02 1.524592053798119764e+02 1.558846954413413073e+02
1.295715135295866673e+02 1.526517989889979106e+02 1.560073194720830827e+02
1.296479791395045709e+02 1.526860403943365725e+02 1.562024977698483497e+02
1.296762162904000490e+02 1.527426862462544932e+02 1.563238980763512416e+02
1.301367483245271046e+02 1.526930739495414002e+02 1.562761156476589122e+02
1.306402822571422178e+02 1.525913561609368969e+02 1.562146320821610743e+02
1.308029346508382957e+02 1.524959742903542974e+02 1.561320135410233547e+02
1.308537020517395320e+02 1.523547885358768497e+02 1.559910336466982415e+02
1.310381527482330455e+02 1.522434868135135844e+02 1.560191221208170305e+02
1.310419840344015086e+02 1.522062833093163192e+02 1.559238660536608734e+02
1.308122555410691064e+02 1.521114847091653530e+02 1.559733754202977991e+02
1.305618266657517381e+02 1.520632105034424342e+02 1.561275303643724612e+02
1.304444177588691502e+02 1.520484114458244562e+02 1.562052540085546468e+02
1.303269287952606419e+02 1.520574578558521353e+02 1.562649191427068445e+02
1.303534504448866755e+02 1.520926027585260272e+02 1.563021683936046031e+02
1.302599098789999630e+02 1.521242251652599577e+02 1.563851185983210996e+02
1.301278162812507162e+02 1.521202223289645303e+02 1.563386170772432990e+02
1.300842997323817940e+02 1.521614972895079916e+02 1.562519842631350286e+02
1.300670989729865710e+02 1.521256776230014509e+02 1.562554610123744965e+02
1.303376449598572719e+02 1.521891054232713429e+02 1.563757748347400423e+02
1.306426725222443395e+02 1.522651707495597009e+02 1.565138269402319224e+02
1.308656190672247703e+02 1.523943594318259898e+02 1.566742377456025963e+02
1.311725908643839205e+02 1.525497037901141368e+02 1.569081749353827888e+02
1.313273062055399123e+02 1.526959331183238362e+02 1.570052723072348329e+02
1.313912600928657923e+02 1.528355063016080067e+02 1.570851917930419290e+02
1.314511882705459982e+02 1.529631395960566351e+02 1.571320364143736015e+02
1.314023651044168446e+02 1.531122166563736471e+02 1.571687367048651538e+02
1.315000571833756453e+02 1.533177108351060269e+02 1.573479265307989579e+02
1.316265582469864341e+02 1.535186189071113176e+02 1.575589446236190270e+02
1.317136142180745253e+02 1.536772227178114747e+02 1.577553123355978073e+02
1.316591642077815152e+02 1.537111095862210846e+02 1.576516846222466199e+02
1.315484000091493328e+02 1.536253230860724273e+02 1.575052608705597095e+02
1.314869050069763716e+02 1.534880486744893631e+02 1.574383220110249511e+02
1.313719549852467026e+02 1.533796404309339323e+02 1.573110432535053462e+02
1.312847503373819222e+02 1.532871291658089206e+02 1.571094718543425017e+02
1.311599533383654830e+02 1.530326860175209731e+02 1.569752967817196065e+02
1.310018069946705168e+02 1.528279009126466690e+02 1.567682014684690728e+02
1.308456849424735253e+02 1.526201537089137332e+02 1.565360026533086284e+02
1.306895628902765338e+02 1.524159976211715843e+02 1.563977218143141386e+02
1.305680710903725981e+02 1.522761842677096809e+02 1.562529678171961791e+02
1.305757794094101030e+02 1.521972940826642855e+02 1.561686109014387398e+02
1.305591047370708395e+02 1.522146320821610743e+02 1.560904069169011166e+02
1.306183581509183682e+02 1.522663144170726639e+02 1.561499119376015017e+02
1.305667787460829459e+02 1.522982684873853430e+02 1.561860289576614207e+02
1.304919600173837466e+02 1.523081040279969898e+02 1.562785059127610339e+02
1.302868546856057890e+02 1.523485898579564832e+02 1.563460280427274256e+02
1.301766508840549932e+02 1.523416363594775760e+02 1.564132070724398886e+02
1.300038084128182163e+02 1.522690020357281639e+02 1.563181111187355725e+02
1.297734165923282887e+02 1.521465724284635996e+02 1.562619684805233362e+02
1.295403714632082028e+02 1.520167318557149088e+02 1.560980923625883463e+02
1.295188819506392974e+02 1.518963379766234425e+02 1.559027425146961150e+02
1.295479311054690186e+02 1.518162126306640118e+02 1.557518927697339848e+02
1.295235938607928006e+02 1.517105148791143563e+02 1.555554793110546825e+02
1.295408746769139157e+02 1.517256456003110827e+02 1.555440769459502803e+02
1.294585420526544510e+02 1.517730048720235914e+02 1.554252384546764461e+02
1.293540337153182804e+02 1.517995379583247484e+02 1.554239804204121640e+02
1.292651936229099476e+02 1.518037924014730322e+02 1.554284864704133327e+02
1.292752007136485304e+02 1.518615361742034224e+02 1.554815412063404949e+02
1.293160868272375978e+02 1.519350854319632163e+02 1.554755369518973396e+02
1.293460852261030709e+02 1.519164093414762533e+02 1.554858413961893007e+02
1.293247443903108547e+02 1.519017246506095660e+02 1.555683455705757297e+02
1.293722637754752043e+02 1.518790457238271756e+02 1.556474301790983361e+02
1.294079118918548090e+02 1.518343397607447685e+02 1.557246620462499038e+02
1.294223106658432130e+02 1.518232347491937162e+02 1.557656167798897400e+02
1.295026990553306234e+02 1.518105743498250320e+02 1.557650335094581351e+02
1.294758914888263632e+02 1.517285962624945626e+02 1.556513300853175963e+02
1.294434685148333699e+02 1.516409798943251133e+02 1.555950273336535474e+02
1.293574189711567044e+02 1.516156133488872229e+02 1.555597566275532415e+02
1.294007639698986623e+02 1.516727281044854578e+02 1.555516365882110676e+02
1.294116745579725034e+02 1.517151124225165120e+02 1.555985498295935372e+02
1.293103684896726691e+02 1.517413024085637687e+02 1.557830233994373259e+02
1.292183490015782752e+02 1.518313319151856149e+02 1.560076168256364610e+02
1.292303232004391589e+02 1.519333813673688667e+02 1.561706923763123598e+02
1.292255197968846403e+02 1.519885518881950759e+02 1.563009789793911182e+02
1.293948054621560289e+02 1.520061872412452146e+02 1.564177931791669494e+02
1.295798966124568210e+02 1.520328118209474155e+02 1.564083693588599999e+02
1.297019945561426368e+02 1.520565772318671520e+02 1.563975502641872026e+02
1.297081703607127281e+02 1.521024840458381959e+02 1.564652782543059004e+02
1.297177314211212433e+02 1.521642192181888902e+02 1.564543219195315658e+02
1.297719298245613970e+02 1.522730849287495118e+02 1.562999839886548159e+02
1.298439694412040524e+02 1.524108854273885356e+02 1.562325876621148666e+02
1.298487156613829256e+02 1.525196138978476199e+02 1.562408792515839764e+02
1.299070884512454427e+02 1.527035613806354206e+02 1.562846588439808784e+02
1.300143873373133090e+02 1.528587799354971537e+02 1.564105766371600339e+02
1.299979642718269019e+02 1.529918799606578261e+02 1.564765891260092872e+02
1.298855531919760153e+02 1.530054095473363986e+02 1.564554655870445288e+02
1.297348635604656977e+02 1.529790137011368074e+02 1.564350168119124476e+02
1.296650197854479813e+02 1.529201033875431790e+02 1.563761064983188191e+02
1.296847594867220153e+02 1.528699650037740980e+02 1.563179395686086082e+02
1.298378050733090845e+02 1.528671287083419088e+02 1.565330634278002719e+02
1.299494956426267720e+02 1.528887897710377501e+02 1.566218806468583580e+02
1.300752075756535930e+02 1.528218623481781435e+02 1.566291772455911655e+02
1.301926050458610575e+02 1.528374734097303360e+02 1.566221436903863378e+02
1.301789039090555491e+02 1.528658592374025034e+02 1.566182780941924477e+02
1.302233010819094545e+02 1.528665225645600287e+02 1.567398042041217820e+02
1.302743315263386705e+02 1.528766783320753007e+02 1.566996843477664072e+02
1.303736704865161471e+02 1.530170520826185339e+02 1.568514719000891944e+02
1.304669365721997281e+02 1.531113017223632653e+02 1.569315400626729797e+02
1.305471991582607245e+02 1.532184633683295658e+02 1.569451497060774443e+02
1.304447837324732973e+02 1.533333676433587129e+02 1.568759921315675001e+02
1.303233834259704054e+02 1.534888034950479323e+02 1.568536334316887348e+02
1.303190832361215996e+02 1.536282851849310305e+02 1.566943434204808057e+02
1.303498021455202434e+02 1.537663716004483092e+02 1.567523731100894224e+02
1.304225279626706993e+02 1.538830599967977264e+02 1.568254877741942721e+02
1.304300418582309646e+02 1.539781330771518242e+02 1.568037466547725387e+02
1.307498341682106116e+02 1.540763512431665845e+02 1.571115075825155998e+02
1.311811454973810100e+02 1.541071959559916706e+02 1.574713396921247011e+02
1.314101191701548430e+02 1.542138886982776285e+02 1.577340973032320051e+02
1.316978544797456436e+02 1.543547542258514511e+02 1.580751503922779477e+02
1.318165214208925136e+02 1.545379926347812045e+02 1.583107916466524898e+02
1.319759143621766384e+02 1.547682243418193480e+02 1.584580159655984914e+02
1.322213111004368784e+02 1.549861273130675556e+02 1.584968206043139105e+02
1.324031199249754138e+02 1.550972803586541318e+02 1.585987785630961469e+02
1.325912646675358531e+02 1.551704178961092566e+02 1.586005283743909899e+02
1.326598847183146859e+02 1.551616345296095574e+02 1.588283698163269833e+02
1.327873464626363784e+02 1.551458176079050304e+02 1.590392735423957618e+02
1.328065143301539308e+02 1.551481278162812600e+02 1.592083304741645406e+02
1.328619822045334899e+02 1.551034561632242230e+02 1.591690798051190541e+02
1.328285871131544695e+02 1.550225302500057296e+02 1.591109357487591183e+02
1.328531187813078986e+02 1.549893524554541386e+02 1.590847800727372601e+02
1.327390722569134596e+02 1.549938127587547854e+02 1.590983439694412027e+02
1.327411537317871080e+02 1.550683341339006063e+02 1.591368398179281201e+02
1.326846222466204495e+02 1.550708387657540186e+02 1.592013998490358802e+02
1.327207735767057670e+02 1.551985292435783208e+02 1.593090075253322482e+02
1.327667718840778548e+02 1.553046387154326453e+02 1.593510487431094020e+02
1.327415883254420237e+02 1.553907797525103547e+02 1.594281090601340338e+02
1.327235641254374627e+02 1.554897756124339594e+02 1.595331892312266859e+02
1.327831606395388633e+02 1.555831789382190777e+02 1.596455316910267754e+02
1.328428829570667347e+02 1.556965621354559914e+02 1.597317413481552535e+02
1.327715638509572500e+02 1.557492394611038549e+02 1.599937784487293868e+02
1.327549349253185085e+02 1.557962213225371215e+02 1.601255746929252837e+02
1.327403989112285387e+02 1.558516091401907602e+02 1.602504060019671215e+02
1.328083441981746944e+02 1.559577986687710052e+02 1.602826917358585490e+02
1.328070861639104407e+02 1.560118026487339478e+02 1.604175758823394915e+02
1.322830233994373259e+02 1.561946636473844308e+02 1.603549143393032637e+02
1.318264027082046823e+02 1.564472769276515862e+02 1.602556668725268310e+02
1.317119215901552991e+02 1.566307898167844712e+02 1.603106086598504021e+02
1.316732999382419678e+02 1.567996751984263142e+02 1.604342734280290017e+02
1.317091081680733851e+02 1.568845467645646181e+02 1.604831194675084021e+02
1.319493469658500828e+02 1.569619959285436437e+02 1.604886090715707212e+02
1.322068322697225540e+02 1.569040577323360424e+02 1.603838720007319409e+02
1.323979734211669950e+02 1.568362954321919460e+02 1.603869255929916164e+02
1.325512134312312753e+02 1.568292390036368715e+02 1.603476406139207313e+02
1.326440220499096370e+02 1.568090990187332636e+02 1.602598870056497162e+02
1.326989638372332365e+02 1.567291337862256739e+02 1.602660856835700827e+02
1.326975799995425405e+02 1.567253253734074292e+02 1.602594409753196487e+02
1.326564765891260151e+02 1.565613691987465472e+02 1.601334088153892026e+02
1.325619067224776302e+02 1.565210549189139613e+02 1.600521741119421790e+02
1.324946361993641233e+02 1.565044031199249730e+02 1.600317024634598226e+02
1.328307600814291334e+02 1.564940414922573666e+02 1.602063404926919645e+02
1.332182460715020795e+02 1.565126718360438360e+02 1.604827534939042550e+02
1.336043596605594814e+02 1.567461744321690844e+02 1.608972300372835491e+02
1.340351563393490153e+02 1.570179555799537923e+02 1.613074178274891892e+02
1.343074635741897112e+02 1.572661543036208514e+02 1.615918936846679799e+02
1.346562135455980354e+02 1.574874082206820844e+02 1.617310094009469594e+02
1.348626569683661671e+02 1.576167455797250625e+02 1.617077815137583343e+02
1.350079599258903329e+02 1.576314188339165980e+02 1.616980946499233767e+02
1.350727601271758260e+02 1.576556645851918006e+02 1.616305953933072601e+02
1.350847228893616148e+02 1.576720876506782076e+02 1.616177176971110896e+02
1.346422608019396705e+02 1.577610421098378310e+02 1.615909787506575981e+02
1.342497312381344443e+02 1.577687504288753075e+02 1.616708753631144475e+02
1.341715386902719729e+02 1.577501200850888665e+02 1.617008280152793986e+02
1.339540817493538327e+02 1.578240010064274088e+02 1.617763329444863700e+02
1.339628765525286553e+02 1.578858619822045455e+02 1.618293190603627636e+02
1.340187790205631302e+02 1.579506850568402854e+02 1.618905281456574983e+02
1.340344587021661198e+02 1.580004231569797923e+02 1.618891900546672957e+02
1.340381070015325236e+02 1.579587364761316621e+02 1.618007502458885085e+02
1.340654635284430185e+02 1.578675861753470997e+02 1.618409844689951740e+02
1.340696836615659038e+02 1.578274777556668766e+02 1.617698369130126537e+02
1.341312358471145387e+02 1.577689677257027938e+02 1.617569363434662364e+02
1.341603650586701519e+02 1.577187264118575456e+02 1.616859717742857754e+02
1.342053226286054155e+02 1.576792126992840508e+02 1.615938951028157078e+02
1.341546352844300998e+02 1.575430247718383328e+02 1.615458153205700000e+02
1.339681488597634882e+02 1.574311283423683108e+02 1.614150483771358040e+02
1.339097074498501740e+02 1.573150689631510204e+02 1.613149774697500050e+02
1.338566412772478884e+02 1.571988723438321927e+02 1.614734897870491181e+02
1.336954413412932468e+02 1.570700839451954494e+02 1.613583796518676081e+02
1.336545209176788092e+02 1.570155310048262720e+02 1.613349573412017719e+02
1.335663098424026032e+02 1.569882087879411756e+02 1.612948031748210269e+02
1.335779752510350136e+02 1.569089297559413581e+02 1.613661680276310051e+02
1.334544705963082549e+02 1.568401381550355609e+02 1.614412726732084309e+02
1.334702532079873833e+02 1.568343511974198918e+02 1.614890779752510355e+02
1.333697934536471621e+02 1.568305542212767989e+02 1.615436995356709815e+02
1.333880806971797028e+02 1.568705025275052094e+02 1.616025869759143632e+02
1.335444314828793040e+02 1.568668999748393276e+02 1.615449804432855387e+02
1.335795192021775506e+02 1.569099018733273851e+02 1.613712116013632567e+02
1.335482284590223969e+02 1.568445755849859324e+02 1.612309522175713141e+02
1.335168576591413228e+02 1.568794231341064460e+02 1.611814199775841132e+02
1.334715112422516654e+02 1.569405521626752602e+02 1.611021523822594190e+02
1.328499851323223311e+02 1.570128891328712939e+02 1.609898785425101266e+02
1.322312495711246925e+02 1.571385438825224696e+02 1.609601088771472348e+02
1.318894073514947820e+02 1.570061758045700913e+02 1.608614561174775304e+02
1.316564079690752180e+02 1.568457535625242940e+02 1.607014913424369240e+02
1.315634621102952906e+02 1.566740318854502618e+02 1.605900180699466944e+02
1.314606235275280710e+02 1.565092522701800135e+02 1.605851231729911603e+02
1.313267114984331840e+02 1.563421510098584122e+02 1.603636290857521942e+02
1.311513415219927197e+02 1.560659553054735795e+02 1.601155218554861790e+02
1.309864818499965793e+02 1.558007959925890304e+02 1.598792287106292349e+02
1.309608522610306807e+02 1.556836272558841756e+02 1.597916352158100608e+02
1.308342368306686012e+02 1.557318557149065725e+02 1.597843271804021015e+02
1.307511379491754155e+02 1.559198517806903226e+02 1.597453967382602400e+02
1.307309293442210389e+02 1.559563004643290185e+02 1.596433930327775101e+02
1.306620005032137044e+02 1.559814497129394510e+02 1.596894713968754900e+02
1.305285459411240083e+02 1.559418445069649408e+02 1.595040257096457026e+02
1.304223449758686115e+02 1.558526841876529545e+02 1.596466181751641216e+02
1.303773187858825793e+02 1.557139687550035489e+02 1.595540611633385879e+02
1.301628696905235643e+02 1.556600448317664984e+02 1.595334408380795423e+02
1.301862005077883850e+02 1.556103181683021148e+02 1.595277453738649172e+02
1.302243875660468007e+02 1.556749010727601217e+02 1.596436560763054899e+02
1.305184016102838598e+02 1.556923991857087231e+02 1.597074727235298042e+02
1.307066721562707414e+02 1.556832955923053987e+02 1.598036551613714948e+02
1.309532468720693430e+02 1.556754957798668784e+02 1.598381481735629848e+02
1.310763169331411859e+02 1.557945401312930187e+02 1.598983393947711420e+02
1.310701640019213698e+02 1.558068459937327077e+02 1.598990255952789425e+02
1.310766829067453614e+02 1.558602552665888936e+02 1.598689242663373022e+02
1.310469475514078681e+02 1.558835174638029173e+02 1.599278002699055321e+02
1.310428532217113968e+02 1.558665225645600287e+02 1.598420252064319982e+02
1.310972803586541318e+02 1.558611130172236301e+02 1.599188453532788969e+02
1.311375031450856739e+02 1.558298794574441217e+02 1.599656785379354460e+02
1.311462293282096994e+02 1.558528099910793969e+02 1.600635192936709359e+02
1.310885427388549545e+02 1.558006358791372179e+02 1.601040966170315016e+02
1.311359820672933836e+02 1.556654315057526503e+02 1.602008508886296454e+02
1.310548159838971571e+02 1.555761682563644968e+02 1.601393101397561622e+02
1.310385301585123159e+02 1.555292092682815337e+02 1.601146755415265659e+02
1.309517944143278783e+02 1.555187332738626367e+02 1.599869965003774155e+02
1.309135158626684188e+02 1.556042910405087127e+02 1.599297788147029848e+02
1.309659530181385776e+02 1.556901919074086891e+02 1.599463505569660811e+02
1.310652004849150387e+02 1.557159015531004798e+02 1.600674878199409932e+02
1.310019442347720542e+02 1.557740570461355389e+02 1.600516708982364662e+02
1.311881218692101925e+02 1.558648070632905558e+02 1.598939934582218143e+02
1.313571559276287246e+02 1.559207095313250591e+02 1.598280267160731114e+02
1.314218074521375286e+02 1.559082778654589561e+02 1.598164871108671150e+02
1.314355657723186823e+02 1.559426679475742787e+02 1.598185571490656116e+02
1.314573640751160895e+02 1.559802259887005675e+02 1.598167044076946013e+02
1.314070427045449208e+02 1.559573068917404441e+02 1.597734051556531369e+02
1.314048697362702853e+02 1.558875431734486199e+02 1.597517212196070489e+02
1.313397950547816606e+02 1.559584505592534072e+02 1.598249159404377906e+02
1.313978476177405810e+02 1.560208033120611049e+02 1.598454104622704222e+02
1.314792996180150624e+02 1.560277339371897938e+02 1.599275486630526757e+02
1.314084608522610438e+02 1.560988929298474375e+02 1.600203915917564359e+02
1.314028111347469121e+02 1.561011345181728700e+02 1.600511562478556300e+02
1.313725268190031841e+02 1.560080857293167753e+02 1.600630503899906216e+02
1.313755804112628311e+02 1.557457627118644155e+02 1.598740822068208445e+02
1.313529357945058109e+02 1.557018916260664696e+02 1.598749971408312263e+02
1.314300532949061164e+02 1.556126741233788380e+02 1.598407671721677161e+02
1.314418559436400642e+02 1.555163315720853632e+02 1.597227406848280964e+02
1.314485006518904697e+02 1.554646263638234984e+02 1.596599647750406064e+02
1.314817928131933513e+02 1.554126238020082837e+02 1.596304924632310929e+02
1.315694320547130474e+02 1.553896246483222399e+02 1.596173288501566958e+02
1.315372835609231572e+02 1.554418101969395423e+02 1.596323909513026251e+02
1.315035568059653599e+02 1.554779386536746131e+02 1.597003591115990844e+02
1.314708593517692634e+02 1.555596079507765523e+02 1.597857796381435946e+02
1.314309453555662230e+02 1.556201079622132113e+02 1.598382968503396739e+02
1.314825361970767972e+02 1.556441135433106808e+02 1.599326151101351741e+02
1.315509046410027736e+02 1.557377341659232854e+02 1.599302591550584509e+02
1.315499096502664713e+02 1.557296941833070321e+02 1.598249388137880658e+02
1.315554907477298059e+02 1.557745259498158816e+02 1.598008074292641538e+02
1.315364258102884207e+02 1.557371623321668039e+02 1.597608591230357433e+02
1.314624419588737112e+02 1.557145520254351538e+02 1.597483817104691184e+02
1.313829456300464358e+02 1.556625265902696640e+02 1.596229556943205523e+02
1.312539628079324814e+02 1.557446876644021927e+02 1.595263844095244679e+02
1.312807703744367416e+02 1.557841899403005641e+02 1.595787186349184594e+02
1.314009583933758734e+02 1.559092728561952583e+02 1.596916329284750304e+02
1.314570895949129579e+02 1.560051121937830203e+02 1.597482673437178278e+02
1.315300898922665169e+02 1.560532491594043734e+02 1.598094878656876858e+02
1.315364143736132974e+02 1.559918456506324560e+02 1.598110089434799477e+02
1.316612456826551352e+02 1.559248152976966537e+02 1.598549143393032637e+02
1.316919417187035322e+02 1.558390859809236133e+02 1.598433175507216504e+02
1.317242617626203582e+02 1.556836844392598209e+02 1.596641505981381215e+02
1.316564651524508918e+02 1.555604199547107669e+02 1.596671927537226452e+02
1.315814863102998800e+02 1.554860358196665118e+02 1.595621125826299647e+02
1.315049863903566063e+02 1.553788856103753631e+02 1.594728722065920863e+02
1.315567602186692397e+02 1.552982227406848210e+02 1.594354170955419931e+02
1.314917312838811370e+02 1.552260573206157517e+02 1.593792858940049086e+02
1.314277202131796116e+02 1.551771884077860761e+02 1.592714037375054374e+02
1.313472746403165559e+02 1.552135341613486048e+02 1.591402708204670660e+02
1.312695281227841519e+02 1.552319472083075880e+02 1.590575607859283025e+02
1.312434181934627873e+02 1.552058601523365269e+02 1.590067476383265728e+02
1.312626318076808616e+02 1.552220773576705710e+02 1.591007113611930777e+02
1.312749376701205506e+02 1.551906265010636048e+02 1.590978979391111352e+02
1.313046044054072468e+02 1.551697202589263327e+02 1.592889590338296841e+02
1.313550973261053514e+02 1.551193645783297939e+02 1.592634895583155981e+02
1.313453418422196251e+02 1.550812918868226689e+02 1.592356641277247888e+02
1.312771220750703378e+02 1.550585443399894814e+02 1.592337542029781048e+02
1.312447791578032366e+02 1.549960772204304646e+02 1.591573572131109984e+02
1.312724216015919865e+02 1.549201948809442229e+02 1.589659644548137010e+02
1.311081223266771758e+02 1.548128502481758630e+02 1.587332738626226671e+02
1.309824447036757533e+02 1.547182346348269562e+02 1.585762140030650187e+02
1.308511173631601707e+02 1.546053660879709071e+02 1.584736384638258073e+02
1.302329879457444122e+02 1.545039685262700289e+02 1.582694709394085066e+02
1.297870834191083986e+02 1.543185457123904882e+02 1.580089091699261132e+02
1.293740250234451707e+02 1.539955854433999036e+02 1.577472037329307568e+02
1.290645257210823615e+02 1.536974770694663732e+02 1.575038999062192602e+02
1.288349916512271420e+02 1.535666872526819020e+02 1.572977652736796301e+02
1.290956792241359494e+02 1.532862599784990607e+02 1.573072348406871015e+02
1.293970241771312146e+02 1.531959674283492348e+02 1.573336878702623665e+02
1.295726915071250573e+02 1.530785585214666469e+02 1.573340538438665135e+02
1.296750840595622094e+02 1.529651410142043630e+02 1.573287357899311587e+02
1.296918616619776401e+02 1.528100253894187972e+02 1.573026487339600692e+02
1.295379125780553125e+02 1.527344404034859053e+02 1.569769665362885576e+02
1.292985429675884745e+02 1.526796587296141183e+02 1.568040211349756419e+02
1.290892060660124798e+02 1.526114046524394325e+02 1.566059150483771418e+02
1.290631876300921874e+02 1.525249776984834966e+02 1.563344426908209357e+02
1.288792973306800320e+02 1.524157917610192499e+02 1.561439877398842668e+02
1.286864635513163648e+02 1.523584368352432534e+02 1.561665065532148446e+02
1.286116791326425641e+02 1.523560923168416537e+02 1.561640934147624478e+02
1.285862782771792467e+02 1.523621880646858244e+02 1.561144925547244782e+02
1.285721311100436992e+02 1.523862851391843378e+02 1.561273130675450034e+02
1.285284315743726893e+02 1.524365950730803547e+02 1.561888766897687617e+02
1.285467988746311789e+02 1.524525835449118176e+02 1.561654086324023751e+02
1.285418010475994492e+02 1.525183558635833379e+02 1.562583773645325778e+02
1.285834191083968108e+02 1.525865070106818564e+02 1.563011390928429307e+02
1.287065692261945742e+02 1.526621034332898716e+02 1.564306022553123228e+02
1.288272718955145422e+02 1.527914522290079731e+02 1.565661726023010658e+02
1.288855646286511671e+02 1.529024451611427651e+02 1.565661382922756673e+02
1.288799263478121588e+02 1.530936549326379748e+02 1.565179327066035455e+02
1.289052700198998025e+02 1.531862005077883850e+02 1.564501818431345725e+02
1.288853130217983107e+02 1.531604565520711958e+02 1.563973329673597163e+02
1.289361376060751638e+02 1.531243166586610016e+02 1.564045151993412617e+02
1.289075802282760321e+02 1.529967862942885120e+02 1.563408243555433614e+02
1.289481689883117213e+02 1.529920629474599139e+02 1.563677119787735421e+02
1.289494842059516486e+02 1.529657929046867366e+02 1.563717033783938462e+02
1.290387932020402957e+02 1.529908735332464005e+02 1.564150369404606806e+02
1.291031473729957213e+02 1.530143530272879104e+02 1.564743361010087028e+02
1.289990164459388495e+02 1.530791417918982518e+02 1.563707998810585877e+02
1.290147075642169341e+02 1.531947665774605980e+02 1.564037375054324173e+02
1.290877078615704932e+02 1.532924472197442753e+02 1.564586221093803715e+02
1.291203710057412195e+02 1.533670143415906182e+02 1.564971637045678108e+02
1.290715707129623411e+02 1.534522976280335911e+02 1.564495985727029392e+02
1.290306502893478751e+02 1.533790114138017771e+02 1.565374322376998464e+02
1.291298748827740894e+02 1.533966696402021910e+02 1.567216999473913006e+02
1.291055948214734883e+02 1.533762094283949864e+02 1.567684416386468058e+02
1.290884054987533887e+02 1.534499645463070863e+02 1.568710171778860456e+02
1.290907957638555388e+02 1.534932981083739207e+02 1.569378187973192382e+02
1.289488323154692466e+02 1.535236624808435693e+02 1.569885175781696773e+02
1.289734097303231977e+02 1.535821382007822820e+02 1.571118849927948986e+02
1.289586335460554949e+02 1.537136142180745253e+02 1.572324961687138227e+02
1.290288776047027568e+02 1.538333790800338647e+02 1.573655047004734797e+02
1.291769825476337417e+02 1.540388046387154191e+02 1.575654406550927433e+02
1.294811294860358259e+02 1.541995814176902400e+02 1.577748004300189848e+02
1.297880097897939038e+02 1.544117889247237940e+02 1.579203321210457602e+02
1.300476680619410388e+02 1.544993938562181199e+02 1.580852032297170524e+02
1.302235641254374627e+02 1.545692490679109881e+02 1.582672979711338428e+02
1.303093163155607499e+02 1.545907728905052636e+02 1.583282554495756926e+02
1.301562364189482821e+02 1.545726457604245354e+02 1.582112925730231723e+02
1.299893982021546606e+02 1.544525149248610489e+02 1.581391957730048716e+02
1.297719755712619190e+02 1.543650129234428903e+02 1.580368260939179663e+02
1.297234383220110203e+02 1.542174798142683869e+02 1.579120748416020490e+02
1.296379263020654662e+02 1.540798165557309289e+02 1.577601157391523259e+02
1.298986939317001656e+02 1.539727349664905489e+02 1.577870948557835220e+02
1.300900066332715710e+02 1.538440494979299729e+02 1.577620714105995035e+02
1.302650563828083818e+02 1.537404560946041840e+02 1.577264576042452973e+02
1.303317321988151605e+02 1.537572908803952600e+02 1.577328163956174762e+02
1.303724810723026621e+02 1.537898053477892972e+02 1.577881127198700710e+02
1.303460623527527957e+02 1.538686726594844458e+02 1.577443102541229223e+02
1.301958644982730675e+02 1.539973924380703920e+02 1.578313547885358901e+02
1.302303803838148042e+02 1.541217090967313936e+02 1.579242663372904190e+02
1.302448249045037585e+02 1.542398613874974274e+02 1.580515450948100238e+02
1.302695395594592753e+02 1.543835403371531925e+02 1.580892060660124798e+02
1.303474805004688903e+02 1.544345822182575034e+02 1.582407534481575624e+02
1.304053958233262449e+02 1.545094695670074714e+02 1.582813765182186216e+02
1.303926896772570387e+02 1.545873418879663177e+02 1.583169560145474577e+02
1.302427663029803853e+02 1.545704499187995964e+02 1.583434547908232162e+02
1.301582835837965320e+02 1.546257691164024664e+02 1.583814817356298192e+02
1.300623184427823276e+02 1.546865092980168868e+02 1.584096502664745287e+02
1.299858299595141773e+02 1.546930739495414002e+02 1.584386994213042499e+02
1.298013678263455120e+02 1.547625060042544476e+02 1.584419131270157095e+02
1.297444589308996115e+02 1.547696196161851958e+02 1.584075116082252634e+02
1.297113726297490928e+02 1.548466913698849510e+02 1.584724376129371706e+02
1.298837919440060489e+02 1.549001692627919340e+02 1.585769916969738631e+02
1.301081452000274510e+02 1.549948534961915811e+02 1.586871154417987668e+02
1.301797730963654374e+02 1.549898327958096047e+02 1.586719161005512433e+02
1.302627690477824274e+02 1.549327752235869866e+02 1.587253368100825810e+02
1.302840183901735998e+02 1.548136279420846790e+02 1.586970882225119510e+02
1.299975639881973564e+02 1.547751664036231318e+02 1.584973466913698985e+02
1.298136165054095557e+02 1.546625380269448158e+02 1.583506598961549798e+02
1.296377433152633785e+02 1.545371234474713447e+02 1.581804821702234847e+02
1.293581737917152736e+02 1.543128845582012332e+02 1.579516914842517110e+02
1.291819460646401012e+02 1.541166883963494172e+02 1.577534824675770153e+02
1.292761842677096809e+02 1.538755575379125844e+02 1.575874676913927601e+02
1.293606669868935626e+02 1.537727303918204882e+02 1.574449095358997113e+02
1.294772638898419359e+02 1.536948351975113667e+02 1.573938219080948784e+02
1.294500446030330068e+02 1.536750954962373328e+02 1.573509115030078362e+02
1.294651295775292112e+02 1.535633477435440000e+02 1.573075321942404798e+02
1.292830691461378478e+02 1.535064045380727009e+02 1.571274846176719393e+02
1.291807680871017112e+02 1.535020242914979747e+02 1.571198334820101081e+02
1.290699467050938836e+02 1.534880715478396098e+02 1.570157597383288817e+02
1.290095496237333919e+02 1.534441204053157719e+02 1.569779386536746131e+02
1.289834740044374257e+02 1.534406207827260573e+02 1.569346622749834239e+02
1.289342734280290017e+02 1.533843980877879289e+02 1.569237288135593360e+02
1.288259566778746148e+02 1.533250989272398783e+02 1.570271964134586824e+02
1.286639676113360338e+02 1.532468949427022551e+02 1.568933186943891656e+02
1.285484686292001300e+02 1.531974999428166200e+02 1.568245957135341655e+02
1.284096502664745287e+02 1.531157277156385135e+02 1.567789405064159780e+02
1.280941924563690861e+02 1.531409455842997431e+02 1.566617717697111232e+02
1.278918204899471647e+02 1.531325625014295895e+02 1.565543928269173648e+02
1.276752212996637610e+02 1.531084425535808293e+02 1.564768407328621436e+02
1.275781582378371013e+02 1.531585923740250337e+02 1.564716370456780794e+02
1.275026761819803767e+02 1.531116562592922890e+02 1.564145680367803379e+02
1.275107619112971520e+02 1.530181385667558800e+02 1.564994624762688886e+02
1.275005032137057128e+02 1.529340675678766672e+02 1.565416066241222381e+02
1.274997369564720202e+02 1.528692101832155288e+02 1.565818522839040270e+02
1.275287632379514662e+02 1.528380338068116941e+02 1.567273496649054323e+02
1.275294265651089916e+02 1.528584597085935286e+02 1.567966101694915153e+02
1.276558361353187365e+02 1.529305221985864307e+02 1.567686246254488935e+02
1.276501063610787128e+02 1.529465907271438141e+02 1.566161623092934292e+02
1.276248313090418378e+02 1.529468423339966705e+02 1.564953681465724173e+02
1.276659347194583631e+02 1.530105217411194189e+02 1.564845490518996201e+02
1.276581349070198286e+02 1.530672476497632601e+02 1.565155424415013954e+02
1.279905533063427754e+02 1.530506644708250406e+02 1.566874814154029139e+02
1.282355611976486216e+02 1.529848464054529984e+02 1.568132047851048867e+02
1.283681351357533345e+02 1.529946361993641233e+02 1.569095244630481147e+02
1.285379926347812045e+02 1.531012488849241890e+02 1.570923968983736927e+02
1.287667147007022095e+02 1.531540062672979730e+02 1.572114869965003834e+02
1.287406276447311200e+02 1.533025572405590253e+02 1.573106315332006773e+02
1.287073583567785136e+02 1.534365607630549562e+02 1.575650861181637197e+02
1.287638784052700203e+02 1.535287403646011910e+02 1.576867952148951133e+02
1.288303826711498346e+02 1.537092225348246757e+02 1.577308835975205170e+02
1.288066973169560185e+02 1.537749491067956740e+02 1.578204442004620489e+02
1.288496534687435542e+02 1.539370754134357924e+02 1.576679933209817364e+02
1.289412612365333075e+02 1.540530432992520389e+02 1.575608316750154358e+02
1.290360026533086284e+02 1.541556988952171707e+02 1.575347103090189762e+02
1.290205288318580017e+02 1.544221619890665522e+02 1.575268533132047821e+02
1.290954047439328463e+02 1.545332692879526064e+02 1.575664813925295675e+02
1.291619433198380591e+02 1.546933369930693800e+02 1.579015988471831520e+02
1.292353896475216857e+02 1.547414396486653345e+02 1.580982867860655574e+02
1.293326356961504189e+02 1.548109403234291790e+02 1.582264347308950221e+02
1.294635284430110573e+02 1.548377821999588377e+02 1.583334705734348802e+02
1.294865161600219494e+02 1.548425398568128344e+02 1.583287815366316806e+02
1.295906585237539730e+02 1.548803952514924731e+02 1.585537866831354847e+02
1.298987511150758110e+02 1.548415219927262854e+02 1.588253962807932567e+02
1.300942953864452534e+02 1.548048331389098564e+02 1.589625448889498784e+02
1.301770397310093870e+02 1.547910748187287027e+02 1.590890688259109425e+02
1.302058144056360049e+02 1.547484617671950389e+02 1.590601797845330339e+02
1.303067659370067872e+02 1.548396463780049999e+02 1.589012671836043751e+02
1.305119513255106369e+02 1.549512797639470136e+02 1.586198449186852315e+02
1.306935771632471130e+02 1.550302042590178075e+02 1.586154646721105337e+02
1.307656625265902619e+02 1.550682998238752077e+02 1.585558910313593515e+02
1.308408357922184848e+02 1.551647681785951249e+02 1.585830531347926637e+02
1.309030856149500153e+02 1.552466890825499206e+02 1.587477298199867448e+02
1.309540931860289561e+02 1.553093391889109967e+02 1.588832086735744156e+02
1.310689402776824863e+02 1.554650380841281958e+02 1.590845856492600490e+02
1.311757588233948582e+02 1.555834762917724561e+02 1.592241817058944662e+02
1.312558384226537669e+02 1.556933369930693800e+02 1.594267709691438597e+02
1.312809533612388293e+02 1.558406413687412737e+02 1.594386422379285762e+02
1.312663258537477873e+02 1.559454584963059460e+02 1.595918136279420878e+02
1.312787346462636435e+02 1.560843569157574393e+02 1.596996271643907619e+02
1.312845559139047111e+02 1.561873899220018700e+02 1.597331938058967467e+02
1.313447013884123749e+02 1.562772250051465051e+02 1.598726869324549966e+02
1.313619364578329680e+02 1.564091013060682940e+02 1.599256730483313902e+02
1.312701800132665539e+02 1.565685857407534343e+02 1.599256844850065136e+02
1.313613989341018851e+02 1.567126878473890201e+02 1.600432535053409140e+02
1.313744024337244696e+02 1.568044214186051875e+02 1.601013403783252045e+02
1.314326151101351741e+02 1.568173219881516047e+02 1.601464466250371572e+02
1.316048400009149475e+02 1.567569477801413598e+02 1.602622200873761926e+02
1.316463780049863885e+02 1.567122990004345979e+02 1.603055879594684257e+02
1.318184656556645962e+02 1.566146183581509206e+02 1.603507285162057769e+02
1.318180768087101740e+02 1.565257096456917907e+02 1.603156636702577771e+02
1.318942908117751927e+02 1.564083007388092028e+02 1.603218852215283903e+02
1.317598641322994695e+02 1.562976852169537381e+02 1.604414899700359172e+02
1.316649397287220609e+02 1.562285848258194392e+02 1.605144102106635557e+02
1.315808572931677247e+02 1.562078615704842264e+02 1.605555822411308498e+02
1.314948534961915811e+02 1.562289736727738614e+02 1.605857064434227652e+02
1.315477595553420826e+02 1.562811020380155185e+02 1.607651936229099476e+02
1.315179784533040674e+02 1.563849699215444105e+02 1.607676639447379898e+02
1.315651204281891182e+02 1.563758892014913329e+02 1.608281868295249240e+02
1.315609346050916031e+02 1.564819529266451639e+02 1.608455934490724815e+02
1.316156133488872229e+02 1.565250120085088952e+02 1.608365470390448024e+02
1.316380521054918802e+02 1.566212401930510794e+02 1.609212241817058953e+02
1.317362016514559002e+02 1.567020746128685573e+02 1.609779729636999832e+02
1.318908483725611234e+02 1.567799583705025270e+02 1.610580983096594139e+02
1.319384592511265168e+02 1.568000983554061065e+02 1.610836821519247906e+02
1.319444063221939984e+02 1.568412475125231538e+02 1.611300235595507786e+02
1.319444749422447956e+02 1.568382511036391520e+02 1.611474759257988580e+02
1.320361055833847956e+02 1.568675747386719763e+02 1.608132505318053802e+02
1.321220636336604173e+02 1.569068025343672161e+02 1.606433015393764663e+02
1.322195041057663616e+02 1.569412040531576622e+02 1.605838308287014797e+02
1.322660513735446841e+02 1.569874997140831283e+02 1.604591253230860843e+02
1.323171390013495170e+02 1.569900043459365406e+02 1.604374985704156131e+02
1.319583476291772399e+02 1.570189162606646960e+02 1.603874516800475760e+02
1.316366682678011841e+02 1.569293099110226706e+02 1.602815137583201874e+02
1.314626706923763209e+02 1.568012648962693447e+02 1.601416432214826386e+02
