1.372714265801107274e+02 1.612676032498307279e+02 1.705564638177545760e+02
1.373176649806842136e+02 1.612692361304711426e+02 1.705992771516189350e+02
1.373100183201242714e+02 1.612639392249790831e+02 1.705927655422358384e+02
1.372961687044486041e+02 1.612522004062288374e+02 1.705774821777052068e+02
1.372002070970568184e+02 1.612345971563981095e+02 1.701352702218327977e+02
1.370963001314269718e+02 1.612377633517862137e+02 1.695311442112389955e+02
1.368367617189055636e+02 1.613757716356684853e+02 1.685607252379624867e+02
1.366882591899318982e+02 1.613651280417380178e+02 1.682080728025807446e+02
1.364002847584531537e+02 1.613436915050380378e+02 1.679150603369309920e+02
1.361690230594607556e+02 1.613187104225576434e+02 1.677133497948942704e+02
1.360629654705484199e+02 1.613586960850691128e+02 1.676584690748337323e+02
1.360098669799673416e+02 1.614376020550400312e+02 1.677073260583854335e+02
1.360816639451989261e+02 1.614489824365765287e+02 1.677749014297662313e+02
1.360593512286431235e+02 1.614700605360627605e+02 1.678208909156079471e+02
1.361354295272611523e+02 1.615625871201561097e+02 1.678498347206181052e+02
1.361749273168983336e+02 1.615734895854076285e+02 1.678836373411924114e+02
1.362104424708271893e+02 1.616679079214624153e+02 1.678949978095503468e+02
1.362577960093990157e+02 1.617055239157274400e+02 1.679849058106655093e+02
1.362526086263889340e+02 1.618423573220757419e+02 1.679595264646142709e+02
1.362952526982356858e+02 1.620190768250428164e+02 1.678108646302122793e+02
1.363764785535067006e+02 1.620978334461746897e+02 1.678116611573539387e+02
1.363934246684455900e+02 1.621816878410131721e+02 1.678795850093592037e+02
1.364485941295949658e+02 1.622523298418893489e+02 1.679358496953283577e+02
1.364956987534350219e+02 1.623435023298418969e+02 1.679568680552789885e+02
1.366603110438488216e+02 1.623749352821697300e+02 1.680321299135767958e+02
1.366866760922378319e+02 1.624484945637022690e+02 1.680872695049583854e+02
1.367458381456848144e+02 1.625099267195029711e+02 1.681837289418136834e+02
1.367575470946672453e+02 1.624836413238280954e+02 1.682002767931817289e+02
1.367576566171492232e+02 1.623860368792066708e+02 1.681418614839300574e+02
1.367726412840017645e+02 1.622662889800469941e+02 1.680257377832649581e+02
1.367661097614401342e+02 1.620830678242861040e+02 1.679458660241347729e+02
1.367508662232665699e+02 1.618607670556374103e+02 1.678967700824405540e+02
1.367053247839420180e+02 1.617679716436337571e+02 1.676741805727030226e+02
1.366642438966107704e+02 1.616285395674857739e+02 1.675030865426739410e+02
1.365576984348241751e+02 1.614855729021466288e+02 1.673899697319686197e+02
1.364722012027559970e+02 1.613431638058066824e+02 1.672634712652833571e+02
1.364330718069218165e+02 1.613249034210840875e+02 1.672218527221315014e+02
1.364782249392648055e+02 1.613384543390816077e+02 1.673078876100203161e+02
1.365837846987136004e+02 1.614262117169142527e+02 1.674501075311641216e+02
1.366339161256919965e+02 1.615024891473177036e+02 1.676038870524513129e+02
1.367095762475606477e+02 1.615340814050738913e+02 1.676707455494045860e+02
1.367032637699629731e+02 1.616190111115536183e+02 1.677229977298976564e+02
1.365771536102592734e+02 1.616780536859293420e+02 1.676842865108128535e+02
1.365220837150025943e+02 1.617160380739973675e+02 1.677622764745708821e+02
1.365144071846748091e+02 1.618356465809072517e+02 1.677990262455693085e+02
1.365004380899279113e+02 1.619701700585447384e+02 1.678292245808275993e+02
1.365125652156597198e+02 1.620476721494284789e+02 1.679340276394918021e+02
1.366374507148831015e+02 1.621799255247122460e+02 1.678853897009040566e+02
1.366806523557290234e+02 1.622466048030586592e+02 1.678320721653590226e+02
1.367147337608028863e+02 1.623297124537018590e+02 1.677505973953562375e+02
1.367454199689354368e+02 1.624548269544784773e+02 1.677774403600302549e+02
1.368078577402525013e+02 1.626225656139232854e+02 1.678108248038551835e+02
1.368117308534788208e+02 1.627084013700266780e+02 1.679119339678999552e+02
1.368839957784061596e+02 1.627916583695089514e+02 1.680161197180293868e+02
1.369392050659126312e+02 1.627268111035883464e+02 1.682010235373770399e+02
1.368650583456131358e+02 1.625097674140746449e+02 1.680422657214544699e+02
1.368068421681468863e+02 1.623381456848142079e+02 1.679793898602094941e+02
1.367503285674459335e+02 1.622214743717392196e+02 1.678017443944402487e+02
1.367624158668206746e+02 1.621876617945756607e+02 1.676086861284798317e+02
1.367451312278465991e+02 1.621639053725755844e+02 1.674413158628380245e+02
1.365404834919749817e+02 1.619630809669839380e+02 1.670360030268031437e+02
1.364963658449161699e+02 1.619018778127364726e+02 1.669838205424349837e+02
1.364892966665339031e+02 1.618061352503086425e+02 1.671856406069536831e+02
1.364811521765104203e+02 1.617914592377235294e+02 1.672574077024174528e+02
1.365699649528057762e+02 1.618103966705165533e+02 1.674239416145605048e+02
1.366159544386474920e+02 1.618744474092954704e+02 1.675667091481142279e+02
1.366663546935361921e+02 1.619211238997968962e+02 1.676520172049862651e+02
1.367940877772909971e+02 1.619426600023895730e+02 1.676841670317415947e+02
1.368140706519574792e+02 1.619286311681070458e+02 1.676962642877056169e+02
1.368238380660320956e+02 1.619595463777928330e+02 1.677430503006889921e+02
1.368119399418535238e+02 1.620027480186387265e+02 1.677174718228523602e+02
1.367847086701979435e+02 1.620687303357361770e+02 1.677608526823051420e+02
1.366281014775578342e+02 1.621561193197658213e+02 1.677836831415030474e+02
1.364803158230116651e+02 1.622275578477836575e+02 1.676358974869568783e+02
1.362506073519455185e+02 1.622243020430921092e+02 1.675241148592138245e+02
1.359673921701381971e+02 1.621609283523836211e+02 1.674158767772511851e+02
1.358265562149030359e+02 1.621245569317774482e+02 1.673418893623800159e+02
1.359471504241506921e+02 1.621039866183440097e+02 1.675377553865147888e+02
1.361064956788402469e+02 1.620178621211517793e+02 1.676670516547851264e+02
1.362193137918674495e+02 1.619718328089529678e+02 1.678456031701780375e+02
1.362464753673981477e+02 1.619570572304751295e+02 1.678633059859014622e+02
1.361691923214783628e+02 1.618292544505954140e+02 1.678386534708670297e+02
1.362463260185590741e+02 1.616562188856585180e+02 1.675041021147795561e+02
1.363147178302600651e+02 1.613859074435461309e+02 1.672877952128718846e+02
1.363868134931697682e+02 1.612375642200007917e+02 1.671294157473415964e+02
1.363938229320164055e+02 1.611271456449878485e+02 1.669154088175554591e+02
1.363513879485443567e+02 1.610095782388785040e+02 1.667989764626229601e+02
1.362659404994225270e+02 1.608968099087976498e+02 1.665305866422398253e+02
1.361479350033852427e+02 1.608644709068461509e+02 1.662371659564299762e+02
1.359959177983989775e+02 1.607846389740730331e+02 1.661212513441395515e+02
1.359573459715639672e+02 1.607699430483093579e+02 1.660782787048468663e+02
1.359649926321239377e+02 1.607754988251224688e+02 1.660381536500856328e+02
1.359970926759329188e+02 1.607441753952765850e+02 1.661171492293599954e+02
1.359080907244414220e+02 1.607904237524393523e+02 1.661967521605798765e+02
1.359426500458003204e+02 1.608543749253255726e+02 1.662024373730534990e+02
1.359705185391692339e+02 1.608935341909275678e+02 1.663290553188099921e+02
1.360014835318013411e+02 1.609890577083914138e+02 1.664384583217173201e+02
1.360550001991317970e+02 1.610993468477438455e+02 1.664264606316460231e+02
1.360466466207336111e+02 1.611976681667927949e+02 1.664163945198932595e+02
1.360409813214385224e+02 1.612029352025170397e+02 1.664294476084272674e+02
1.360371978175156187e+02 1.612804970329364096e+02 1.664783942012824127e+02
1.360679437651837986e+02 1.612922856346330036e+02 1.664456967621171657e+02
1.363313851606993410e+02 1.613092417061611457e+02 1.664054820980524880e+02
1.365816739017882071e+02 1.613471563981042607e+02 1.664603030785773967e+02
1.368223844039985693e+02 1.613361244971922304e+02 1.665681130272014059e+02
1.369105599585805919e+02 1.613908259986459086e+02 1.665824306025727708e+02
1.369957286232028366e+02 1.614325640208690231e+02 1.666305806682862851e+02
1.370419371540085365e+02 1.614114261818471334e+02 1.667232665578079605e+02
1.367684296467402021e+02 1.612838822732884694e+02 1.666466008204229468e+02
1.365216257118961209e+02 1.612191644430284043e+02 1.667062208769763743e+02
1.364458560675454919e+02 1.611452467242821172e+02 1.667407304153888958e+02
1.363634752479190695e+02 1.611074714245887947e+02 1.666956668923493510e+02
1.362892687880839446e+02 1.610005675255884228e+02 1.666176570154127887e+02
1.363127065992273685e+02 1.609299952208371565e+02 1.665531184037596120e+02
1.364222191246166744e+02 1.608044525867218795e+02 1.665575092596280342e+02
1.364666255127643524e+02 1.607927436377394486e+02 1.665784380102751925e+02
1.364853239874148585e+02 1.607885419570671957e+02 1.665945875980723940e+02
1.362941076904695592e+02 1.609129296268270366e+02 1.666094726990322101e+02
1.362634314389262897e+02 1.609980883348600003e+02 1.667243219562706713e+02
1.361859193914532682e+02 1.611167210960213367e+02 1.668953861165319097e+02
1.360972758771755196e+02 1.612865108128559370e+02 1.669447210163686464e+02
1.360672069775777686e+02 1.614379107093074310e+02 1.670333147477000182e+02
1.362222111593452496e+02 1.614652116770878933e+02 1.671143414711856394e+02
1.363531303516667208e+02 1.614783245051575022e+02 1.672387291409454804e+02
1.364742323469672272e+02 1.614981480743956297e+02 1.672786849336891066e+02
1.365612031542474938e+02 1.615548707634712571e+02 1.674088075988689184e+02
1.365907045282567935e+02 1.616333983830498937e+02 1.673963718188697385e+02
1.365920287546298084e+02 1.616621629694531919e+02 1.673978553506710796e+02
1.365718766179457475e+02 1.617321777052053164e+02 1.673528714803456978e+02
1.366075809470707725e+02 1.617764646142817355e+02 1.673983133537775245e+02
1.367811143414711808e+02 1.618846230435302118e+02 1.673804412760364926e+02
1.368470369190330302e+02 1.620251403879087206e+02 1.675006471783026143e+02
1.367019893265363066e+02 1.621143116014178247e+02 1.674810725237962572e+02
1.366558704050340509e+02 1.621476661754749387e+02 1.673894320761479833e+02
1.365924867577362818e+02 1.620294217212951651e+02 1.672518120992472745e+02
1.364752080927157465e+02 1.618761201162929524e+02 1.670871201561193118e+02
1.364444820582261286e+02 1.617458680154526292e+02 1.669880520928750514e+02
1.363216476163925392e+02 1.616354394838504049e+02 1.669620156119319745e+02
1.362074057110995966e+02 1.615109024652514904e+02 1.668951272452108867e+02
1.361182046278227062e+02 1.613906766498068350e+02 1.669295870006770599e+02
1.360397566609582327e+02 1.613038850611334567e+02 1.669024552949141764e+02
1.360101557210562078e+02 1.612531363256202894e+02 1.668711019953004779e+02
1.361824246286192306e+02 1.612884623043530326e+02 1.667059022661197218e+02
1.363317535545023702e+02 1.613972878250826284e+02 1.665814847265920662e+02
1.364899936277828658e+02 1.614181468796049330e+02 1.665620195945676869e+02
1.365565136007009528e+02 1.614869966944123689e+02 1.665288541957067139e+02
1.366578915926560285e+02 1.615723246644629398e+02 1.665047791628499851e+02
1.366644330718069114e+02 1.616223963519056781e+02 1.667121649607710481e+02
1.366670815245529411e+02 1.616808813572822601e+02 1.669710561949898420e+02
1.366677087896770217e+02 1.617419451192799329e+02 1.670959018678561563e+02
1.367037914691943001e+02 1.617856147198215808e+02 1.672705404436656238e+02
1.366686944920148221e+02 1.618827014218009595e+02 1.673071707355928197e+02
1.366702775897088600e+02 1.620186188219363714e+02 1.672458879286311628e+02
1.366582599864590293e+02 1.621302819706081380e+02 1.673083256999482273e+02
1.366726373013660520e+02 1.621607889601338286e+02 1.673487494523875796e+02
1.365939503763590608e+02 1.622040702536938852e+02 1.673470070492652155e+02
1.365779600939902139e+02 1.623074594766816574e+02 1.673177147636305619e+02
1.367492632123939700e+02 1.623839758652275975e+02 1.674516209327332774e+02
1.368949082002469311e+02 1.624758154446612650e+02 1.676369329722410271e+02
1.369668146879604933e+02 1.624976203751642743e+02 1.677210661515791230e+02
1.370140188776932462e+02 1.624242104424708373e+02 1.677291210322991617e+02
1.370646979170815314e+02 1.622987175913019371e+02 1.677585726233621415e+02
1.369415349078019801e+02 1.621791588673384013e+02 1.675843123979449558e+02
1.368318630769843480e+02 1.621391234218806119e+02 1.675466864470906785e+02
1.368537377036122393e+02 1.620449639571468481e+02 1.674018081166115621e+02
1.367826078298618029e+02 1.619507746226452696e+02 1.672857142857142776e+02
1.366775359432872676e+02 1.617859432872675143e+02 1.671062865904655723e+02
1.366732844796686379e+02 1.616536500856266798e+02 1.670462384005734862e+02
1.367379624835716356e+02 1.616099008323708688e+02 1.670946672507865571e+02
1.367720438886454986e+02 1.615775917001871846e+02 1.671188119797682248e+02
1.367971344936078708e+02 1.616192898960532034e+02 1.670989585407622826e+02
1.368718786092636037e+02 1.616622724919351697e+02 1.671852323867935866e+02
1.369373730534867946e+02 1.617846588872515952e+02 1.671671711338563853e+02
1.371106674897447135e+02 1.618783802620574193e+02 1.672161475964793453e+02
1.371661655183400512e+02 1.619213130749930372e+02 1.672427117766537776e+02
1.372523397984786300e+02 1.619863594726990357e+02 1.673242064598351249e+02
1.372284439842287611e+02 1.620237564220000763e+02 1.673644709068461509e+02
1.371094129594965807e+02 1.620634533434226796e+02 1.673531701780238166e+02
1.369371639651121200e+02 1.620834860010354816e+02 1.673289955792743626e+02
1.368780417380222332e+02 1.621418913536978721e+02 1.673078278704846866e+02
1.368050798518459601e+02 1.622801684654904477e+02 1.673782010434505594e+02
1.368746764108487071e+02 1.623864251861882053e+02 1.674618363933251146e+02
1.368647994742920844e+02 1.624962463658449110e+02 1.676489406189015767e+02
1.367425226014576367e+02 1.624760046198574344e+02 1.678736110557967152e+02
1.366479150902067090e+02 1.625042415070293487e+02 1.680045402047074674e+02
1.366626906686845473e+02 1.625174837707594975e+02 1.680545621092038573e+02
1.366455454219602643e+02 1.626081285594806616e+02 1.681275239953801304e+02
1.366635170655940215e+02 1.627334521486319545e+02 1.679943147875263776e+02
1.367179696523159009e+02 1.627232267314508647e+02 1.678573818152853505e+02
1.366761918037357191e+02 1.626023935640606908e+02 1.676562188856585180e+02
1.365929746306105415e+02 1.623988609661874136e+02 1.675297303755625364e+02
1.365602871480345755e+02 1.622617886016965940e+02 1.673595623083356543e+02
1.367119160460392777e+02 1.619967143255406370e+02 1.673818750248914853e+02
1.369700704926520416e+02 1.617112389979688487e+02 1.674068660639611323e+02
1.369847564618264357e+02 1.615072583535784077e+02 1.672544008124576749e+02
1.369836214106495618e+02 1.612675235971165648e+02 1.671339061691027155e+02
1.368650384324345737e+02 1.610327472221115954e+02 1.670706818272332725e+02
1.365349874546975286e+02 1.609317177107809869e+02 1.669269584611095638e+02
1.362013321916444397e+02 1.609337388984029644e+02 1.668044227169540932e+02
1.360761380381536583e+02 1.609296766099804756e+02 1.667613505117686827e+02
1.359897247998725618e+02 1.609043570034648951e+02 1.667494125612330151e+02
1.359355808674180537e+02 1.608675972758771877e+02 1.667596479350033860e+02
1.359463937233661284e+02 1.609067067585328061e+02 1.667455892309530441e+02
1.359857322075749835e+02 1.608883368513282051e+02 1.667173623003703824e+02
1.359363276116133648e+02 1.608539467919869423e+02 1.667249890477517908e+02
1.359157772113584883e+02 1.608535684415946605e+02 1.666904396829822019e+02
1.358414910988092004e+02 1.608186108566649466e+02 1.666258313752041147e+02
1.358223943605878503e+02 1.607888008283882186e+02 1.666805527898363266e+02
1.358530606555418387e+02 1.607730495041618610e+02 1.666356485722251080e+02
1.358029391851527237e+02 1.607485164681986589e+02 1.665875781592257852e+02
1.357700326576128020e+02 1.607185371779043237e+02 1.665190071289179059e+02
1.357742542514636170e+02 1.606694711059779479e+02 1.665792444940061330e+02
1.357131008801625001e+02 1.607476900712891847e+02 1.665412103229917591e+02
1.356600322593492365e+02 1.608808494961965891e+02 1.665895396073121333e+02
1.356173583177346700e+02 1.610158210203512681e+02 1.666647516826635922e+02
1.356493986220080501e+02 1.611185132820900776e+02 1.666785116890358154e+02
1.356739615277390669e+02 1.610527101835995154e+02 1.667031343343024332e+02
1.357314309610100054e+02 1.609899239316579838e+02 1.665519136564578560e+02
1.357803974670436844e+02 1.608543350989685052e+02 1.664945238759010806e+02
1.358457027360707343e+02 1.607187562228683078e+02 1.664012007646660436e+02
1.359509737544306915e+02 1.606515592018797918e+02 1.663262973435819845e+02
1.360480405432315081e+02 1.606364152295989527e+02 1.662731789398223725e+02
1.359311900115496314e+02 1.604992134294476216e+02 1.662089987653829439e+02
1.358874308017045678e+02 1.603899597753793387e+02 1.662000278784499585e+02
1.357878848221753287e+02 1.604112270500617399e+02 1.662126926600024035e+02
1.357245011748775312e+02 1.604498387032538176e+02 1.661701182842805338e+02
1.357310227408498804e+02 1.604864889083595472e+02 1.662133199251264557e+02
1.356755944083794532e+02 1.605896491297941111e+02 1.662362499502170579e+02
1.357657114978692903e+02 1.606589967740650877e+02 1.662652534947628453e+02
1.358461308694093645e+02 1.606931180054960464e+02 1.663394997809550375e+02
1.358533195268628901e+02 1.607387590107132951e+02 1.663044127603648121e+02
1.359272969851447783e+02 1.608843840853877225e+02 1.663572623362141201e+02
1.359828746664542507e+02 1.609508343621808990e+02 1.664308415309251643e+02
1.361461029909594060e+02 1.609897247998725618e+02 1.665982914492811346e+02
1.363037456688836642e+02 1.610415886733840409e+02 1.667476900712891847e+02
1.364208849416543785e+02 1.611561989724799844e+02 1.669320960611732971e+02
1.364992034728583405e+02 1.611935560954239577e+02 1.670044804651718380e+02
1.365674160659524432e+02 1.613571926400892096e+02 1.670126349117846303e+02
1.366367437970448862e+02 1.614839499780954952e+02 1.670544625433111605e+02
1.366250448046517079e+02 1.615764964753674064e+02 1.671309191923214712e+02
1.365402246206539587e+02 1.617317097455095904e+02 1.671641244175395400e+02
1.366001931578318533e+02 1.618409036600422155e+02 1.672516926201760441e+02
1.365145167071567869e+02 1.618602692261738696e+02 1.672692460870604236e+02
1.364577840614919069e+02 1.618122983790672720e+02 1.672053048707634844e+02
1.364605719064877007e+02 1.617036719901230697e+02 1.671057987175913127e+02
1.364600342506670927e+02 1.615735592815325106e+02 1.670003385240352145e+02
1.363710522123541296e+02 1.614714942849177532e+02 1.669032916484129316e+02
1.363554203671990024e+02 1.613625891114739659e+02 1.668788183519853305e+02
1.365413298020630180e+02 1.612526882791030971e+02 1.668757716356684853e+02
1.366563682344975916e+02 1.611577621569954886e+02 1.669184854036401191e+02
1.367885021307100999e+02 1.611045441873431798e+02 1.669063483213190580e+02
1.367507567007845921e+02 1.610499522083715078e+02 1.669451889760643724e+02
1.368707236449081961e+02 1.611107570990481577e+02 1.669960771038273037e+02
1.369591879405790849e+02 1.611677784858019038e+02 1.670962702616591571e+02
1.369557728304592104e+02 1.612350153331474871e+02 1.671551634871958356e+02
1.369016786809510506e+02 1.613040045402047156e+02 1.672153510693376859e+02
1.368926380978931832e+02 1.613108546736229982e+02 1.671426480544824642e+02
1.369217013819746001e+02 1.613237484567286515e+02 1.671815086224063123e+02
1.368530208291847430e+02 1.613305388506113331e+02 1.672749611693018323e+02
1.368924190529292275e+02 1.614030327770918802e+02 1.672740352064996614e+02
1.368900792544505975e+02 1.614642160181608119e+02 1.672275678043729386e+02
1.368923095304472497e+02 1.615338125771635589e+02 1.672421442510653549e+02
1.367211955872396345e+02 1.616139432076147955e+02 1.673232108009080434e+02
1.366488709227766947e+02 1.617399139750687027e+02 1.673248835079055254e+02
1.366086363455334833e+02 1.618434326337169864e+02 1.673173662830060948e+02
1.365850193157831711e+02 1.618582480385519204e+02 1.673467581345334452e+02
1.366307399737146113e+02 1.619426799155681351e+02 1.674232446533115706e+02
1.365933131546457560e+02 1.619997610418575107e+02 1.674647337608028863e+02
1.366752658409335197e+02 1.619956688836672072e+02 1.674991337767334301e+02
1.366692221912461775e+02 1.619353020829184686e+02 1.674367955713090907e+02
1.366543370902863614e+02 1.618027500099565827e+02 1.673742184077422337e+02
1.365860149747102525e+02 1.616132960293122096e+02 1.673128858178342568e+02
1.365816739017882071e+02 1.614638874507148785e+02 1.671930682225496696e+02
1.367956011788601813e+02 1.612663885459396909e+02 1.671489007925445094e+02
1.369151599028236888e+02 1.611421900513759908e+02 1.669571368831892926e+02
1.370193257397745867e+02 1.609912083316739029e+02 1.668373192879047338e+02
1.370600083635349904e+02 1.609015392887012581e+02 1.668071508224142860e+02
1.369995718666613698e+02 1.608576904695527503e+02 1.667229180771834933e+02
1.369677107809948495e+02 1.608820044605519968e+02 1.667282747222111539e+02
1.369368154844876244e+02 1.609355410410609863e+02 1.667477000278784374e+02
1.369448106256720621e+02 1.609786431160141831e+02 1.668457425624278017e+02
1.369659185949261087e+02 1.610334640965390918e+02 1.668760902465251377e+02
1.368536082679517278e+02 1.610988988012266532e+02 1.668776036480943219e+02
1.367121052212354186e+02 1.611625014934883779e+02 1.669694034011708936e+02
1.366066748974471352e+02 1.611507228483810650e+02 1.669596559002748108e+02
1.365494742920865008e+02 1.611746684455772822e+02 1.669602632522203294e+02
1.364366960054163940e+02 1.611202955115695659e+02 1.669544983870325439e+02
1.363847425226014707e+02 1.611073917718746316e+02 1.668519455175434985e+02
1.363753235891512929e+02 1.611544266995897772e+02 1.667949540005575670e+02
1.363145983511888062e+02 1.612362599068063105e+02 1.667297881237803097e+02
1.362697240033454023e+02 1.613139113465291246e+02 1.667309331315464647e+02
1.362213150663108934e+02 1.614122426221673550e+02 1.667333426261499767e+02
1.362522900155322816e+02 1.614622744832530259e+02 1.669039886096618659e+02
1.363771157752200338e+02 1.614545382133896112e+02 1.670251901708550690e+02
1.365427336811501959e+02 1.615230793739296757e+02 1.671766697200206977e+02
1.365811362459675706e+02 1.615796626707555106e+02 1.672713071010394685e+02
1.366089350432116021e+02 1.614461049822772623e+02 1.672513142697837338e+02
1.364164841291967036e+02 1.612745031661953874e+02 1.669482257357919366e+02
1.362239734756461758e+02 1.610655641403480729e+02 1.666315763272133381e+02
1.360925664104504449e+02 1.608657553068620700e+02 1.663575112509458620e+02
1.358604185750129432e+02 1.605779899637580286e+02 1.659945139193117996e+02
1.358423871918435566e+02 1.604189334501573114e+02 1.658482217531562526e+02
1.357846290174837804e+02 1.602365984308415250e+02 1.659229061292763561e+02
1.356753952765940596e+02 1.600816440320203924e+02 1.658260384722609331e+02
1.356141025130431217e+02 1.599023656856107323e+02 1.657957306145206928e+02
1.355468756222868194e+02 1.598496555020112169e+02 1.657741049026245435e+02
1.355522720936716041e+02 1.598466286988729053e+02 1.658396989127404595e+02
1.354444322752797802e+02 1.598992492731689765e+02 1.658307877653431035e+02
1.353753634155083887e+02 1.599062487554263328e+02 1.658398582181687857e+02
1.353506810307061130e+02 1.598923593133935981e+02 1.659142638097893325e+02
1.352610717272690977e+02 1.599441136644231278e+02 1.658912840017523536e+02
1.352379425703930735e+02 1.599400215062328243e+02 1.659279740332151789e+02
1.353277908319726066e+02 1.600046995101358220e+02 1.659882910510175691e+02
1.354463140706519653e+02 1.600263252220319430e+02 1.660195746545063571e+02
1.355310844717033660e+02 1.600150344497988897e+02 1.660317615197737950e+02
1.356212015611932031e+02 1.600328667011828543e+02 1.660324883507905440e+02
1.356131068541160403e+02 1.599865785176629913e+02 1.660172248994384461e+02
1.352664283722967866e+02 1.600175932932414753e+02 1.659028933848420877e+02
1.351250846310088036e+02 1.601284300450037961e+02 1.658523139113465277e+02
1.350586144410370650e+02 1.602221812895774349e+02 1.659022163367716871e+02
1.349915169859413027e+02 1.602963280098769303e+02 1.659281333386435051e+02
1.349801565175833389e+02 1.603652574773985293e+02 1.659159962563224440e+02
1.350909534429885639e+02 1.603321418614839331e+02 1.659020570313433325e+02
1.351753753634154975e+02 1.602698036560595938e+02 1.658594328726751428e+02
1.352734676809112386e+02 1.601102990959416843e+02 1.658463499143733202e+02
1.353550320602174395e+02 1.600288342825281802e+02 1.657835835756103506e+02
1.354023656856107323e+02 1.599123222748815181e+02 1.656932175713887432e+02
1.354007128917917839e+02 1.598834282528177084e+02 1.656274244294874336e+02
1.354369050937910686e+02 1.598238579792106293e+02 1.655622585527101762e+02
1.353824624636584417e+02 1.597729598948584169e+02 1.654737245609144054e+02
1.353298817157194662e+02 1.597959297463061148e+02 1.655285754112071288e+02
1.353969891274045096e+02 1.598577203393205650e+02 1.656019156477757122e+02
1.354885399657493394e+02 1.598925783583575537e+02 1.656566868453542440e+02
1.355739575451033545e+02 1.598781114341471152e+02 1.657079732366880478e+02
1.356225556573340327e+02 1.599178282687482522e+02 1.656914751682663507e+02
1.356920825202118692e+02 1.599593970289537594e+02 1.657249392648054425e+02
1.357533553705842451e+02 1.599815205703134211e+02 1.658406945716675409e+02
1.357824983073798251e+02 1.600773726552232290e+02 1.659003644111673168e+02
1.358104663666414353e+02 1.602444541797761701e+02 1.659714245887928712e+02
1.359232147835437559e+02 1.603936238002309835e+02 1.660315026484527436e+02
1.360131028714803563e+02 1.605629654705484199e+02 1.661995101358078841e+02
1.360836353498745552e+02 1.607644270978533712e+02 1.663509697717949791e+02
1.362550081644031934e+02 1.608451949500179126e+02 1.664524473296427516e+02
1.364261619339679044e+02 1.610241148592138245e+02 1.666216695208889291e+02
1.365184296467402021e+02 1.611550141383567620e+02 1.667147337608028863e+02
1.365814747700027851e+02 1.612807260344896179e+02 1.668443088135728090e+02
1.366705065912620967e+02 1.613981540483491983e+02 1.669892369269982737e+02
1.367528177147636370e+02 1.614929507347962954e+02 1.670578079573061530e+02
1.367411585487275545e+02 1.614525966784818252e+02 1.670098669799673416e+02
1.367655422358516830e+02 1.613189692938786948e+02 1.670294914174200471e+02
1.367206977577760938e+02 1.611579911585487253e+02 1.669155880361623190e+02
1.366485622685092949e+02 1.610451730455215227e+02 1.668632661595443949e+02
1.366880998845035720e+02 1.610340913616631440e+02 1.666989525668087140e+02
1.367341690230594509e+02 1.609743418694492050e+02 1.664957485363813703e+02
1.367263531004819015e+02 1.609134971524154594e+02 1.664305229200685119e+02
1.366866362658807645e+02 1.608585069098729434e+02 1.662979111075709966e+02
1.366347126528336560e+02 1.608606475765661799e+02 1.661603608267951699e+02
1.366845553387231575e+02 1.608695089410171590e+02 1.663229121032299247e+02
1.366242980604563968e+02 1.608907363893424645e+02 1.665522123541359747e+02
1.366701481540483485e+02 1.610360528097494921e+02 1.666947409295471800e+02
1.366205245131227741e+02 1.610301186825440993e+02 1.667889103508701965e+02
1.366638257198613928e+02 1.611609183957943401e+02 1.668847026962443749e+02
1.367782568003504764e+02 1.612426321239396145e+02 1.669580528894022109e+02
1.368558982834840094e+02 1.613122286829423615e+02 1.669398124178581497e+02
1.368549424509140238e+02 1.614242004858815562e+02 1.669815504400812358e+02
1.369356306503644021e+02 1.614793002509060500e+02 1.670337229678601432e+02
1.369719224182564119e+02 1.615878768569039039e+02 1.670342307539129365e+02
1.368291847544705035e+02 1.616559002748018656e+02 1.671504838902385472e+02
1.366674598749452514e+02 1.617678222947946836e+02 1.672905233183320775e+02
1.365308355569715957e+02 1.617842506670914702e+02 1.674005038034171093e+02
1.365309948623999503e+02 1.618826815086223974e+02 1.675337428810386768e+02
1.365213967103429127e+02 1.619919451192799329e+02 1.675591520968577015e+02
1.365437492532558110e+02 1.620802700227010291e+02 1.677698235692381274e+02
1.365732506272651108e+02 1.621789298657851646e+02 1.679051236608387399e+02
1.365657831853120285e+02 1.621574037197817404e+02 1.679143832888605630e+02
1.365090405830578675e+02 1.619901031502648436e+02 1.678883667210960198e+02
1.364622545700744638e+02 1.618819447210163673e+02 1.678040244533832492e+02
1.363912640885738199e+02 1.617643574017284607e+02 1.676442411087657831e+02
1.364116352702218364e+02 1.615865526305308890e+02 1.675044705085825854e+02
1.363910848699669316e+02 1.614903918913537098e+02 1.673149169620454870e+02
1.364564996614759593e+02 1.613981739615277320e+02 1.672531861085666378e+02
1.364220399060097861e+02 1.613094707077143539e+02 1.672264327531960646e+02
1.363537974431478688e+02 1.612857541120713734e+02 1.670952447329642894e+02
1.364121530128639108e+02 1.612616093830897341e+02 1.670665398860966206e+02
1.364094746903500663e+02 1.613503524632601795e+02 1.670794336692022739e+02
1.364748894818590941e+02 1.615104743319128602e+02 1.670559560317017826e+02
1.365005476124098891e+02 1.616211617348361074e+02 1.671074614679995136e+02
1.364928810386713849e+02 1.617263829702497162e+02 1.671215201720498555e+02
1.364953004898641780e+02 1.618505515950456015e+02 1.670923772352543040e+02
1.365532279262415898e+02 1.619574853638137597e+02 1.671245370185989145e+02
1.365610637619977012e+02 1.620708212194830651e+02 1.671363156637062275e+02
1.366146999083993876e+02 1.621319248078378337e+02 1.671740610936317637e+02
1.366434545382133763e+02 1.621745190967382086e+02 1.674467521605798765e+02
1.366532319088773022e+02 1.622609024652514904e+02 1.676557409693735394e+02
1.366808614441036980e+02 1.623732824883507817e+02 1.676771775060735195e+02
1.367665179816002308e+02 1.624573459715639672e+02 1.677935003385240407e+02
1.367735772033932165e+02 1.625765960412601032e+02 1.678846330001194929e+02
1.369694332709387083e+02 1.626996495280576767e+02 1.678554303237882834e+02
1.371225954836911001e+02 1.627673842048667723e+02 1.679503066629495436e+02
1.372846389740730331e+02 1.627939981679875814e+02 1.680061531721693484e+02
1.373137022581544500e+02 1.628153550519733983e+02 1.680353757616790915e+02
1.372566609582221417e+02 1.627766338762993428e+02 1.680078258791668304e+02
1.371628698872914072e+02 1.626533314747699990e+02 1.678415110119877340e+02
1.370513560874586858e+02 1.624409574256242763e+02 1.676708152455294965e+02
1.368846330001194929e+02 1.623218069218208655e+02 1.675889422119558674e+02
1.368260882552073099e+02 1.621757437572185268e+02 1.674936576526345107e+02
1.367443147875263776e+02 1.620382532159783295e+02 1.674402405511967800e+02
1.367266318849814866e+02 1.618786690031462854e+02 1.673492373252618677e+02
1.368032577960094045e+02 1.617663188498148088e+02 1.671923214783543870e+02
1.367574674419530822e+02 1.615845015731410967e+02 1.671626607989167326e+02
1.367196224461348493e+02 1.615417778485801819e+02 1.670881357282249269e+02
1.366978075590425874e+02 1.615422059819188405e+02 1.670620992472818500e+02
1.367529670636026822e+02 1.615479011509817155e+02 1.670456708749850634e+02
1.368463698275518823e+02 1.616098610060137730e+02 1.670338125771635589e+02
1.369129097136485029e+02 1.617059520490660702e+02 1.670891811700983851e+02
1.370100063722171342e+02 1.617323569238121763e+02 1.671839280735991053e+02
1.370174837707594975e+02 1.617514437054442737e+02 1.672063602692261668e+02
1.367629933489983785e+02 1.618065036441116717e+02 1.672514835318013411e+02
1.366073021625711874e+02 1.618602592695846170e+02 1.673825819427297006e+02
1.365095881954677566e+02 1.618953064638177466e+02 1.675389601338165733e+02
1.363543251423792242e+02 1.619145425942888892e+02 1.676593352981002738e+02
1.363165199729180870e+02 1.619479469512923515e+02 1.677416862479589099e+02
1.364838802819706132e+02 1.621080389501772174e+02 1.675804791110757037e+02
1.366717909912780158e+02 1.621974391652395582e+02 1.674513122784658776e+02
1.367253275717870054e+02 1.623023915727428346e+02 1.674615974351825969e+02
1.368381655979927416e+02 1.623977060018320060e+02 1.674792106416026058e+02
1.369156378191086958e+02 1.625332848779322035e+02 1.675415289338484115e+02
1.370029073240670812e+02 1.626708550718865638e+02 1.677134891871440630e+02
1.370470050579473593e+02 1.627112887809151971e+02 1.677566310884543270e+02
1.370109323350193051e+02 1.626823051495479717e+02 1.677256561392329388e+02
1.369405392488748987e+02 1.625022103628181185e+02 1.676335975148353157e+02
1.369071448484607174e+02 1.623639133378469808e+02 1.675235572902146544e+02
1.366628599307021261e+02 1.621378091520968496e+02 1.673794754868772259e+02
1.365062626946513262e+02 1.619605818630769818e+02 1.673360647576566294e+02
1.364406487713568765e+02 1.617969751881795446e+02 1.671889860209486756e+02
1.363514476880799577e+02 1.617202795810267162e+02 1.672138077980007154e+02
1.362887510454418702e+02 1.616560297104623771e+02 1.672330339718826053e+02
1.365922079732366967e+02 1.616388048110239311e+02 1.672915189772591589e+02
1.368183718985224289e+02 1.616819068859771278e+02 1.673568043331076467e+02
1.370236468995180985e+02 1.617728005894300907e+02 1.673868234497590493e+02
1.371455155521924496e+02 1.618117109403002871e+02 1.674785435501214579e+02
1.372352642478792575e+02 1.618197956907881689e+02 1.675117786451073414e+02
1.372141861483929972e+02 1.618239276753355398e+02 1.675379545183002108e+02
1.371909574256242763e+02 1.618153749651519320e+02 1.676273945597196189e+02
1.371699091959058592e+02 1.618033474053128487e+02 1.676714026842964813e+02
1.371220777410490257e+02 1.618308076785216372e+02 1.676711637261539636e+02
1.370939404197698082e+02 1.618862658807598791e+02 1.676735333944004083e+02
1.370336034887888843e+02 1.618817455892309454e+02 1.675851587080329637e+02
1.369787128121390651e+02 1.620164881118324161e+02 1.676443307180692273e+02
1.370249512127125797e+02 1.621226651798160105e+02 1.676584093352981029e+02
1.371406169102712056e+02 1.622927934206857969e+02 1.678207515233581546e+02
1.372306543470468796e+02 1.624752080927157465e+02 1.679684176988330933e+02
1.372959397028953674e+02 1.626075809470707725e+02 1.680129336094627490e+02
1.371951192799394619e+02 1.627768031383169500e+02 1.679947130510972215e+02
1.372203592337408793e+02 1.628290652753992731e+02 1.680363614640168919e+02
1.371878808395396163e+02 1.629237524393643639e+02 1.681388944203273752e+02
1.371609183957943401e+02 1.629253654068262449e+02 1.681619140547214215e+02
1.370240252499103804e+02 1.627997232068182711e+02 1.680736090644788590e+02
1.368176351109163988e+02 1.625988888446373721e+02 1.679495599187542325e+02
1.366621530128639108e+02 1.623966705165478572e+02 1.677888008283882186e+02
1.365242442948743360e+02 1.622584431877016300e+02 1.676748874905412379e+02
1.364508542753594327e+02 1.621146003425066624e+02 1.675957027360707343e+02
1.366537596081086576e+02 1.619089071647616436e+02 1.675252399538014174e+02
1.367389083595523402e+02 1.617578258791668304e+02 1.674276653789477791e+02
1.367587617985582824e+02 1.616498566251144950e+02 1.673774642558445294e+02
1.367427117766537776e+02 1.615099665458600384e+02 1.672733979847863282e+02
1.367097255963996929e+02 1.614102114779561248e+02 1.671787008642319563e+02
1.366783324704289271e+02 1.613118901589071754e+02 1.671170596200565512e+02
1.367498307379823927e+02 1.612742442948743360e+02 1.671574734159066509e+02
1.367535445457803860e+02 1.612328746664542507e+02 1.671905193356963650e+02
1.367554163845632900e+02 1.611672408299812957e+02 1.671782329045362303e+02
1.367690170855071869e+02 1.611632581942729701e+02 1.672177605639412263e+02
1.367751403879087206e+02 1.611967621171691292e+02 1.673187303357361770e+02
1.367559938667410222e+02 1.612159484646939234e+02 1.673835776016567820e+02
1.366725178222947932e+02 1.612871978175156187e+02 1.673948285475327680e+02
1.366519873352184504e+02 1.613690409813214330e+02 1.674089071647616436e+02
1.366493986220080501e+02 1.614382791031104318e+02 1.674077522004062359e+02
1.364689553546537013e+02 1.615305667290612917e+02 1.674047154406786433e+02
1.362935102951132933e+02 1.615723147078736588e+02 1.673551614958779794e+02
1.361095025688000248e+02 1.615780198335258149e+02 1.673680751921621663e+02
1.358794257039308491e+02 1.616459237723525462e+02 1.673692898960532034e+02
1.358989306623123241e+02 1.616633179338085995e+02 1.673798339240909741e+02
1.359042375243936362e+02 1.617394957983193251e+02 1.673679557130909359e+02
1.358667708789677135e+02 1.617719642359313355e+02 1.672807658608467136e+02
1.358891433350591456e+02 1.617208172368473527e+02 1.672668963319925126e+02
1.358045621092038573e+02 1.616314966744991750e+02 1.671360966187422719e+02
1.357496813891433476e+02 1.614404695527500166e+02 1.669876637858935169e+02
1.356531821259309538e+02 1.612255864431080568e+02 1.669372237046477494e+02
1.356192500696961361e+02 1.610467660998048416e+02 1.668742582340993295e+02
1.355345194950018026e+02 1.608887351148990490e+02 1.668505018120992531e+02
1.355170655940101199e+02 1.608348600103548449e+02 1.668646302122744771e+02
1.354629714445019601e+02 1.607380321796965177e+02 1.667842108407344028e+02
1.354651121111951966e+02 1.606890158907164903e+02 1.666017762555259196e+02
1.355087518419690014e+02 1.607234358198255677e+02 1.664942152216336808e+02
1.354735752120753602e+02 1.607784658887251510e+02 1.663563662431797354e+02
1.355183499940260390e+02 1.607845095384125216e+02 1.664013401569158361e+02
1.355017424031223925e+02 1.607892687880839446e+02 1.663766677287028415e+02
1.355222430204309205e+02 1.608218965311243096e+02 1.664199888486200223e+02
1.358525130431319496e+02 1.608245350272810583e+02 1.664801565175833389e+02
1.361598829105101629e+02 1.608343024413557032e+02 1.666418017443944279e+02
1.364105699151698730e+02 1.608219363574813769e+02 1.666806921820860907e+02
1.365062527380620452e+02 1.608977259150105681e+02 1.666701581106376295e+02
1.364324644549762979e+02 1.609672527778884046e+02 1.666728563463300077e+02
1.361159444820582394e+02 1.610801605002190513e+02 1.667160281174080865e+02
1.360581663945199011e+02 1.611711736827432446e+02 1.667598669799673416e+02
1.360384324345852178e+02 1.612331036680074874e+02 1.668593532199609797e+02
1.359706380182404644e+02 1.612972340595005676e+02 1.668239973714604218e+02
1.359615277390577148e+02 1.613753036759727593e+02 1.668311362459675706e+02
1.360345394081803363e+02 1.614623541359671890e+02 1.669585308056872179e+02
1.360246126886773652e+02 1.615860448444780673e+02 1.670879764227966007e+02
1.360129634792305637e+02 1.616637659803257918e+02 1.670876578119399483e+02
1.360543131944721154e+02 1.617279959377115688e+02 1.672058126568162777e+02
1.360389103508701965e+02 1.616517981600223095e+02 1.672006451869847581e+02
1.360304671631685949e+02 1.615857461467999485e+02 1.671416026126090344e+02
1.360653251822055836e+02 1.614167529571070077e+02 1.669985164681986589e+02
1.360699251264486804e+02 1.613083456131267610e+02 1.669373232705404462e+02
1.360575490859851016e+02 1.612504281333386302e+02 1.668910749133776790e+02
1.361296248357162710e+02 1.611411943924489094e+02 1.669937173921701401e+02
1.362262236648213900e+02 1.609838802819706132e+02 1.670840037436775560e+02
1.362508263969094742e+02 1.609012903739694877e+02 1.671156159146122775e+02
1.362716157553068683e+02 1.608757019395436032e+02 1.671541877414472879e+02
1.362866900314628253e+02 1.609046357879644802e+02 1.672069775777609664e+02
1.364303636146401573e+02 1.609517901947508847e+02 1.672424429487434736e+02
1.364944043968298217e+02 1.610525707913497229e+02 1.671877215341112617e+02
1.365545720657931383e+02 1.610635728224939385e+02 1.672079234537416994e+02
1.365987793221553943e+02 1.611025429128997644e+02 1.672792325460989957e+02
1.366594746903500663e+02 1.611476462622963766e+02 1.673445079453582309e+02
1.367315106137241685e+02 1.612088693297224040e+02 1.673851606993508199e+02
1.368629774184555288e+02 1.612920267633119522e+02 1.673415906647018971e+02
1.370337329244493958e+02 1.614371540085228389e+02 1.673073997371460564e+02
1.371726671711338668e+02 1.614799872555657316e+02 1.672501493488390736e+02
1.372179497391373673e+02 1.615316022143454404e+02 1.672127723127165666e+02
1.372670855071886535e+02 1.616038770958620319e+02 1.671954179776175806e+02
1.371493388824724207e+02 1.616325520729618859e+02 1.673591640447648388e+02
1.371085566928193202e+02 1.616882094069855498e+02 1.675131725676052383e+02
1.370374168624796027e+02 1.617925245927754929e+02 1.675636226054402869e+02
1.369683081763511154e+02 1.618409833127563786e+02 1.676086562587120170e+02
1.370145266637460679e+02 1.618289557529172669e+02 1.676430662312318418e+02
1.370149348839061645e+02 1.617992552471225451e+02 1.676243577999920262e+02
1.368627683300808542e+02 1.616872934007726315e+02 1.674799573857979169e+02
1.368176550240949325e+02 1.612266916245171160e+02 1.673631964634194844e+02
1.368566848540363878e+02 1.611375004978294498e+02 1.672564618264367482e+02
1.370496933370504564e+02 1.610075968776135937e+02 1.670785276195786366e+02
1.372014218009478554e+02 1.609334700704926604e+02 1.668223346210522209e+02
1.372910808873312476e+02 1.607817416065952330e+02 1.666439623242661980e+02
1.373636942928830251e+02 1.607000079652714248e+02 1.665424150702935151e+02
1.373797244016089962e+02 1.605956828228922006e+02 1.664511529730375514e+02
1.373309172010036150e+02 1.605709506551435766e+02 1.665503006889959750e+02
1.373288561870245701e+02 1.605540543231510640e+02 1.665552092875064716e+02
1.374074933290851845e+02 1.606160639611294698e+02 1.666070831176072318e+02
1.374780357640686645e+02 1.606982356923812176e+02 1.667310127842606278e+02
1.375115795133219194e+02 1.607639989645147125e+02 1.668061750766657383e+02
1.372090087219721966e+02 1.608129156876020431e+02 1.667906925803496847e+02
1.370264247879246398e+02 1.608961926002628502e+02 1.668022820502608567e+02
1.368424668445577197e+02 1.610093791070930820e+02 1.667912700625273885e+02
1.367442052650443998e+02 1.610899776972400446e+02 1.667563523039547704e+02
1.367361902106814284e+02 1.611159743518260257e+02 1.668957744235134726e+02
1.367837229678601432e+02 1.612424429487434736e+02 1.669724999004341157e+02
1.368162810147755692e+02 1.613521645625074541e+02 1.670469353618224488e+02
1.369319666255127572e+02 1.614915667688876511e+02 1.670846807917479850e+02
1.369832331036679989e+02 1.615896889561511784e+02 1.671514397228085613e+02
1.370366800748735443e+02 1.616885778007885506e+02 1.672127723127165666e+02
1.370129535226412827e+02 1.617337110199530059e+02 1.674024951212712438e+02
1.369950416185431550e+02 1.617905133617427964e+02 1.675222430204309205e+02
1.369940658727946072e+02 1.617365486478951766e+02 1.676381178063642494e+02
1.369306224859612087e+02 1.616150185192560400e+02 1.675650364411167175e+02
1.368372894181369190e+02 1.613827910311043752e+02 1.674225377354733268e+02
1.365745250706917773e+02 1.610441574734159076e+02 1.674400712891791727e+02
1.365251304313194396e+02 1.608003106455852560e+02 1.674464136365446620e+02
1.363959835118881756e+02 1.605976044446214530e+02 1.674183061850332592e+02
1.362833147477000182e+02 1.603982337010633614e+02 1.672656119319765935e+02
1.361765104145923715e+02 1.602524592775498888e+02 1.672325660121868793e+02
1.364186247958899116e+02 1.601522262933609397e+02 1.670840833963917191e+02
1.365706619140547105e+02 1.601151877812736473e+02 1.669702795810267162e+02
1.365478812378031819e+02 1.601211617348361074e+02 1.667942869090764191e+02
1.366069735951252540e+02 1.601384165040423682e+02 1.667132104026444779e+02
1.366087757377832759e+02 1.600897984786331563e+02 1.667356027719144436e+02
1.366165120076466621e+02 1.602213548926679607e+02 1.666321836791588566e+02
1.367429208650284806e+02 1.603597315703532615e+02 1.665916404476482455e+02
1.367954916563782035e+02 1.604453582380819512e+02 1.665603568441594575e+02
1.368218069218208655e+02 1.604652017204986123e+02 1.664949918355968066e+02
1.367718447568600766e+02 1.604812915687602128e+02 1.664482954319168471e+02
1.366380082838822716e+02 1.605485781990521446e+02 1.663957843801027536e+02
1.366179756262694696e+02 1.606644728981640071e+02 1.663802521008403232e+02
1.366307499303038639e+02 1.606837986379385939e+02 1.664329921542076534e+02
1.366203950774622626e+02 1.606959058504918687e+02 1.664554940459596253e+02
1.365552491138635673e+02 1.607596379784141050e+02 1.664646640646780043e+02
1.365412999322952032e+02 1.607975626269465010e+02 1.665243339041777801e+02
1.366580210283165400e+02 1.607695945676848908e+02 1.666293062248596186e+02
1.366857401728463799e+02 1.608286371420606145e+02 1.667389282727309023e+02
1.367197220120275460e+02 1.608400175235971119e+02 1.667603847226094160e+02
1.367658907164761501e+02 1.608523736508821571e+02 1.668380759886893259e+02
1.368158827512047537e+02 1.608127165558166496e+02 1.668055079851845903e+02
1.368045720657931383e+02 1.606695408021028300e+02 1.666996296148791146e+02
1.367660898482615721e+02 1.605140089211039935e+02 1.666390039428093530e+02
1.368000418176749235e+02 1.604326635867617199e+02 1.666050320602174395e+02
1.368666115735393589e+02 1.603909653908957011e+02 1.665332052252180404e+02
1.369894360587836957e+02 1.603080867418057380e+02 1.664990142976621996e+02
